@relation mutagenesis-chains
@attribute Chains-bag-id {5262, 5148, 1274, 3073, 2589, 4459, 251, 2308, 5500, 1483, 4728, 5291, 1522, 2487, 49, 5187, 955, 52, 3307, 4907, 5378, 2168, 2179, 1174, 371, 4364, 136, 2817, 2246, 5319, 256, 4880, 3769, 1705, 5399, 4267, 2232, 2096, 5156, 5117, 401, 1322, 4014, 5292, 3695, 2370, 965, 5481, 1885, 2810, 1406, 2187, 4839, 2693, 3556, 3597, 748, 201, 79, 4169, 4251, 4933, 2748, 1442, 3057, 5207, 4077, 3243, 3962, 4993, 3980, 4531, 3191, 2492, 1961, 3503, 4890, 1415, 2875, 2972, 2205, 4638, 5200, 3001, 2642, 1950, 3771, 3443, 4524, 4504, 2841, 4986, 3399, 2195, 2665, 4716, 4886, 1494, 4002, 2521, 2519, 1434, 518, 2345, 3974, 1077, 4418, 364, 3439, 2166, 447, 5122, 4403, 1300, 3937, 1180, 534, 4090, 1165, 3349, 4429, 5180, 2714, 512, 2280, 3438, 1832, 4401, 3883, 4, 2165, 2139, 1410, 972, 1430, 4398, 2802, 1807, 4140, 5278, 3601, 580, 2421, 3265, 3350, 1636, 1136, 1433, 5160, 916, 2943, 2282, 4368, 5424, 4805, 3396, 3585, 263, 495, 4629, 2586, 2826, 2813, 5379, 1604, 572, 2648, 4772, 958, 2889, 472, 4710, 1154, 4271, 3495, 2447, 1480, 5146, 2852, 1665, 4945, 3129, 3232, 4520, 1248, 4458, 3103, 4835}
@attribute Bond1 real [1.0, 7.0]
@attribute Bond2 real [1.0, 7.0]
@attribute Charge1 real [-0.781, 1.002]
@attribute Charge2 real [-0.781, 1.002]
@attribute Charge3 real [-0.755, 0.597]
@attribute E1=br real [0.0, 1.0]
@attribute E1=c real [0.0, 1.0]
@attribute E1=cl real [0.0, 1.0]
@attribute E1=f real [0.0, 1.0]
@attribute E1=h real [0.0, 1.0]
@attribute E1=i real [0.0, 1.0]
@attribute E1=n real [0.0, 1.0]
@attribute E1=o real [0.0, 1.0]
@attribute E2=c real [0.0, 1.0]
@attribute E2=n real [0.0, 1.0]
@attribute E2=o real [0.0, 1.0]
@attribute E3=c real [0.0, 1.0]
@attribute E3=f real [0.0, 1.0]
@attribute E3=h real [0.0, 1.0]
@attribute E3=n real [0.0, 1.0]
@attribute E3=o real [0.0, 1.0]
@attribute Q1 real [1.0, 232.0]
@attribute Q2 real [10.0, 232.0]
@attribute Q3 real [1.0, 195.0]
@attribute Class {0, 1}
@inputs Chains-bag-id, Bond1, Bond2, Charge1, Charge2, Charge3, E1=br, E1=c, E1=cl, E1=f, E1=h, E1=i, E1=n, E1=o, E2=c, E2=n, E2=o, E3=c, E3=f, E3=h, E3=n, E3=o, Q1, Q2, Q3
@outputs Class
@data
4429, 1.0, 7.0, 0.808, -0.122, -0.122, 0.0, 0.0, 0.0, 0.0, 0.0, 0.0, 1.0, 0.0, 1.0, 0.0, 0.0, 1.0, 0.0, 0.0, 0.0, 0.0, 38.0, 22.0, 22.0, 0
4429, 1.0, 7.0, 0.138, -0.122, -0.122, 0.0, 0.0, 0.0, 0.0, 1.0, 0.0, 0.0, 0.0, 1.0, 0.0, 0.0, 1.0, 0.0, 0.0, 0.0, 0.0, 3.0, 22.0, 22.0, 0
4429, 7.0, 7.0, -0.122, -0.122, 0.208, 0.0, 1.0, 0.0, 0.0, 0.0, 0.0, 0.0, 0.0, 1.0, 0.0, 0.0, 1.0, 0.0, 0.0, 0.0, 0.0, 22.0, 22.0, 22.0, 0
4429, 1.0, 7.0, 0.808, -0.122, -0.122, 0.0, 0.0, 0.0, 0.0, 0.0, 0.0, 1.0, 0.0, 1.0, 0.0, 0.0, 1.0, 0.0, 0.0, 0.0, 0.0, 38.0, 22.0, 22.0, 0
4429, 1.0, 7.0, -0.392, 0.208, -0.122, 0.0, 0.0, 0.0, 0.0, 0.0, 0.0, 1.0, 0.0, 1.0, 0.0, 0.0, 1.0, 0.0, 0.0, 0.0, 0.0, 32.0, 22.0, 22.0, 0
4429, 7.0, 7.0, -0.122, -0.122, 0.208, 0.0, 1.0, 0.0, 0.0, 0.0, 0.0, 0.0, 0.0, 1.0, 0.0, 0.0, 1.0, 0.0, 0.0, 0.0, 0.0, 22.0, 22.0, 22.0, 0
4429, 1.0, 7.0, 0.138, -0.122, 0.208, 0.0, 0.0, 0.0, 0.0, 1.0, 0.0, 0.0, 0.0, 1.0, 0.0, 0.0, 1.0, 0.0, 0.0, 0.0, 0.0, 3.0, 22.0, 22.0, 0
4429, 1.0, 7.0, 0.138, -0.122, -0.122, 0.0, 0.0, 0.0, 0.0, 1.0, 0.0, 0.0, 0.0, 1.0, 0.0, 0.0, 1.0, 0.0, 0.0, 0.0, 0.0, 3.0, 22.0, 22.0, 0
4429, 1.0, 1.0, 0.208, -0.392, -0.292, 0.0, 1.0, 0.0, 0.0, 0.0, 0.0, 0.0, 0.0, 0.0, 1.0, 0.0, 0.0, 0.0, 0.0, 1.0, 0.0, 22.0, 32.0, 36.0, 0
4429, 1.0, 1.0, 0.208, -0.392, 0.308, 0.0, 1.0, 0.0, 0.0, 0.0, 0.0, 0.0, 0.0, 0.0, 1.0, 0.0, 0.0, 0.0, 1.0, 0.0, 0.0, 22.0, 32.0, 1.0, 0
4429, 1.0, 1.0, 0.158, -0.292, -0.392, 0.0, 0.0, 0.0, 0.0, 1.0, 0.0, 0.0, 0.0, 0.0, 1.0, 0.0, 0.0, 0.0, 0.0, 1.0, 0.0, 1.0, 36.0, 32.0, 0
4429, 1.0, 1.0, 0.158, -0.292, -0.392, 0.0, 0.0, 0.0, 0.0, 1.0, 0.0, 0.0, 0.0, 0.0, 1.0, 0.0, 0.0, 0.0, 0.0, 1.0, 0.0, 1.0, 36.0, 32.0, 0
4429, 1.0, 2.0, -0.122, 0.808, -0.392, 0.0, 1.0, 0.0, 0.0, 0.0, 0.0, 0.0, 0.0, 0.0, 1.0, 0.0, 0.0, 0.0, 0.0, 0.0, 1.0, 22.0, 38.0, 40.0, 0
4429, 1.0, 2.0, -0.122, 0.808, -0.392, 0.0, 1.0, 0.0, 0.0, 0.0, 0.0, 0.0, 0.0, 0.0, 1.0, 0.0, 0.0, 0.0, 0.0, 0.0, 1.0, 22.0, 38.0, 40.0, 0
4429, 1.0, 2.0, -0.122, 0.808, -0.392, 0.0, 1.0, 0.0, 0.0, 0.0, 0.0, 0.0, 0.0, 0.0, 1.0, 0.0, 0.0, 0.0, 0.0, 0.0, 1.0, 22.0, 38.0, 40.0, 0
4429, 1.0, 2.0, -0.122, 0.808, -0.392, 0.0, 1.0, 0.0, 0.0, 0.0, 0.0, 0.0, 0.0, 0.0, 1.0, 0.0, 0.0, 0.0, 0.0, 0.0, 1.0, 22.0, 38.0, 40.0, 0
2889, 1.0, 7.0, -0.267, 0.333, -0.097, 0.0, 0.0, 0.0, 1.0, 0.0, 0.0, 0.0, 0.0, 1.0, 0.0, 0.0, 1.0, 0.0, 0.0, 0.0, 0.0, 92.0, 22.0, 22.0, 0
2889, 7.0, 7.0, -0.097, -0.097, 0.333, 0.0, 1.0, 0.0, 0.0, 0.0, 0.0, 0.0, 0.0, 1.0, 0.0, 0.0, 1.0, 0.0, 0.0, 0.0, 0.0, 22.0, 22.0, 22.0, 0
2889, 1.0, 7.0, -0.167, -0.097, 0.333, 0.0, 0.0, 1.0, 0.0, 0.0, 0.0, 0.0, 0.0, 1.0, 0.0, 0.0, 1.0, 0.0, 0.0, 0.0, 0.0, 93.0, 22.0, 22.0, 0
2889, 1.0, 7.0, 0.163, -0.097, -0.097, 0.0, 0.0, 0.0, 0.0, 1.0, 0.0, 0.0, 0.0, 1.0, 0.0, 0.0, 1.0, 0.0, 0.0, 0.0, 0.0, 3.0, 22.0, 22.0, 0
2889, 1.0, 7.0, 0.832, -0.097, -0.097, 0.0, 0.0, 0.0, 0.0, 0.0, 0.0, 1.0, 0.0, 1.0, 0.0, 0.0, 1.0, 0.0, 0.0, 0.0, 0.0, 38.0, 22.0, 22.0, 0
2889, 1.0, 7.0, 0.163, -0.097, -0.097, 0.0, 0.0, 0.0, 0.0, 1.0, 0.0, 0.0, 0.0, 1.0, 0.0, 0.0, 1.0, 0.0, 0.0, 0.0, 0.0, 3.0, 22.0, 22.0, 0
2889, 7.0, 7.0, -0.097, -0.097, 0.333, 0.0, 1.0, 0.0, 0.0, 0.0, 0.0, 0.0, 0.0, 1.0, 0.0, 0.0, 1.0, 0.0, 0.0, 0.0, 0.0, 22.0, 22.0, 22.0, 0
2889, 1.0, 7.0, 0.163, -0.097, -0.097, 0.0, 0.0, 0.0, 0.0, 1.0, 0.0, 0.0, 0.0, 1.0, 0.0, 0.0, 1.0, 0.0, 0.0, 0.0, 0.0, 3.0, 22.0, 22.0, 0
2889, 1.0, 2.0, -0.097, 0.832, -0.367, 0.0, 1.0, 0.0, 0.0, 0.0, 0.0, 0.0, 0.0, 0.0, 1.0, 0.0, 0.0, 0.0, 0.0, 0.0, 1.0, 22.0, 38.0, 40.0, 0
2889, 1.0, 2.0, -0.097, 0.832, -0.368, 0.0, 1.0, 0.0, 0.0, 0.0, 0.0, 0.0, 0.0, 0.0, 1.0, 0.0, 0.0, 0.0, 0.0, 0.0, 1.0, 22.0, 38.0, 40.0, 0
2139, 1.0, 7.0, 0.825, -0.104, -0.104, 0.0, 0.0, 0.0, 0.0, 0.0, 0.0, 1.0, 0.0, 1.0, 0.0, 0.0, 1.0, 0.0, 0.0, 0.0, 0.0, 38.0, 22.0, 22.0, 0
2139, 1.0, 7.0, 0.156, -0.104, -0.104, 0.0, 0.0, 0.0, 0.0, 1.0, 0.0, 0.0, 0.0, 1.0, 0.0, 0.0, 1.0, 0.0, 0.0, 0.0, 0.0, 3.0, 22.0, 22.0, 0
2139, 7.0, 7.0, -0.104, -0.104, 0.226, 0.0, 1.0, 0.0, 0.0, 0.0, 0.0, 0.0, 0.0, 1.0, 0.0, 0.0, 1.0, 0.0, 0.0, 0.0, 0.0, 22.0, 22.0, 22.0, 0
2139, 1.0, 7.0, -0.124, -0.104, -0.104, 1.0, 0.0, 0.0, 0.0, 0.0, 0.0, 0.0, 0.0, 1.0, 0.0, 0.0, 1.0, 0.0, 0.0, 0.0, 0.0, 94.0, 22.0, 22.0, 0
2139, 1.0, 7.0, -0.755, 0.226, -0.104, 0.0, 0.0, 0.0, 0.0, 0.0, 0.0, 1.0, 0.0, 1.0, 0.0, 0.0, 1.0, 0.0, 0.0, 0.0, 0.0, 32.0, 22.0, 22.0, 0
2139, 7.0, 7.0, -0.104, -0.104, 0.226, 0.0, 1.0, 0.0, 0.0, 0.0, 0.0, 0.0, 0.0, 1.0, 0.0, 0.0, 1.0, 0.0, 0.0, 0.0, 0.0, 22.0, 22.0, 22.0, 0
2139, 1.0, 7.0, 0.825, -0.104, 0.226, 0.0, 0.0, 0.0, 0.0, 0.0, 0.0, 1.0, 0.0, 1.0, 0.0, 0.0, 1.0, 0.0, 0.0, 0.0, 0.0, 38.0, 22.0, 22.0, 0
2139, 1.0, 7.0, 0.156, -0.104, -0.104, 0.0, 0.0, 0.0, 0.0, 1.0, 0.0, 0.0, 0.0, 1.0, 0.0, 0.0, 1.0, 0.0, 0.0, 0.0, 0.0, 3.0, 22.0, 22.0, 0
2139, 1.0, 1.0, 0.226, -0.755, 0.355, 0.0, 1.0, 0.0, 0.0, 0.0, 0.0, 0.0, 0.0, 0.0, 1.0, 0.0, 0.0, 0.0, 1.0, 0.0, 0.0, 22.0, 32.0, 1.0, 0
2139, 1.0, 1.0, 0.226, -0.755, 0.356, 0.0, 1.0, 0.0, 0.0, 0.0, 0.0, 0.0, 0.0, 0.0, 1.0, 0.0, 0.0, 0.0, 1.0, 0.0, 0.0, 22.0, 32.0, 1.0, 0
2139, 1.0, 2.0, -0.104, 0.825, -0.375, 0.0, 1.0, 0.0, 0.0, 0.0, 0.0, 0.0, 0.0, 0.0, 1.0, 0.0, 0.0, 0.0, 0.0, 0.0, 1.0, 22.0, 38.0, 40.0, 0
2139, 1.0, 2.0, -0.104, 0.825, -0.375, 0.0, 1.0, 0.0, 0.0, 0.0, 0.0, 0.0, 0.0, 0.0, 1.0, 0.0, 0.0, 0.0, 0.0, 0.0, 1.0, 22.0, 38.0, 40.0, 0
2139, 1.0, 2.0, -0.104, 0.825, -0.375, 0.0, 1.0, 0.0, 0.0, 0.0, 0.0, 0.0, 0.0, 0.0, 1.0, 0.0, 0.0, 0.0, 0.0, 0.0, 1.0, 22.0, 38.0, 40.0, 0
2139, 1.0, 2.0, -0.104, 0.825, -0.375, 0.0, 1.0, 0.0, 0.0, 0.0, 0.0, 0.0, 0.0, 0.0, 1.0, 0.0, 0.0, 0.0, 0.0, 0.0, 1.0, 22.0, 38.0, 40.0, 0
5160, 7.0, 7.0, -0.097, -0.097, -0.067, 0.0, 1.0, 0.0, 0.0, 0.0, 0.0, 0.0, 0.0, 1.0, 0.0, 0.0, 1.0, 0.0, 0.0, 0.0, 0.0, 22.0, 22.0, 27.0, 0
5160, 1.0, 7.0, 0.832, -0.097, -0.097, 0.0, 0.0, 0.0, 0.0, 0.0, 0.0, 1.0, 0.0, 1.0, 0.0, 0.0, 1.0, 0.0, 0.0, 0.0, 0.0, 38.0, 22.0, 22.0, 0
5160, 7.0, 7.0, -0.097, -0.067, 0.033, 0.0, 1.0, 0.0, 0.0, 0.0, 0.0, 0.0, 0.0, 1.0, 0.0, 0.0, 1.0, 0.0, 0.0, 0.0, 0.0, 22.0, 27.0, 27.0, 0
5160, 7.0, 7.0, -0.097, -0.067, -0.738, 0.0, 1.0, 0.0, 0.0, 0.0, 0.0, 0.0, 0.0, 1.0, 0.0, 0.0, 0.0, 0.0, 0.0, 1.0, 0.0, 22.0, 27.0, 35.0, 0
5160, 7.0, 7.0, -0.097, 0.033, -0.067, 0.0, 1.0, 0.0, 0.0, 0.0, 0.0, 0.0, 0.0, 1.0, 0.0, 0.0, 1.0, 0.0, 0.0, 0.0, 0.0, 22.0, 27.0, 27.0, 0
5160, 7.0, 7.0, -0.097, 0.033, -0.067, 0.0, 1.0, 0.0, 0.0, 0.0, 0.0, 0.0, 0.0, 1.0, 0.0, 0.0, 1.0, 0.0, 0.0, 0.0, 0.0, 22.0, 27.0, 27.0, 0
5160, 7.0, 7.0, -0.097, -0.097, 0.033, 0.0, 1.0, 0.0, 0.0, 0.0, 0.0, 0.0, 0.0, 1.0, 0.0, 0.0, 1.0, 0.0, 0.0, 0.0, 0.0, 22.0, 22.0, 27.0, 0
5160, 1.0, 7.0, 0.162, -0.097, 0.033, 0.0, 0.0, 0.0, 0.0, 1.0, 0.0, 0.0, 0.0, 1.0, 0.0, 0.0, 1.0, 0.0, 0.0, 0.0, 0.0, 3.0, 22.0, 27.0, 0
5160, 1.0, 7.0, 0.163, -0.097, -0.097, 0.0, 0.0, 0.0, 0.0, 1.0, 0.0, 0.0, 0.0, 1.0, 0.0, 0.0, 1.0, 0.0, 0.0, 0.0, 0.0, 3.0, 22.0, 22.0, 0
5160, 1.0, 7.0, 0.162, -0.097, -0.097, 0.0, 0.0, 0.0, 0.0, 1.0, 0.0, 0.0, 0.0, 1.0, 0.0, 0.0, 1.0, 0.0, 0.0, 0.0, 0.0, 3.0, 22.0, 22.0, 0
5160, 7.0, 7.0, 0.282, -0.738, -0.067, 0.0, 1.0, 0.0, 0.0, 0.0, 0.0, 0.0, 0.0, 0.0, 1.0, 0.0, 1.0, 0.0, 0.0, 0.0, 0.0, 22.0, 35.0, 27.0, 0
5160, 7.0, 7.0, -0.097, 0.282, -0.738, 0.0, 1.0, 0.0, 0.0, 0.0, 0.0, 0.0, 0.0, 1.0, 0.0, 0.0, 0.0, 0.0, 0.0, 1.0, 0.0, 22.0, 22.0, 35.0, 0
5160, 1.0, 7.0, 0.163, 0.282, -0.738, 0.0, 0.0, 0.0, 0.0, 1.0, 0.0, 0.0, 0.0, 1.0, 0.0, 0.0, 0.0, 0.0, 0.0, 1.0, 0.0, 3.0, 22.0, 35.0, 0
5160, 7.0, 7.0, -0.097, -0.097, 0.282, 0.0, 1.0, 0.0, 0.0, 0.0, 0.0, 0.0, 0.0, 1.0, 0.0, 0.0, 1.0, 0.0, 0.0, 0.0, 0.0, 22.0, 22.0, 22.0, 0
5160, 1.0, 7.0, 0.163, -0.097, 0.282, 0.0, 0.0, 0.0, 0.0, 1.0, 0.0, 0.0, 0.0, 1.0, 0.0, 0.0, 1.0, 0.0, 0.0, 0.0, 0.0, 3.0, 22.0, 22.0, 0
5160, 7.0, 7.0, -0.097, -0.097, 0.033, 0.0, 1.0, 0.0, 0.0, 0.0, 0.0, 0.0, 0.0, 1.0, 0.0, 0.0, 1.0, 0.0, 0.0, 0.0, 0.0, 22.0, 22.0, 27.0, 0
5160, 7.0, 7.0, -0.097, 0.033, -0.067, 0.0, 1.0, 0.0, 0.0, 0.0, 0.0, 0.0, 0.0, 1.0, 0.0, 0.0, 1.0, 0.0, 0.0, 0.0, 0.0, 22.0, 27.0, 27.0, 0
5160, 1.0, 7.0, 0.163, -0.097, -0.097, 0.0, 0.0, 0.0, 0.0, 1.0, 0.0, 0.0, 0.0, 1.0, 0.0, 0.0, 1.0, 0.0, 0.0, 0.0, 0.0, 3.0, 22.0, 22.0, 0
5160, 1.0, 7.0, 0.832, -0.097, -0.097, 0.0, 0.0, 0.0, 0.0, 0.0, 0.0, 1.0, 0.0, 1.0, 0.0, 0.0, 1.0, 0.0, 0.0, 0.0, 0.0, 38.0, 22.0, 22.0, 0
5160, 1.0, 7.0, 0.832, -0.097, -0.067, 0.0, 0.0, 0.0, 0.0, 0.0, 0.0, 1.0, 0.0, 1.0, 0.0, 0.0, 1.0, 0.0, 0.0, 0.0, 0.0, 38.0, 22.0, 27.0, 0
3883, 1.0, 7.0, 0.136, -0.125, -0.125, 0.0, 0.0, 0.0, 0.0, 1.0, 0.0, 0.0, 0.0, 1.0, 0.0, 0.0, 1.0, 0.0, 0.0, 0.0, 0.0, 3.0, 22.0, 22.0, 0
3883, 7.0, 7.0, -0.125, -0.125, 0.0050, 0.0, 1.0, 0.0, 0.0, 0.0, 0.0, 0.0, 0.0, 1.0, 0.0, 0.0, 1.0, 0.0, 0.0, 0.0, 0.0, 22.0, 22.0, 29.0, 0
3883, 1.0, 7.0, 0.136, -0.125, -0.125, 0.0, 0.0, 0.0, 0.0, 1.0, 0.0, 0.0, 0.0, 1.0, 0.0, 0.0, 1.0, 0.0, 0.0, 0.0, 0.0, 3.0, 22.0, 22.0, 0
3883, 1.0, 7.0, 0.0050, 0.0050, -0.125, 0.0, 1.0, 0.0, 0.0, 0.0, 0.0, 0.0, 0.0, 1.0, 0.0, 0.0, 1.0, 0.0, 0.0, 0.0, 0.0, 29.0, 29.0, 22.0, 0
3883, 7.0, 7.0, -0.125, -0.125, 0.0050, 0.0, 1.0, 0.0, 0.0, 0.0, 0.0, 0.0, 0.0, 1.0, 0.0, 0.0, 1.0, 0.0, 0.0, 0.0, 0.0, 22.0, 22.0, 29.0, 0
3883, 1.0, 7.0, 0.136, -0.125, 0.0050, 0.0, 0.0, 0.0, 0.0, 1.0, 0.0, 0.0, 0.0, 1.0, 0.0, 0.0, 1.0, 0.0, 0.0, 0.0, 0.0, 3.0, 22.0, 29.0, 0
3883, 1.0, 7.0, 0.136, -0.125, -0.125, 0.0, 0.0, 0.0, 0.0, 1.0, 0.0, 0.0, 0.0, 1.0, 0.0, 0.0, 1.0, 0.0, 0.0, 0.0, 0.0, 3.0, 22.0, 22.0, 0
3883, 1.0, 7.0, 0.136, -0.125, -0.125, 0.0, 0.0, 0.0, 0.0, 1.0, 0.0, 0.0, 0.0, 1.0, 0.0, 0.0, 1.0, 0.0, 0.0, 0.0, 0.0, 3.0, 22.0, 22.0, 0
3883, 7.0, 7.0, -0.125, -0.125, 0.0050, 0.0, 1.0, 0.0, 0.0, 0.0, 0.0, 0.0, 0.0, 1.0, 0.0, 0.0, 1.0, 0.0, 0.0, 0.0, 0.0, 22.0, 22.0, 29.0, 0
3883, 1.0, 7.0, 0.136, -0.125, 0.0050, 0.0, 0.0, 0.0, 0.0, 1.0, 0.0, 0.0, 0.0, 1.0, 0.0, 0.0, 1.0, 0.0, 0.0, 0.0, 0.0, 3.0, 22.0, 29.0, 0
3883, 1.0, 7.0, 0.135, -0.125, -0.125, 0.0, 0.0, 0.0, 0.0, 1.0, 0.0, 0.0, 0.0, 1.0, 0.0, 0.0, 1.0, 0.0, 0.0, 0.0, 0.0, 3.0, 22.0, 22.0, 0
3883, 1.0, 7.0, 0.806, -0.125, -0.125, 0.0, 0.0, 0.0, 0.0, 0.0, 0.0, 1.0, 0.0, 1.0, 0.0, 0.0, 1.0, 0.0, 0.0, 0.0, 0.0, 38.0, 22.0, 22.0, 0
3883, 1.0, 7.0, 0.135, -0.125, -0.125, 0.0, 0.0, 0.0, 0.0, 1.0, 0.0, 0.0, 0.0, 1.0, 0.0, 0.0, 1.0, 0.0, 0.0, 0.0, 0.0, 3.0, 22.0, 22.0, 0
3883, 7.0, 7.0, -0.125, -0.125, 0.0050, 0.0, 1.0, 0.0, 0.0, 0.0, 0.0, 0.0, 0.0, 1.0, 0.0, 0.0, 1.0, 0.0, 0.0, 0.0, 0.0, 22.0, 22.0, 29.0, 0
3883, 1.0, 7.0, 0.136, -0.125, -0.125, 0.0, 0.0, 0.0, 0.0, 1.0, 0.0, 0.0, 0.0, 1.0, 0.0, 0.0, 1.0, 0.0, 0.0, 0.0, 0.0, 3.0, 22.0, 22.0, 0
3883, 1.0, 7.0, 0.0050, 0.0050, -0.125, 0.0, 1.0, 0.0, 0.0, 0.0, 0.0, 0.0, 0.0, 1.0, 0.0, 0.0, 1.0, 0.0, 0.0, 0.0, 0.0, 29.0, 29.0, 22.0, 0
3883, 1.0, 7.0, 0.0050, 0.0050, -0.125, 0.0, 1.0, 0.0, 0.0, 0.0, 0.0, 0.0, 0.0, 1.0, 0.0, 0.0, 1.0, 0.0, 0.0, 0.0, 0.0, 29.0, 29.0, 22.0, 0
3883, 1.0, 7.0, 0.0050, 0.0050, -0.125, 0.0, 1.0, 0.0, 0.0, 0.0, 0.0, 0.0, 0.0, 1.0, 0.0, 0.0, 1.0, 0.0, 0.0, 0.0, 0.0, 29.0, 29.0, 22.0, 0
3883, 1.0, 7.0, 0.806, -0.125, -0.125, 0.0, 0.0, 0.0, 0.0, 0.0, 0.0, 1.0, 0.0, 1.0, 0.0, 0.0, 1.0, 0.0, 0.0, 0.0, 0.0, 38.0, 22.0, 22.0, 0
3883, 1.0, 7.0, 0.806, -0.125, -0.125, 0.0, 0.0, 0.0, 0.0, 0.0, 0.0, 1.0, 0.0, 1.0, 0.0, 0.0, 1.0, 0.0, 0.0, 0.0, 0.0, 38.0, 22.0, 22.0, 0
3883, 1.0, 2.0, -0.125, 0.806, -0.394, 0.0, 1.0, 0.0, 0.0, 0.0, 0.0, 0.0, 0.0, 0.0, 1.0, 0.0, 0.0, 0.0, 0.0, 0.0, 1.0, 22.0, 38.0, 40.0, 0
263, 7.0, 7.0, -0.102, -0.102, -0.012, 0.0, 1.0, 0.0, 0.0, 0.0, 0.0, 0.0, 0.0, 1.0, 0.0, 0.0, 1.0, 0.0, 0.0, 0.0, 0.0, 22.0, 22.0, 26.0, 0
263, 1.0, 7.0, 0.158, -0.102, -0.102, 0.0, 0.0, 0.0, 0.0, 1.0, 0.0, 0.0, 0.0, 1.0, 0.0, 0.0, 1.0, 0.0, 0.0, 0.0, 0.0, 3.0, 22.0, 22.0, 0
263, 7.0, 7.0, -0.102, -0.012, -0.072, 0.0, 1.0, 0.0, 0.0, 0.0, 0.0, 0.0, 0.0, 1.0, 0.0, 0.0, 1.0, 0.0, 0.0, 0.0, 0.0, 22.0, 26.0, 26.0, 0
263, 7.0, 7.0, -0.102, -0.012, -0.511, 0.0, 1.0, 0.0, 0.0, 0.0, 0.0, 0.0, 0.0, 1.0, 0.0, 0.0, 0.0, 0.0, 0.0, 1.0, 0.0, 22.0, 26.0, 34.0, 0
263, 7.0, 7.0, -0.102, -0.072, -0.012, 0.0, 1.0, 0.0, 0.0, 0.0, 0.0, 0.0, 0.0, 1.0, 0.0, 0.0, 1.0, 0.0, 0.0, 0.0, 0.0, 22.0, 26.0, 26.0, 0
263, 7.0, 7.0, -0.012, -0.072, -0.511, 0.0, 1.0, 0.0, 0.0, 0.0, 0.0, 0.0, 0.0, 1.0, 0.0, 0.0, 0.0, 0.0, 0.0, 1.0, 0.0, 26.0, 26.0, 34.0, 0
263, 7.0, 7.0, -0.102, -0.102, -0.072, 0.0, 1.0, 0.0, 0.0, 0.0, 0.0, 0.0, 0.0, 1.0, 0.0, 0.0, 1.0, 0.0, 0.0, 0.0, 0.0, 22.0, 22.0, 26.0, 0
263, 1.0, 7.0, 0.158, -0.102, -0.072, 0.0, 0.0, 0.0, 0.0, 1.0, 0.0, 0.0, 0.0, 1.0, 0.0, 0.0, 1.0, 0.0, 0.0, 0.0, 0.0, 3.0, 22.0, 26.0, 0
263, 1.0, 7.0, 0.829, -0.102, -0.102, 0.0, 0.0, 0.0, 0.0, 0.0, 0.0, 1.0, 0.0, 1.0, 0.0, 0.0, 1.0, 0.0, 0.0, 0.0, 0.0, 38.0, 22.0, 22.0, 0
263, 1.0, 7.0, 0.158, -0.102, -0.102, 0.0, 0.0, 0.0, 0.0, 1.0, 0.0, 0.0, 0.0, 1.0, 0.0, 0.0, 1.0, 0.0, 0.0, 0.0, 0.0, 3.0, 22.0, 22.0, 0
263, 7.0, 7.0, 0.298, -0.511, -0.072, 0.0, 1.0, 0.0, 0.0, 0.0, 0.0, 0.0, 0.0, 0.0, 1.0, 0.0, 1.0, 0.0, 0.0, 0.0, 0.0, 21.0, 34.0, 26.0, 0
263, 1.0, 7.0, 0.128, 0.298, -0.511, 0.0, 0.0, 0.0, 0.0, 1.0, 0.0, 0.0, 0.0, 1.0, 0.0, 0.0, 0.0, 0.0, 0.0, 1.0, 0.0, 3.0, 21.0, 34.0, 0
263, 7.0, 7.0, 0.298, -0.511, -0.012, 0.0, 1.0, 0.0, 0.0, 0.0, 0.0, 0.0, 0.0, 0.0, 1.0, 0.0, 1.0, 0.0, 0.0, 0.0, 0.0, 21.0, 34.0, 26.0, 0
263, 1.0, 7.0, 0.529, -0.511, 0.298, 0.0, 0.0, 0.0, 0.0, 1.0, 0.0, 0.0, 0.0, 0.0, 1.0, 0.0, 1.0, 0.0, 0.0, 0.0, 0.0, 1.0, 34.0, 21.0, 0
263, 7.0, 7.0, -0.072, -0.012, -0.511, 0.0, 1.0, 0.0, 0.0, 0.0, 0.0, 0.0, 0.0, 1.0, 0.0, 0.0, 0.0, 0.0, 0.0, 1.0, 0.0, 26.0, 26.0, 34.0, 0
263, 7.0, 7.0, -0.102, -0.012, -0.511, 0.0, 1.0, 0.0, 0.0, 0.0, 0.0, 0.0, 0.0, 1.0, 0.0, 0.0, 0.0, 0.0, 0.0, 1.0, 0.0, 22.0, 26.0, 34.0, 0
263, 1.0, 2.0, -0.102, 0.829, -0.372, 0.0, 1.0, 0.0, 0.0, 0.0, 0.0, 0.0, 0.0, 0.0, 1.0, 0.0, 0.0, 0.0, 0.0, 0.0, 1.0, 22.0, 38.0, 40.0, 0
263, 1.0, 2.0, -0.102, 0.829, -0.372, 0.0, 1.0, 0.0, 0.0, 0.0, 0.0, 0.0, 0.0, 0.0, 1.0, 0.0, 0.0, 0.0, 0.0, 0.0, 1.0, 22.0, 38.0, 40.0, 0
263, 1.0, 2.0, -0.102, 0.829, -0.372, 0.0, 1.0, 0.0, 0.0, 0.0, 0.0, 0.0, 0.0, 0.0, 1.0, 0.0, 0.0, 0.0, 0.0, 0.0, 1.0, 22.0, 38.0, 40.0, 0
1415, 1.0, 7.0, 0.147, -0.113, -0.113, 0.0, 0.0, 0.0, 0.0, 1.0, 0.0, 0.0, 0.0, 1.0, 0.0, 0.0, 1.0, 0.0, 0.0, 0.0, 0.0, 3.0, 22.0, 22.0, 1
1415, 7.0, 7.0, -0.113, -0.113, 0.017, 0.0, 1.0, 0.0, 0.0, 0.0, 0.0, 0.0, 0.0, 1.0, 0.0, 0.0, 1.0, 0.0, 0.0, 0.0, 0.0, 22.0, 22.0, 29.0, 1
1415, 1.0, 7.0, 0.147, -0.113, -0.113, 0.0, 0.0, 0.0, 0.0, 1.0, 0.0, 0.0, 0.0, 1.0, 0.0, 0.0, 1.0, 0.0, 0.0, 0.0, 0.0, 3.0, 22.0, 22.0, 1
1415, 1.0, 7.0, 0.017, 0.017, -0.113, 0.0, 1.0, 0.0, 0.0, 0.0, 0.0, 0.0, 0.0, 1.0, 0.0, 0.0, 1.0, 0.0, 0.0, 0.0, 0.0, 29.0, 29.0, 22.0, 1
1415, 7.0, 7.0, -0.113, -0.113, 0.017, 0.0, 1.0, 0.0, 0.0, 0.0, 0.0, 0.0, 0.0, 1.0, 0.0, 0.0, 1.0, 0.0, 0.0, 0.0, 0.0, 22.0, 22.0, 29.0, 1
1415, 1.0, 7.0, 0.818, -0.113, 0.017, 0.0, 0.0, 0.0, 0.0, 0.0, 0.0, 1.0, 0.0, 1.0, 0.0, 0.0, 1.0, 0.0, 0.0, 0.0, 0.0, 38.0, 22.0, 29.0, 1
1415, 1.0, 7.0, 0.147, -0.113, -0.113, 0.0, 0.0, 0.0, 0.0, 1.0, 0.0, 0.0, 0.0, 1.0, 0.0, 0.0, 1.0, 0.0, 0.0, 0.0, 0.0, 3.0, 22.0, 22.0, 1
1415, 1.0, 7.0, 0.818, -0.113, -0.113, 0.0, 0.0, 0.0, 0.0, 0.0, 0.0, 1.0, 0.0, 1.0, 0.0, 0.0, 1.0, 0.0, 0.0, 0.0, 0.0, 38.0, 22.0, 22.0, 1
1415, 7.0, 7.0, -0.113, -0.113, 0.017, 0.0, 1.0, 0.0, 0.0, 0.0, 0.0, 0.0, 0.0, 1.0, 0.0, 0.0, 1.0, 0.0, 0.0, 0.0, 0.0, 22.0, 22.0, 29.0, 1
1415, 1.0, 7.0, 0.147, -0.113, 0.017, 0.0, 0.0, 0.0, 0.0, 1.0, 0.0, 0.0, 0.0, 1.0, 0.0, 0.0, 1.0, 0.0, 0.0, 0.0, 0.0, 3.0, 22.0, 29.0, 1
1415, 1.0, 7.0, 0.147, -0.113, -0.113, 0.0, 0.0, 0.0, 0.0, 1.0, 0.0, 0.0, 0.0, 1.0, 0.0, 0.0, 1.0, 0.0, 0.0, 0.0, 0.0, 3.0, 22.0, 22.0, 1
1415, 1.0, 7.0, 0.818, -0.113, -0.113, 0.0, 0.0, 0.0, 0.0, 0.0, 0.0, 1.0, 0.0, 1.0, 0.0, 0.0, 1.0, 0.0, 0.0, 0.0, 0.0, 38.0, 22.0, 22.0, 1
1415, 1.0, 7.0, 0.147, -0.113, -0.113, 0.0, 0.0, 0.0, 0.0, 1.0, 0.0, 0.0, 0.0, 1.0, 0.0, 0.0, 1.0, 0.0, 0.0, 0.0, 0.0, 3.0, 22.0, 22.0, 1
1415, 7.0, 7.0, -0.113, -0.113, 0.017, 0.0, 1.0, 0.0, 0.0, 0.0, 0.0, 0.0, 0.0, 1.0, 0.0, 0.0, 1.0, 0.0, 0.0, 0.0, 0.0, 22.0, 22.0, 29.0, 1
1415, 1.0, 7.0, 0.818, -0.113, -0.113, 0.0, 0.0, 0.0, 0.0, 0.0, 0.0, 1.0, 0.0, 1.0, 0.0, 0.0, 1.0, 0.0, 0.0, 0.0, 0.0, 38.0, 22.0, 22.0, 1
1415, 1.0, 7.0, 0.017, 0.017, -0.113, 0.0, 1.0, 0.0, 0.0, 0.0, 0.0, 0.0, 0.0, 1.0, 0.0, 0.0, 1.0, 0.0, 0.0, 0.0, 0.0, 29.0, 29.0, 22.0, 1
1415, 1.0, 7.0, 0.017, 0.017, -0.113, 0.0, 1.0, 0.0, 0.0, 0.0, 0.0, 0.0, 0.0, 1.0, 0.0, 0.0, 1.0, 0.0, 0.0, 0.0, 0.0, 29.0, 29.0, 22.0, 1
1415, 1.0, 7.0, 0.017, 0.017, -0.113, 0.0, 1.0, 0.0, 0.0, 0.0, 0.0, 0.0, 0.0, 1.0, 0.0, 0.0, 1.0, 0.0, 0.0, 0.0, 0.0, 29.0, 29.0, 22.0, 1
1415, 1.0, 2.0, -0.113, 0.818, -0.382, 0.0, 1.0, 0.0, 0.0, 0.0, 0.0, 0.0, 0.0, 0.0, 1.0, 0.0, 0.0, 0.0, 0.0, 0.0, 1.0, 22.0, 38.0, 40.0, 1
1415, 1.0, 2.0, -0.113, 0.818, -0.383, 0.0, 1.0, 0.0, 0.0, 0.0, 0.0, 0.0, 0.0, 0.0, 1.0, 0.0, 0.0, 0.0, 0.0, 0.0, 1.0, 22.0, 38.0, 40.0, 1
1415, 1.0, 2.0, -0.113, 0.818, -0.382, 0.0, 1.0, 0.0, 0.0, 0.0, 0.0, 0.0, 0.0, 0.0, 1.0, 0.0, 0.0, 0.0, 0.0, 0.0, 1.0, 22.0, 38.0, 40.0, 1
1415, 1.0, 2.0, -0.113, 0.818, -0.382, 0.0, 1.0, 0.0, 0.0, 0.0, 0.0, 0.0, 0.0, 0.0, 1.0, 0.0, 0.0, 0.0, 0.0, 0.0, 1.0, 22.0, 38.0, 40.0, 1
1415, 1.0, 2.0, -0.113, 0.818, -0.383, 0.0, 1.0, 0.0, 0.0, 0.0, 0.0, 0.0, 0.0, 0.0, 1.0, 0.0, 0.0, 0.0, 0.0, 0.0, 1.0, 22.0, 38.0, 40.0, 1
1415, 1.0, 2.0, -0.113, 0.818, -0.382, 0.0, 1.0, 0.0, 0.0, 0.0, 0.0, 0.0, 0.0, 0.0, 1.0, 0.0, 0.0, 0.0, 0.0, 0.0, 1.0, 22.0, 38.0, 40.0, 1
1415, 1.0, 2.0, -0.113, 0.818, -0.382, 0.0, 1.0, 0.0, 0.0, 0.0, 0.0, 0.0, 0.0, 0.0, 1.0, 0.0, 0.0, 0.0, 0.0, 0.0, 1.0, 22.0, 38.0, 40.0, 1
1415, 1.0, 2.0, -0.113, 0.818, -0.382, 0.0, 1.0, 0.0, 0.0, 0.0, 0.0, 0.0, 0.0, 0.0, 1.0, 0.0, 0.0, 0.0, 0.0, 0.0, 1.0, 22.0, 38.0, 40.0, 1
5399, 7.0, 7.0, -0.118, -0.118, 0.012, 0.0, 1.0, 0.0, 0.0, 0.0, 0.0, 0.0, 0.0, 1.0, 0.0, 0.0, 1.0, 0.0, 0.0, 0.0, 0.0, 22.0, 22.0, 27.0, 1
5399, 1.0, 7.0, 0.142, -0.118, -0.118, 0.0, 0.0, 0.0, 0.0, 1.0, 0.0, 0.0, 0.0, 1.0, 0.0, 0.0, 1.0, 0.0, 0.0, 0.0, 0.0, 3.0, 22.0, 22.0, 1
5399, 7.0, 7.0, -0.118, 0.012, -0.088, 0.0, 1.0, 0.0, 0.0, 0.0, 0.0, 0.0, 0.0, 1.0, 0.0, 0.0, 1.0, 0.0, 0.0, 0.0, 0.0, 22.0, 27.0, 27.0, 1
5399, 7.0, 7.0, -0.088, -0.088, 0.012, 0.0, 1.0, 0.0, 0.0, 0.0, 0.0, 0.0, 0.0, 1.0, 0.0, 0.0, 1.0, 0.0, 0.0, 0.0, 0.0, 27.0, 27.0, 27.0, 1
5399, 7.0, 7.0, -0.118, 0.012, -0.088, 0.0, 1.0, 0.0, 0.0, 0.0, 0.0, 0.0, 0.0, 1.0, 0.0, 0.0, 1.0, 0.0, 0.0, 0.0, 0.0, 22.0, 27.0, 27.0, 1
5399, 7.0, 7.0, -0.118, 0.012, -0.088, 0.0, 1.0, 0.0, 0.0, 0.0, 0.0, 0.0, 0.0, 1.0, 0.0, 0.0, 1.0, 0.0, 0.0, 0.0, 0.0, 22.0, 27.0, 27.0, 1
5399, 7.0, 7.0, -0.118, -0.118, 0.012, 0.0, 1.0, 0.0, 0.0, 0.0, 0.0, 0.0, 0.0, 1.0, 0.0, 0.0, 1.0, 0.0, 0.0, 0.0, 0.0, 22.0, 22.0, 27.0, 1
5399, 1.0, 7.0, 0.142, -0.118, 0.012, 0.0, 0.0, 0.0, 0.0, 1.0, 0.0, 0.0, 0.0, 1.0, 0.0, 0.0, 1.0, 0.0, 0.0, 0.0, 0.0, 3.0, 22.0, 27.0, 1
5399, 1.0, 7.0, 0.141, -0.118, -0.118, 0.0, 0.0, 0.0, 0.0, 1.0, 0.0, 0.0, 0.0, 1.0, 0.0, 0.0, 1.0, 0.0, 0.0, 0.0, 0.0, 3.0, 22.0, 22.0, 1
5399, 7.0, 7.0, -0.118, -0.118, 0.012, 0.0, 1.0, 0.0, 0.0, 0.0, 0.0, 0.0, 0.0, 1.0, 0.0, 0.0, 1.0, 0.0, 0.0, 0.0, 0.0, 22.0, 22.0, 27.0, 1
5399, 1.0, 7.0, 0.141, -0.118, 0.012, 0.0, 0.0, 0.0, 0.0, 1.0, 0.0, 0.0, 0.0, 1.0, 0.0, 0.0, 1.0, 0.0, 0.0, 0.0, 0.0, 3.0, 22.0, 27.0, 1
5399, 7.0, 7.0, -0.118, -0.118, 0.012, 0.0, 1.0, 0.0, 0.0, 0.0, 0.0, 0.0, 0.0, 1.0, 0.0, 0.0, 1.0, 0.0, 0.0, 0.0, 0.0, 22.0, 22.0, 27.0, 1
5399, 1.0, 7.0, 0.142, -0.118, -0.118, 0.0, 0.0, 0.0, 0.0, 1.0, 0.0, 0.0, 0.0, 1.0, 0.0, 0.0, 1.0, 0.0, 0.0, 0.0, 0.0, 3.0, 22.0, 22.0, 1
5399, 7.0, 7.0, -0.118, 0.012, -0.088, 0.0, 1.0, 0.0, 0.0, 0.0, 0.0, 0.0, 0.0, 1.0, 0.0, 0.0, 1.0, 0.0, 0.0, 0.0, 0.0, 22.0, 27.0, 27.0, 1
5399, 7.0, 7.0, -0.088, -0.088, 0.012, 0.0, 1.0, 0.0, 0.0, 0.0, 0.0, 0.0, 0.0, 1.0, 0.0, 0.0, 1.0, 0.0, 0.0, 0.0, 0.0, 27.0, 27.0, 27.0, 1
5399, 7.0, 7.0, -0.088, -0.088, 0.012, 0.0, 1.0, 0.0, 0.0, 0.0, 0.0, 0.0, 0.0, 1.0, 0.0, 0.0, 1.0, 0.0, 0.0, 0.0, 0.0, 27.0, 27.0, 27.0, 1
5399, 7.0, 7.0, -0.118, 0.012, -0.088, 0.0, 1.0, 0.0, 0.0, 0.0, 0.0, 0.0, 0.0, 1.0, 0.0, 0.0, 1.0, 0.0, 0.0, 0.0, 0.0, 22.0, 27.0, 27.0, 1
5399, 7.0, 7.0, -0.088, -0.088, 0.012, 0.0, 1.0, 0.0, 0.0, 0.0, 0.0, 0.0, 0.0, 1.0, 0.0, 0.0, 1.0, 0.0, 0.0, 0.0, 0.0, 27.0, 27.0, 27.0, 1
5399, 7.0, 7.0, -0.118, -0.118, 0.012, 0.0, 1.0, 0.0, 0.0, 0.0, 0.0, 0.0, 0.0, 1.0, 0.0, 0.0, 1.0, 0.0, 0.0, 0.0, 0.0, 22.0, 22.0, 27.0, 1
5399, 7.0, 7.0, -0.118, 0.012, -0.088, 0.0, 1.0, 0.0, 0.0, 0.0, 0.0, 0.0, 0.0, 1.0, 0.0, 0.0, 1.0, 0.0, 0.0, 0.0, 0.0, 22.0, 27.0, 27.0, 1
5399, 7.0, 7.0, -0.118, -0.118, 0.012, 0.0, 1.0, 0.0, 0.0, 0.0, 0.0, 0.0, 0.0, 1.0, 0.0, 0.0, 1.0, 0.0, 0.0, 0.0, 0.0, 22.0, 22.0, 27.0, 1
5399, 1.0, 7.0, 0.141, -0.118, 0.012, 0.0, 0.0, 0.0, 0.0, 1.0, 0.0, 0.0, 0.0, 1.0, 0.0, 0.0, 1.0, 0.0, 0.0, 0.0, 0.0, 3.0, 22.0, 27.0, 1
5399, 7.0, 7.0, -0.118, 0.012, -0.088, 0.0, 1.0, 0.0, 0.0, 0.0, 0.0, 0.0, 0.0, 1.0, 0.0, 0.0, 1.0, 0.0, 0.0, 0.0, 0.0, 22.0, 27.0, 27.0, 1
5399, 1.0, 7.0, 0.142, -0.118, -0.118, 0.0, 0.0, 0.0, 0.0, 1.0, 0.0, 0.0, 0.0, 1.0, 0.0, 0.0, 1.0, 0.0, 0.0, 0.0, 0.0, 3.0, 22.0, 22.0, 1
5399, 1.0, 7.0, 0.142, -0.118, 0.012, 0.0, 0.0, 0.0, 0.0, 1.0, 0.0, 0.0, 0.0, 1.0, 0.0, 0.0, 1.0, 0.0, 0.0, 0.0, 0.0, 3.0, 22.0, 27.0, 1
5399, 7.0, 7.0, -0.118, -0.118, 0.012, 0.0, 1.0, 0.0, 0.0, 0.0, 0.0, 0.0, 0.0, 1.0, 0.0, 0.0, 1.0, 0.0, 0.0, 0.0, 0.0, 22.0, 22.0, 27.0, 1
5399, 7.0, 7.0, -0.118, -0.118, 0.012, 0.0, 1.0, 0.0, 0.0, 0.0, 0.0, 0.0, 0.0, 1.0, 0.0, 0.0, 1.0, 0.0, 0.0, 0.0, 0.0, 22.0, 22.0, 27.0, 1
5399, 1.0, 7.0, 0.811, -0.118, -0.118, 0.0, 0.0, 0.0, 0.0, 0.0, 0.0, 1.0, 0.0, 1.0, 0.0, 0.0, 1.0, 0.0, 0.0, 0.0, 0.0, 38.0, 22.0, 22.0, 1
5399, 7.0, 7.0, -0.118, 0.012, -0.088, 0.0, 1.0, 0.0, 0.0, 0.0, 0.0, 0.0, 0.0, 1.0, 0.0, 0.0, 1.0, 0.0, 0.0, 0.0, 0.0, 22.0, 27.0, 27.0, 1
5399, 1.0, 7.0, 0.142, -0.118, -0.118, 0.0, 0.0, 0.0, 0.0, 1.0, 0.0, 0.0, 0.0, 1.0, 0.0, 0.0, 1.0, 0.0, 0.0, 0.0, 0.0, 3.0, 22.0, 22.0, 1
5399, 1.0, 2.0, -0.118, 0.811, -0.389, 0.0, 1.0, 0.0, 0.0, 0.0, 0.0, 0.0, 0.0, 0.0, 1.0, 0.0, 0.0, 0.0, 0.0, 0.0, 1.0, 22.0, 38.0, 40.0, 1
5399, 1.0, 2.0, -0.118, 0.811, -0.389, 0.0, 1.0, 0.0, 0.0, 0.0, 0.0, 0.0, 0.0, 0.0, 1.0, 0.0, 0.0, 0.0, 0.0, 0.0, 1.0, 22.0, 38.0, 40.0, 1
2246, 7.0, 7.0, -0.125, -0.125, 0.0050, 0.0, 1.0, 0.0, 0.0, 0.0, 0.0, 0.0, 0.0, 1.0, 0.0, 0.0, 1.0, 0.0, 0.0, 0.0, 0.0, 22.0, 22.0, 27.0, 1
2246, 1.0, 7.0, 0.136, -0.125, -0.125, 0.0, 0.0, 0.0, 0.0, 1.0, 0.0, 0.0, 0.0, 1.0, 0.0, 0.0, 1.0, 0.0, 0.0, 0.0, 0.0, 3.0, 22.0, 22.0, 1
2246, 7.0, 7.0, -0.125, 0.0050, 0.0050, 0.0, 1.0, 0.0, 0.0, 0.0, 0.0, 0.0, 0.0, 1.0, 0.0, 0.0, 1.0, 0.0, 0.0, 0.0, 0.0, 22.0, 27.0, 27.0, 1
2246, 7.0, 7.0, 0.0050, 0.0050, 0.0050, 0.0, 1.0, 0.0, 0.0, 0.0, 0.0, 0.0, 0.0, 1.0, 0.0, 0.0, 1.0, 0.0, 0.0, 0.0, 0.0, 22.0, 27.0, 27.0, 1
2246, 7.0, 7.0, 0.0050, 0.0050, 0.0050, 0.0, 1.0, 0.0, 0.0, 0.0, 0.0, 0.0, 0.0, 1.0, 0.0, 0.0, 1.0, 0.0, 0.0, 0.0, 0.0, 22.0, 27.0, 27.0, 1
2246, 7.0, 7.0, -0.124, 0.0050, 0.0050, 0.0, 1.0, 0.0, 0.0, 0.0, 0.0, 0.0, 0.0, 1.0, 0.0, 0.0, 1.0, 0.0, 0.0, 0.0, 0.0, 22.0, 22.0, 27.0, 1
2246, 1.0, 7.0, -0.095, 0.0050, 0.0050, 0.0, 1.0, 0.0, 0.0, 0.0, 0.0, 0.0, 0.0, 1.0, 0.0, 0.0, 1.0, 0.0, 0.0, 0.0, 0.0, 10.0, 22.0, 27.0, 1
2246, 7.0, 7.0, -0.125, -0.124, 0.0050, 0.0, 1.0, 0.0, 0.0, 0.0, 0.0, 0.0, 0.0, 1.0, 0.0, 0.0, 1.0, 0.0, 0.0, 0.0, 0.0, 22.0, 22.0, 22.0, 1
2246, 1.0, 7.0, 0.136, -0.124, 0.0050, 0.0, 0.0, 0.0, 0.0, 1.0, 0.0, 0.0, 0.0, 1.0, 0.0, 0.0, 1.0, 0.0, 0.0, 0.0, 0.0, 3.0, 22.0, 22.0, 1
2246, 7.0, 7.0, -0.125, -0.125, -0.124, 0.0, 1.0, 0.0, 0.0, 0.0, 0.0, 0.0, 0.0, 1.0, 0.0, 0.0, 1.0, 0.0, 0.0, 0.0, 0.0, 22.0, 22.0, 22.0, 1
2246, 1.0, 7.0, 0.136, -0.125, -0.124, 0.0, 0.0, 0.0, 0.0, 1.0, 0.0, 0.0, 0.0, 1.0, 0.0, 0.0, 1.0, 0.0, 0.0, 0.0, 0.0, 3.0, 22.0, 22.0, 1
2246, 7.0, 7.0, -0.124, -0.125, 0.0050, 0.0, 1.0, 0.0, 0.0, 0.0, 0.0, 0.0, 0.0, 1.0, 0.0, 0.0, 1.0, 0.0, 0.0, 0.0, 0.0, 22.0, 22.0, 27.0, 1
2246, 1.0, 7.0, 0.136, -0.125, 0.0050, 0.0, 0.0, 0.0, 0.0, 1.0, 0.0, 0.0, 0.0, 1.0, 0.0, 0.0, 1.0, 0.0, 0.0, 0.0, 0.0, 3.0, 22.0, 27.0, 1
2246, 1.0, 7.0, 0.136, -0.124, -0.125, 0.0, 0.0, 0.0, 0.0, 1.0, 0.0, 0.0, 0.0, 1.0, 0.0, 0.0, 1.0, 0.0, 0.0, 0.0, 0.0, 3.0, 22.0, 22.0, 1
2246, 7.0, 7.0, -0.124, -0.125, 0.0050, 0.0, 1.0, 0.0, 0.0, 0.0, 0.0, 0.0, 0.0, 1.0, 0.0, 0.0, 1.0, 0.0, 0.0, 0.0, 0.0, 22.0, 22.0, 22.0, 1
2246, 1.0, 7.0, 0.806, -0.125, -0.124, 0.0, 0.0, 0.0, 0.0, 0.0, 0.0, 1.0, 0.0, 1.0, 0.0, 0.0, 1.0, 0.0, 0.0, 0.0, 0.0, 38.0, 22.0, 22.0, 1
2246, 1.0, 7.0, -0.095, 0.0050, -0.125, 0.0, 1.0, 0.0, 0.0, 0.0, 0.0, 0.0, 0.0, 1.0, 0.0, 0.0, 1.0, 0.0, 0.0, 0.0, 0.0, 10.0, 22.0, 22.0, 1
2246, 7.0, 7.0, -0.125, 0.0050, 0.0050, 0.0, 1.0, 0.0, 0.0, 0.0, 0.0, 0.0, 0.0, 1.0, 0.0, 0.0, 1.0, 0.0, 0.0, 0.0, 0.0, 22.0, 22.0, 27.0, 1
2246, 1.0, 1.0, -0.095, -0.095, 0.0050, 0.0, 1.0, 0.0, 0.0, 0.0, 0.0, 0.0, 0.0, 1.0, 0.0, 0.0, 1.0, 0.0, 0.0, 0.0, 0.0, 10.0, 10.0, 22.0, 1
2246, 7.0, 7.0, 0.0050, 0.0050, 0.0050, 0.0, 1.0, 0.0, 0.0, 0.0, 0.0, 0.0, 0.0, 1.0, 0.0, 0.0, 1.0, 0.0, 0.0, 0.0, 0.0, 22.0, 27.0, 27.0, 1
2246, 1.0, 1.0, 0.0050, -0.095, 0.055, 0.0, 1.0, 0.0, 0.0, 0.0, 0.0, 0.0, 0.0, 1.0, 0.0, 0.0, 0.0, 0.0, 1.0, 0.0, 0.0, 22.0, 10.0, 3.0, 1
2246, 1.0, 1.0, 0.0050, -0.095, 0.055, 0.0, 1.0, 0.0, 0.0, 0.0, 0.0, 0.0, 0.0, 1.0, 0.0, 0.0, 0.0, 0.0, 1.0, 0.0, 0.0, 22.0, 10.0, 3.0, 1
2246, 1.0, 1.0, -0.095, -0.095, 0.055, 0.0, 1.0, 0.0, 0.0, 0.0, 0.0, 0.0, 0.0, 1.0, 0.0, 0.0, 0.0, 0.0, 1.0, 0.0, 0.0, 10.0, 10.0, 3.0, 1
2246, 1.0, 1.0, -0.095, -0.095, 0.0050, 0.0, 1.0, 0.0, 0.0, 0.0, 0.0, 0.0, 0.0, 1.0, 0.0, 0.0, 1.0, 0.0, 0.0, 0.0, 0.0, 10.0, 10.0, 22.0, 1
2246, 1.0, 7.0, -0.095, 0.0050, 0.0050, 0.0, 1.0, 0.0, 0.0, 0.0, 0.0, 0.0, 0.0, 1.0, 0.0, 0.0, 1.0, 0.0, 0.0, 0.0, 0.0, 10.0, 22.0, 27.0, 1
2246, 1.0, 1.0, -0.095, -0.095, 0.055, 0.0, 1.0, 0.0, 0.0, 0.0, 0.0, 0.0, 0.0, 1.0, 0.0, 0.0, 0.0, 0.0, 1.0, 0.0, 0.0, 10.0, 10.0, 3.0, 1
2246, 1.0, 2.0, -0.125, 0.806, -0.394, 0.0, 1.0, 0.0, 0.0, 0.0, 0.0, 0.0, 0.0, 0.0, 1.0, 0.0, 0.0, 0.0, 0.0, 0.0, 1.0, 22.0, 38.0, 40.0, 1
2246, 1.0, 7.0, -0.095, 0.0050, -0.125, 0.0, 1.0, 0.0, 0.0, 0.0, 0.0, 0.0, 0.0, 1.0, 0.0, 0.0, 1.0, 0.0, 0.0, 0.0, 0.0, 10.0, 22.0, 22.0, 1
2246, 1.0, 2.0, -0.125, 0.806, -0.394, 0.0, 1.0, 0.0, 0.0, 0.0, 0.0, 0.0, 0.0, 0.0, 1.0, 0.0, 0.0, 0.0, 0.0, 0.0, 1.0, 22.0, 38.0, 40.0, 1
5148, 7.0, 7.0, -0.142, -0.142, 0.188, 0.0, 1.0, 0.0, 0.0, 0.0, 0.0, 0.0, 0.0, 1.0, 0.0, 0.0, 1.0, 0.0, 0.0, 0.0, 0.0, 22.0, 22.0, 22.0, 1
5148, 1.0, 7.0, 0.118, -0.142, -0.142, 0.0, 0.0, 0.0, 0.0, 1.0, 0.0, 0.0, 0.0, 1.0, 0.0, 0.0, 1.0, 0.0, 0.0, 0.0, 0.0, 3.0, 22.0, 22.0, 1
5148, 7.0, 7.0, -0.142, 0.188, 0.188, 0.0, 1.0, 0.0, 0.0, 0.0, 0.0, 0.0, 0.0, 1.0, 0.0, 0.0, 1.0, 0.0, 0.0, 0.0, 0.0, 22.0, 22.0, 22.0, 1
5148, 1.0, 7.0, -0.412, 0.188, -0.142, 0.0, 0.0, 0.0, 0.0, 0.0, 0.0, 1.0, 0.0, 1.0, 0.0, 0.0, 1.0, 0.0, 0.0, 0.0, 0.0, 32.0, 22.0, 22.0, 1
5148, 7.0, 7.0, -0.142, 0.188, 0.188, 0.0, 1.0, 0.0, 0.0, 0.0, 0.0, 0.0, 0.0, 1.0, 0.0, 0.0, 1.0, 0.0, 0.0, 0.0, 0.0, 22.0, 22.0, 22.0, 1
5148, 1.0, 7.0, -0.412, 0.188, 0.188, 0.0, 0.0, 0.0, 0.0, 0.0, 0.0, 1.0, 0.0, 1.0, 0.0, 0.0, 1.0, 0.0, 0.0, 0.0, 0.0, 32.0, 22.0, 22.0, 1
5148, 7.0, 7.0, -0.142, -0.142, 0.188, 0.0, 1.0, 0.0, 0.0, 0.0, 0.0, 0.0, 0.0, 1.0, 0.0, 0.0, 1.0, 0.0, 0.0, 0.0, 0.0, 22.0, 22.0, 22.0, 1
5148, 1.0, 7.0, 0.118, -0.142, 0.188, 0.0, 0.0, 0.0, 0.0, 1.0, 0.0, 0.0, 0.0, 1.0, 0.0, 0.0, 1.0, 0.0, 0.0, 0.0, 0.0, 3.0, 22.0, 22.0, 1
5148, 1.0, 7.0, 0.118, -0.142, -0.142, 0.0, 0.0, 0.0, 0.0, 1.0, 0.0, 0.0, 0.0, 1.0, 0.0, 0.0, 1.0, 0.0, 0.0, 0.0, 0.0, 3.0, 22.0, 22.0, 1
5148, 1.0, 7.0, 0.787, -0.142, -0.142, 0.0, 0.0, 0.0, 0.0, 0.0, 0.0, 1.0, 0.0, 1.0, 0.0, 0.0, 1.0, 0.0, 0.0, 0.0, 0.0, 38.0, 22.0, 22.0, 1
5148, 1.0, 1.0, 0.188, -0.412, 0.288, 0.0, 1.0, 0.0, 0.0, 0.0, 0.0, 0.0, 0.0, 0.0, 1.0, 0.0, 0.0, 0.0, 1.0, 0.0, 0.0, 22.0, 32.0, 1.0, 1
5148, 1.0, 7.0, -0.412, 0.188, 0.188, 0.0, 0.0, 0.0, 0.0, 0.0, 0.0, 1.0, 0.0, 1.0, 0.0, 0.0, 1.0, 0.0, 0.0, 0.0, 0.0, 32.0, 22.0, 22.0, 1
5148, 1.0, 7.0, -0.412, 0.188, -0.142, 0.0, 0.0, 0.0, 0.0, 0.0, 0.0, 1.0, 0.0, 1.0, 0.0, 0.0, 1.0, 0.0, 0.0, 0.0, 0.0, 32.0, 22.0, 22.0, 1
5148, 1.0, 7.0, -0.412, 0.188, 0.188, 0.0, 0.0, 0.0, 0.0, 0.0, 0.0, 1.0, 0.0, 1.0, 0.0, 0.0, 1.0, 0.0, 0.0, 0.0, 0.0, 32.0, 22.0, 22.0, 1
5148, 7.0, 7.0, -0.142, 0.188, 0.188, 0.0, 1.0, 0.0, 0.0, 0.0, 0.0, 0.0, 0.0, 1.0, 0.0, 0.0, 1.0, 0.0, 0.0, 0.0, 0.0, 22.0, 22.0, 22.0, 1
5148, 1.0, 1.0, 0.188, -0.412, 0.288, 0.0, 1.0, 0.0, 0.0, 0.0, 0.0, 0.0, 0.0, 0.0, 1.0, 0.0, 0.0, 0.0, 1.0, 0.0, 0.0, 22.0, 32.0, 1.0, 1
5148, 1.0, 7.0, -0.412, 0.188, 0.188, 0.0, 0.0, 0.0, 0.0, 0.0, 0.0, 1.0, 0.0, 1.0, 0.0, 0.0, 1.0, 0.0, 0.0, 0.0, 0.0, 32.0, 22.0, 22.0, 1
5148, 1.0, 7.0, -0.412, 0.188, -0.142, 0.0, 0.0, 0.0, 0.0, 0.0, 0.0, 1.0, 0.0, 1.0, 0.0, 0.0, 1.0, 0.0, 0.0, 0.0, 0.0, 32.0, 22.0, 22.0, 1
5148, 1.0, 7.0, 0.118, -0.142, 0.188, 0.0, 0.0, 0.0, 0.0, 1.0, 0.0, 0.0, 0.0, 1.0, 0.0, 0.0, 1.0, 0.0, 0.0, 0.0, 0.0, 3.0, 22.0, 22.0, 1
5148, 7.0, 7.0, -0.142, -0.142, 0.188, 0.0, 1.0, 0.0, 0.0, 0.0, 0.0, 0.0, 0.0, 1.0, 0.0, 0.0, 1.0, 0.0, 0.0, 0.0, 0.0, 22.0, 22.0, 22.0, 1
5148, 1.0, 7.0, 0.787, -0.142, -0.142, 0.0, 0.0, 0.0, 0.0, 0.0, 0.0, 1.0, 0.0, 1.0, 0.0, 0.0, 1.0, 0.0, 0.0, 0.0, 0.0, 38.0, 22.0, 22.0, 1
5148, 1.0, 7.0, 0.118, -0.142, -0.142, 0.0, 0.0, 0.0, 0.0, 1.0, 0.0, 0.0, 0.0, 1.0, 0.0, 0.0, 1.0, 0.0, 0.0, 0.0, 0.0, 3.0, 22.0, 22.0, 1
5148, 1.0, 7.0, 0.118, -0.142, -0.142, 0.0, 0.0, 0.0, 0.0, 1.0, 0.0, 0.0, 0.0, 1.0, 0.0, 0.0, 1.0, 0.0, 0.0, 0.0, 0.0, 3.0, 22.0, 22.0, 1
5148, 7.0, 7.0, -0.142, -0.142, 0.188, 0.0, 1.0, 0.0, 0.0, 0.0, 0.0, 0.0, 0.0, 1.0, 0.0, 0.0, 1.0, 0.0, 0.0, 0.0, 0.0, 22.0, 22.0, 22.0, 1
5148, 7.0, 7.0, -0.142, 0.188, 0.188, 0.0, 1.0, 0.0, 0.0, 0.0, 0.0, 0.0, 0.0, 1.0, 0.0, 0.0, 1.0, 0.0, 0.0, 0.0, 0.0, 22.0, 22.0, 22.0, 1
5148, 1.0, 7.0, -0.412, 0.188, -0.142, 0.0, 0.0, 0.0, 0.0, 0.0, 0.0, 1.0, 0.0, 1.0, 0.0, 0.0, 1.0, 0.0, 0.0, 0.0, 0.0, 32.0, 22.0, 22.0, 1
5148, 1.0, 2.0, -0.142, 0.787, -0.413, 0.0, 1.0, 0.0, 0.0, 0.0, 0.0, 0.0, 0.0, 0.0, 1.0, 0.0, 0.0, 0.0, 0.0, 0.0, 1.0, 22.0, 38.0, 40.0, 1
5148, 1.0, 2.0, -0.142, 0.787, -0.413, 0.0, 1.0, 0.0, 0.0, 0.0, 0.0, 0.0, 0.0, 0.0, 1.0, 0.0, 0.0, 0.0, 0.0, 0.0, 1.0, 22.0, 38.0, 40.0, 1
5148, 1.0, 2.0, -0.142, 0.787, -0.412, 0.0, 1.0, 0.0, 0.0, 0.0, 0.0, 0.0, 0.0, 0.0, 1.0, 0.0, 0.0, 0.0, 0.0, 0.0, 1.0, 22.0, 38.0, 40.0, 1
5148, 1.0, 2.0, -0.142, 0.787, -0.412, 0.0, 1.0, 0.0, 0.0, 0.0, 0.0, 0.0, 0.0, 0.0, 1.0, 0.0, 0.0, 0.0, 0.0, 0.0, 1.0, 22.0, 38.0, 40.0, 1
518, 1.0, 7.0, 0.145, -0.114, -0.114, 0.0, 0.0, 0.0, 0.0, 1.0, 0.0, 0.0, 0.0, 1.0, 0.0, 0.0, 1.0, 0.0, 0.0, 0.0, 0.0, 3.0, 22.0, 22.0, 1
518, 7.0, 7.0, -0.114, -0.114, 0.016, 0.0, 1.0, 0.0, 0.0, 0.0, 0.0, 0.0, 0.0, 1.0, 0.0, 0.0, 1.0, 0.0, 0.0, 0.0, 0.0, 22.0, 22.0, 29.0, 1
518, 1.0, 7.0, 0.016, -0.114, -0.114, 0.0, 1.0, 0.0, 0.0, 0.0, 0.0, 0.0, 0.0, 1.0, 0.0, 0.0, 1.0, 0.0, 0.0, 0.0, 0.0, 10.0, 22.0, 22.0, 1
518, 1.0, 7.0, 0.016, 0.016, -0.114, 0.0, 1.0, 0.0, 0.0, 0.0, 0.0, 0.0, 0.0, 1.0, 0.0, 0.0, 1.0, 0.0, 0.0, 0.0, 0.0, 29.0, 29.0, 22.0, 1
518, 7.0, 7.0, -0.114, -0.114, 0.016, 0.0, 1.0, 0.0, 0.0, 0.0, 0.0, 0.0, 0.0, 1.0, 0.0, 0.0, 1.0, 0.0, 0.0, 0.0, 0.0, 22.0, 22.0, 29.0, 1
518, 1.0, 7.0, 0.145, -0.114, 0.016, 0.0, 0.0, 0.0, 0.0, 1.0, 0.0, 0.0, 0.0, 1.0, 0.0, 0.0, 1.0, 0.0, 0.0, 0.0, 0.0, 3.0, 22.0, 29.0, 1
518, 1.0, 7.0, 0.145, -0.114, -0.114, 0.0, 0.0, 0.0, 0.0, 1.0, 0.0, 0.0, 0.0, 1.0, 0.0, 0.0, 1.0, 0.0, 0.0, 0.0, 0.0, 3.0, 22.0, 22.0, 1
518, 1.0, 7.0, 0.815, -0.114, -0.114, 0.0, 0.0, 0.0, 0.0, 0.0, 0.0, 1.0, 0.0, 1.0, 0.0, 0.0, 1.0, 0.0, 0.0, 0.0, 0.0, 38.0, 22.0, 22.0, 1
518, 1.0, 7.0, 0.145, -0.114, -0.114, 0.0, 0.0, 0.0, 0.0, 1.0, 0.0, 0.0, 0.0, 1.0, 0.0, 0.0, 1.0, 0.0, 0.0, 0.0, 0.0, 3.0, 22.0, 22.0, 1
518, 1.0, 7.0, 0.815, -0.114, -0.114, 0.0, 0.0, 0.0, 0.0, 0.0, 0.0, 1.0, 0.0, 1.0, 0.0, 0.0, 1.0, 0.0, 0.0, 0.0, 0.0, 38.0, 22.0, 22.0, 1
518, 1.0, 7.0, 0.145, -0.114, -0.114, 0.0, 0.0, 0.0, 0.0, 1.0, 0.0, 0.0, 0.0, 1.0, 0.0, 0.0, 1.0, 0.0, 0.0, 0.0, 0.0, 3.0, 22.0, 22.0, 1
518, 7.0, 7.0, -0.114, -0.114, 0.016, 0.0, 1.0, 0.0, 0.0, 0.0, 0.0, 0.0, 0.0, 1.0, 0.0, 0.0, 1.0, 0.0, 0.0, 0.0, 0.0, 22.0, 22.0, 29.0, 1
518, 1.0, 7.0, 0.145, -0.114, -0.114, 0.0, 0.0, 0.0, 0.0, 1.0, 0.0, 0.0, 0.0, 1.0, 0.0, 0.0, 1.0, 0.0, 0.0, 0.0, 0.0, 3.0, 22.0, 22.0, 1
518, 1.0, 7.0, 0.016, 0.016, -0.114, 0.0, 1.0, 0.0, 0.0, 0.0, 0.0, 0.0, 0.0, 1.0, 0.0, 0.0, 1.0, 0.0, 0.0, 0.0, 0.0, 29.0, 29.0, 22.0, 1
518, 7.0, 7.0, -0.114, -0.114, 0.016, 0.0, 1.0, 0.0, 0.0, 0.0, 0.0, 0.0, 0.0, 1.0, 0.0, 0.0, 1.0, 0.0, 0.0, 0.0, 0.0, 22.0, 22.0, 29.0, 1
518, 1.0, 7.0, 0.016, -0.114, 0.016, 0.0, 1.0, 0.0, 0.0, 0.0, 0.0, 0.0, 0.0, 1.0, 0.0, 0.0, 1.0, 0.0, 0.0, 0.0, 0.0, 10.0, 22.0, 29.0, 1
518, 1.0, 7.0, 0.016, 0.016, -0.114, 0.0, 1.0, 0.0, 0.0, 0.0, 0.0, 0.0, 0.0, 1.0, 0.0, 0.0, 1.0, 0.0, 0.0, 0.0, 0.0, 29.0, 29.0, 22.0, 1
518, 1.0, 7.0, 0.016, 0.016, -0.114, 0.0, 1.0, 0.0, 0.0, 0.0, 0.0, 0.0, 0.0, 1.0, 0.0, 0.0, 1.0, 0.0, 0.0, 0.0, 0.0, 29.0, 29.0, 22.0, 1
518, 1.0, 1.0, -0.114, 0.016, 0.066, 0.0, 1.0, 0.0, 0.0, 0.0, 0.0, 0.0, 0.0, 1.0, 0.0, 0.0, 0.0, 0.0, 1.0, 0.0, 0.0, 22.0, 10.0, 3.0, 1
518, 1.0, 1.0, -0.114, 0.016, 0.066, 0.0, 1.0, 0.0, 0.0, 0.0, 0.0, 0.0, 0.0, 1.0, 0.0, 0.0, 0.0, 0.0, 1.0, 0.0, 0.0, 22.0, 10.0, 3.0, 1
518, 1.0, 7.0, 0.016, -0.114, 0.016, 0.0, 1.0, 0.0, 0.0, 0.0, 0.0, 0.0, 0.0, 1.0, 0.0, 0.0, 1.0, 0.0, 0.0, 0.0, 0.0, 10.0, 22.0, 29.0, 1
518, 1.0, 7.0, 0.016, -0.114, -0.114, 0.0, 1.0, 0.0, 0.0, 0.0, 0.0, 0.0, 0.0, 1.0, 0.0, 0.0, 1.0, 0.0, 0.0, 0.0, 0.0, 10.0, 22.0, 22.0, 1
518, 1.0, 2.0, -0.114, 0.815, -0.385, 0.0, 1.0, 0.0, 0.0, 0.0, 0.0, 0.0, 0.0, 0.0, 1.0, 0.0, 0.0, 0.0, 0.0, 0.0, 1.0, 22.0, 38.0, 40.0, 1
518, 1.0, 2.0, -0.114, 0.815, -0.385, 0.0, 1.0, 0.0, 0.0, 0.0, 0.0, 0.0, 0.0, 0.0, 1.0, 0.0, 0.0, 0.0, 0.0, 0.0, 1.0, 22.0, 38.0, 40.0, 1
518, 1.0, 2.0, -0.114, 0.815, -0.385, 0.0, 1.0, 0.0, 0.0, 0.0, 0.0, 0.0, 0.0, 0.0, 1.0, 0.0, 0.0, 0.0, 0.0, 0.0, 1.0, 22.0, 38.0, 40.0, 1
518, 1.0, 2.0, -0.114, 0.815, -0.385, 0.0, 1.0, 0.0, 0.0, 0.0, 0.0, 0.0, 0.0, 0.0, 1.0, 0.0, 0.0, 0.0, 0.0, 0.0, 1.0, 22.0, 38.0, 40.0, 1
5292, 1.0, 7.0, 0.152, -0.107, -0.107, 0.0, 0.0, 0.0, 0.0, 1.0, 0.0, 0.0, 0.0, 1.0, 0.0, 0.0, 1.0, 0.0, 0.0, 0.0, 0.0, 3.0, 22.0, 22.0, 1
5292, 7.0, 7.0, -0.107, -0.107, 0.023, 0.0, 1.0, 0.0, 0.0, 0.0, 0.0, 0.0, 0.0, 1.0, 0.0, 0.0, 1.0, 0.0, 0.0, 0.0, 0.0, 22.0, 22.0, 29.0, 1
5292, 1.0, 7.0, 0.023, -0.107, -0.107, 0.0, 1.0, 0.0, 0.0, 0.0, 0.0, 0.0, 0.0, 1.0, 0.0, 0.0, 1.0, 0.0, 0.0, 0.0, 0.0, 10.0, 22.0, 22.0, 1
5292, 1.0, 7.0, 0.023, 0.023, -0.107, 0.0, 1.0, 0.0, 0.0, 0.0, 0.0, 0.0, 0.0, 1.0, 0.0, 0.0, 1.0, 0.0, 0.0, 0.0, 0.0, 29.0, 29.0, 22.0, 1
5292, 7.0, 7.0, -0.107, -0.107, 0.023, 0.0, 1.0, 0.0, 0.0, 0.0, 0.0, 0.0, 0.0, 1.0, 0.0, 0.0, 1.0, 0.0, 0.0, 0.0, 0.0, 22.0, 22.0, 29.0, 1
5292, 1.0, 7.0, 0.152, -0.107, 0.023, 0.0, 0.0, 0.0, 0.0, 1.0, 0.0, 0.0, 0.0, 1.0, 0.0, 0.0, 1.0, 0.0, 0.0, 0.0, 0.0, 3.0, 22.0, 29.0, 1
5292, 1.0, 7.0, 0.153, -0.107, -0.107, 0.0, 0.0, 0.0, 0.0, 1.0, 0.0, 0.0, 0.0, 1.0, 0.0, 0.0, 1.0, 0.0, 0.0, 0.0, 0.0, 3.0, 22.0, 22.0, 1
5292, 1.0, 7.0, 0.822, -0.107, -0.107, 0.0, 0.0, 0.0, 0.0, 0.0, 0.0, 1.0, 0.0, 1.0, 0.0, 0.0, 1.0, 0.0, 0.0, 0.0, 0.0, 38.0, 22.0, 22.0, 1
5292, 1.0, 7.0, 0.153, -0.107, -0.107, 0.0, 0.0, 0.0, 0.0, 1.0, 0.0, 0.0, 0.0, 1.0, 0.0, 0.0, 1.0, 0.0, 0.0, 0.0, 0.0, 3.0, 22.0, 22.0, 1
5292, 1.0, 7.0, -0.127, -0.107, -0.107, 1.0, 0.0, 0.0, 0.0, 0.0, 0.0, 0.0, 0.0, 1.0, 0.0, 0.0, 1.0, 0.0, 0.0, 0.0, 0.0, 94.0, 22.0, 22.0, 1
5292, 1.0, 7.0, 0.153, -0.107, -0.107, 0.0, 0.0, 0.0, 0.0, 1.0, 0.0, 0.0, 0.0, 1.0, 0.0, 0.0, 1.0, 0.0, 0.0, 0.0, 0.0, 3.0, 22.0, 22.0, 1
5292, 7.0, 7.0, -0.107, -0.107, 0.023, 0.0, 1.0, 0.0, 0.0, 0.0, 0.0, 0.0, 0.0, 1.0, 0.0, 0.0, 1.0, 0.0, 0.0, 0.0, 0.0, 22.0, 22.0, 29.0, 1
5292, 1.0, 7.0, 0.153, -0.107, -0.107, 0.0, 0.0, 0.0, 0.0, 1.0, 0.0, 0.0, 0.0, 1.0, 0.0, 0.0, 1.0, 0.0, 0.0, 0.0, 0.0, 3.0, 22.0, 22.0, 1
5292, 1.0, 7.0, 0.023, 0.023, -0.107, 0.0, 1.0, 0.0, 0.0, 0.0, 0.0, 0.0, 0.0, 1.0, 0.0, 0.0, 1.0, 0.0, 0.0, 0.0, 0.0, 29.0, 29.0, 22.0, 1
5292, 7.0, 7.0, -0.107, -0.107, 0.023, 0.0, 1.0, 0.0, 0.0, 0.0, 0.0, 0.0, 0.0, 1.0, 0.0, 0.0, 1.0, 0.0, 0.0, 0.0, 0.0, 22.0, 22.0, 29.0, 1
5292, 1.0, 7.0, 0.023, -0.107, 0.023, 0.0, 1.0, 0.0, 0.0, 0.0, 0.0, 0.0, 0.0, 1.0, 0.0, 0.0, 1.0, 0.0, 0.0, 0.0, 0.0, 10.0, 22.0, 29.0, 1
5292, 1.0, 7.0, 0.023, 0.023, -0.107, 0.0, 1.0, 0.0, 0.0, 0.0, 0.0, 0.0, 0.0, 1.0, 0.0, 0.0, 1.0, 0.0, 0.0, 0.0, 0.0, 29.0, 29.0, 22.0, 1
5292, 1.0, 7.0, 0.023, 0.023, -0.107, 0.0, 1.0, 0.0, 0.0, 0.0, 0.0, 0.0, 0.0, 1.0, 0.0, 0.0, 1.0, 0.0, 0.0, 0.0, 0.0, 29.0, 29.0, 22.0, 1
5292, 1.0, 1.0, -0.107, 0.023, 0.073, 0.0, 1.0, 0.0, 0.0, 0.0, 0.0, 0.0, 0.0, 1.0, 0.0, 0.0, 0.0, 0.0, 1.0, 0.0, 0.0, 22.0, 10.0, 3.0, 1
5292, 1.0, 1.0, -0.107, 0.023, 0.073, 0.0, 1.0, 0.0, 0.0, 0.0, 0.0, 0.0, 0.0, 1.0, 0.0, 0.0, 0.0, 0.0, 1.0, 0.0, 0.0, 22.0, 10.0, 3.0, 1
5292, 1.0, 1.0, -0.107, 0.023, 0.073, 0.0, 1.0, 0.0, 0.0, 0.0, 0.0, 0.0, 0.0, 1.0, 0.0, 0.0, 0.0, 0.0, 1.0, 0.0, 0.0, 22.0, 10.0, 3.0, 1
5292, 1.0, 1.0, -0.107, 0.023, 0.073, 0.0, 1.0, 0.0, 0.0, 0.0, 0.0, 0.0, 0.0, 1.0, 0.0, 0.0, 0.0, 0.0, 1.0, 0.0, 0.0, 22.0, 10.0, 3.0, 1
5292, 1.0, 2.0, -0.107, 0.822, -0.378, 0.0, 1.0, 0.0, 0.0, 0.0, 0.0, 0.0, 0.0, 0.0, 1.0, 0.0, 0.0, 0.0, 0.0, 0.0, 1.0, 22.0, 38.0, 40.0, 1
5292, 1.0, 2.0, -0.107, 0.822, -0.378, 0.0, 1.0, 0.0, 0.0, 0.0, 0.0, 0.0, 0.0, 0.0, 1.0, 0.0, 0.0, 0.0, 0.0, 0.0, 1.0, 22.0, 38.0, 40.0, 1
5292, 1.0, 2.0, -0.107, 0.822, -0.378, 0.0, 1.0, 0.0, 0.0, 0.0, 0.0, 0.0, 0.0, 0.0, 1.0, 0.0, 0.0, 0.0, 0.0, 0.0, 1.0, 22.0, 38.0, 40.0, 1
251, 1.0, 7.0, 0.144, -0.116, -0.116, 0.0, 0.0, 0.0, 0.0, 1.0, 0.0, 0.0, 0.0, 1.0, 0.0, 0.0, 1.0, 0.0, 0.0, 0.0, 0.0, 3.0, 22.0, 22.0, 1
251, 7.0, 7.0, -0.116, -0.116, 0.014, 0.0, 1.0, 0.0, 0.0, 0.0, 0.0, 0.0, 0.0, 1.0, 0.0, 0.0, 1.0, 0.0, 0.0, 0.0, 0.0, 22.0, 22.0, 29.0, 1
251, 1.0, 7.0, 0.144, -0.116, -0.116, 0.0, 0.0, 0.0, 0.0, 1.0, 0.0, 0.0, 0.0, 1.0, 0.0, 0.0, 1.0, 0.0, 0.0, 0.0, 0.0, 3.0, 22.0, 22.0, 1
251, 1.0, 7.0, 0.014, 0.014, -0.116, 0.0, 1.0, 0.0, 0.0, 0.0, 0.0, 0.0, 0.0, 1.0, 0.0, 0.0, 1.0, 0.0, 0.0, 0.0, 0.0, 29.0, 29.0, 22.0, 1
251, 7.0, 7.0, -0.116, -0.116, 0.014, 0.0, 1.0, 0.0, 0.0, 0.0, 0.0, 0.0, 0.0, 1.0, 0.0, 0.0, 1.0, 0.0, 0.0, 0.0, 0.0, 22.0, 22.0, 29.0, 1
251, 1.0, 7.0, 0.144, -0.116, 0.014, 0.0, 0.0, 0.0, 0.0, 1.0, 0.0, 0.0, 0.0, 1.0, 0.0, 0.0, 1.0, 0.0, 0.0, 0.0, 0.0, 3.0, 22.0, 29.0, 1
251, 1.0, 7.0, 0.144, -0.116, -0.116, 0.0, 0.0, 0.0, 0.0, 1.0, 0.0, 0.0, 0.0, 1.0, 0.0, 0.0, 1.0, 0.0, 0.0, 0.0, 0.0, 3.0, 22.0, 22.0, 1
251, 1.0, 7.0, 0.814, -0.116, -0.116, 0.0, 0.0, 0.0, 0.0, 0.0, 0.0, 1.0, 0.0, 1.0, 0.0, 0.0, 1.0, 0.0, 0.0, 0.0, 0.0, 38.0, 22.0, 22.0, 1
251, 7.0, 7.0, -0.116, -0.116, 0.014, 0.0, 1.0, 0.0, 0.0, 0.0, 0.0, 0.0, 0.0, 1.0, 0.0, 0.0, 1.0, 0.0, 0.0, 0.0, 0.0, 22.0, 22.0, 29.0, 1
251, 1.0, 7.0, 0.144, -0.116, 0.014, 0.0, 0.0, 0.0, 0.0, 1.0, 0.0, 0.0, 0.0, 1.0, 0.0, 0.0, 1.0, 0.0, 0.0, 0.0, 0.0, 3.0, 22.0, 29.0, 1
251, 1.0, 7.0, 0.144, -0.116, -0.116, 0.0, 0.0, 0.0, 0.0, 1.0, 0.0, 0.0, 0.0, 1.0, 0.0, 0.0, 1.0, 0.0, 0.0, 0.0, 0.0, 3.0, 22.0, 22.0, 1
251, 1.0, 7.0, 0.813, -0.116, -0.116, 0.0, 0.0, 0.0, 0.0, 0.0, 0.0, 1.0, 0.0, 1.0, 0.0, 0.0, 1.0, 0.0, 0.0, 0.0, 0.0, 38.0, 22.0, 22.0, 1
251, 1.0, 7.0, 0.144, -0.116, -0.116, 0.0, 0.0, 0.0, 0.0, 1.0, 0.0, 0.0, 0.0, 1.0, 0.0, 0.0, 1.0, 0.0, 0.0, 0.0, 0.0, 3.0, 22.0, 22.0, 1
251, 7.0, 7.0, -0.116, -0.116, 0.014, 0.0, 1.0, 0.0, 0.0, 0.0, 0.0, 0.0, 0.0, 1.0, 0.0, 0.0, 1.0, 0.0, 0.0, 0.0, 0.0, 22.0, 22.0, 29.0, 1
251, 1.0, 7.0, 0.813, -0.116, -0.116, 0.0, 0.0, 0.0, 0.0, 0.0, 0.0, 1.0, 0.0, 1.0, 0.0, 0.0, 1.0, 0.0, 0.0, 0.0, 0.0, 38.0, 22.0, 22.0, 1
251, 1.0, 7.0, 0.014, 0.014, -0.116, 0.0, 1.0, 0.0, 0.0, 0.0, 0.0, 0.0, 0.0, 1.0, 0.0, 0.0, 1.0, 0.0, 0.0, 0.0, 0.0, 29.0, 29.0, 22.0, 1
251, 1.0, 7.0, 0.014, 0.014, -0.116, 0.0, 1.0, 0.0, 0.0, 0.0, 0.0, 0.0, 0.0, 1.0, 0.0, 0.0, 1.0, 0.0, 0.0, 0.0, 0.0, 29.0, 29.0, 22.0, 1
251, 1.0, 7.0, 0.014, 0.014, -0.116, 0.0, 1.0, 0.0, 0.0, 0.0, 0.0, 0.0, 0.0, 1.0, 0.0, 0.0, 1.0, 0.0, 0.0, 0.0, 0.0, 29.0, 29.0, 22.0, 1
251, 1.0, 7.0, 0.813, -0.116, -0.116, 0.0, 0.0, 0.0, 0.0, 0.0, 0.0, 1.0, 0.0, 1.0, 0.0, 0.0, 1.0, 0.0, 0.0, 0.0, 0.0, 38.0, 22.0, 22.0, 1
251, 1.0, 7.0, 0.813, -0.116, 0.014, 0.0, 0.0, 0.0, 0.0, 0.0, 0.0, 1.0, 0.0, 1.0, 0.0, 0.0, 1.0, 0.0, 0.0, 0.0, 0.0, 38.0, 22.0, 29.0, 1
251, 1.0, 2.0, -0.116, 0.813, -0.386, 0.0, 1.0, 0.0, 0.0, 0.0, 0.0, 0.0, 0.0, 0.0, 1.0, 0.0, 0.0, 0.0, 0.0, 0.0, 1.0, 22.0, 38.0, 40.0, 1
251, 1.0, 2.0, -0.116, 0.813, -0.386, 0.0, 1.0, 0.0, 0.0, 0.0, 0.0, 0.0, 0.0, 0.0, 1.0, 0.0, 0.0, 0.0, 0.0, 0.0, 1.0, 22.0, 38.0, 40.0, 1
251, 1.0, 2.0, -0.116, 0.814, -0.386, 0.0, 1.0, 0.0, 0.0, 0.0, 0.0, 0.0, 0.0, 0.0, 1.0, 0.0, 0.0, 0.0, 0.0, 0.0, 1.0, 22.0, 38.0, 40.0, 1
251, 1.0, 2.0, -0.116, 0.814, -0.386, 0.0, 1.0, 0.0, 0.0, 0.0, 0.0, 0.0, 0.0, 0.0, 1.0, 0.0, 0.0, 0.0, 0.0, 0.0, 1.0, 22.0, 38.0, 40.0, 1
251, 1.0, 2.0, -0.116, 0.813, -0.386, 0.0, 1.0, 0.0, 0.0, 0.0, 0.0, 0.0, 0.0, 0.0, 1.0, 0.0, 0.0, 0.0, 0.0, 0.0, 1.0, 22.0, 38.0, 40.0, 1
251, 1.0, 2.0, -0.116, 0.813, -0.386, 0.0, 1.0, 0.0, 0.0, 0.0, 0.0, 0.0, 0.0, 0.0, 1.0, 0.0, 0.0, 0.0, 0.0, 0.0, 1.0, 22.0, 38.0, 40.0, 1
251, 1.0, 2.0, -0.116, 0.814, -0.386, 0.0, 1.0, 0.0, 0.0, 0.0, 0.0, 0.0, 0.0, 0.0, 1.0, 0.0, 0.0, 0.0, 0.0, 0.0, 1.0, 22.0, 38.0, 40.0, 1
2447, 1.0, 7.0, 0.139, -0.122, -0.122, 0.0, 0.0, 0.0, 0.0, 1.0, 0.0, 0.0, 0.0, 1.0, 0.0, 0.0, 1.0, 0.0, 0.0, 0.0, 0.0, 3.0, 22.0, 22.0, 1
2447, 7.0, 7.0, -0.122, -0.122, 0.108, 0.0, 1.0, 0.0, 0.0, 0.0, 0.0, 0.0, 0.0, 1.0, 0.0, 0.0, 1.0, 0.0, 0.0, 0.0, 0.0, 22.0, 22.0, 22.0, 1
2447, 1.0, 7.0, 0.108, -0.122, -0.122, 0.0, 1.0, 0.0, 0.0, 0.0, 0.0, 0.0, 0.0, 1.0, 0.0, 0.0, 1.0, 0.0, 0.0, 0.0, 0.0, 10.0, 22.0, 22.0, 1
2447, 1.0, 7.0, -0.191, 0.108, -0.122, 0.0, 1.0, 0.0, 0.0, 0.0, 0.0, 0.0, 0.0, 1.0, 0.0, 0.0, 1.0, 0.0, 0.0, 0.0, 0.0, 16.0, 22.0, 22.0, 1
2447, 7.0, 7.0, -0.122, -0.122, 0.108, 0.0, 1.0, 0.0, 0.0, 0.0, 0.0, 0.0, 0.0, 1.0, 0.0, 0.0, 1.0, 0.0, 0.0, 0.0, 0.0, 22.0, 22.0, 22.0, 1
2447, 1.0, 7.0, 0.139, -0.122, 0.108, 0.0, 0.0, 0.0, 0.0, 1.0, 0.0, 0.0, 0.0, 1.0, 0.0, 0.0, 1.0, 0.0, 0.0, 0.0, 0.0, 3.0, 22.0, 22.0, 1
2447, 1.0, 7.0, 0.809, -0.122, -0.122, 0.0, 0.0, 0.0, 0.0, 0.0, 0.0, 1.0, 0.0, 1.0, 0.0, 0.0, 1.0, 0.0, 0.0, 0.0, 0.0, 38.0, 22.0, 22.0, 1
2447, 1.0, 7.0, 0.139, -0.122, -0.122, 0.0, 0.0, 0.0, 0.0, 1.0, 0.0, 0.0, 0.0, 1.0, 0.0, 0.0, 1.0, 0.0, 0.0, 0.0, 0.0, 3.0, 22.0, 22.0, 1
2447, 1.0, 1.0, -0.191, 0.108, -0.122, 0.0, 1.0, 0.0, 0.0, 0.0, 0.0, 0.0, 0.0, 1.0, 0.0, 0.0, 1.0, 0.0, 0.0, 0.0, 0.0, 16.0, 10.0, 22.0, 1
2447, 1.0, 1.0, -0.122, 0.108, 0.058, 0.0, 1.0, 0.0, 0.0, 0.0, 0.0, 0.0, 0.0, 1.0, 0.0, 0.0, 0.0, 0.0, 1.0, 0.0, 0.0, 22.0, 10.0, 3.0, 1
2447, 1.0, 1.0, -0.122, 0.108, 0.058, 0.0, 1.0, 0.0, 0.0, 0.0, 0.0, 0.0, 0.0, 1.0, 0.0, 0.0, 0.0, 0.0, 1.0, 0.0, 0.0, 22.0, 10.0, 3.0, 1
2447, 1.0, 1.0, 0.108, -0.191, 0.108, 0.0, 1.0, 0.0, 0.0, 0.0, 0.0, 0.0, 0.0, 1.0, 0.0, 0.0, 0.0, 0.0, 1.0, 0.0, 0.0, 10.0, 16.0, 3.0, 1
2447, 1.0, 2.0, 0.108, -0.191, -0.191, 0.0, 1.0, 0.0, 0.0, 0.0, 0.0, 0.0, 0.0, 1.0, 0.0, 0.0, 1.0, 0.0, 0.0, 0.0, 0.0, 10.0, 16.0, 16.0, 1
2447, 1.0, 2.0, 0.108, -0.191, -0.191, 0.0, 1.0, 0.0, 0.0, 0.0, 0.0, 0.0, 0.0, 1.0, 0.0, 0.0, 1.0, 0.0, 0.0, 0.0, 0.0, 22.0, 16.0, 16.0, 1
2447, 1.0, 1.0, 0.108, -0.191, 0.108, 0.0, 1.0, 0.0, 0.0, 0.0, 0.0, 0.0, 0.0, 1.0, 0.0, 0.0, 0.0, 0.0, 1.0, 0.0, 0.0, 22.0, 16.0, 3.0, 1
2447, 1.0, 2.0, 0.108, -0.191, -0.191, 0.0, 0.0, 0.0, 0.0, 1.0, 0.0, 0.0, 0.0, 1.0, 0.0, 0.0, 1.0, 0.0, 0.0, 0.0, 0.0, 3.0, 16.0, 16.0, 1
2447, 1.0, 2.0, -0.122, 0.809, -0.391, 0.0, 1.0, 0.0, 0.0, 0.0, 0.0, 0.0, 0.0, 0.0, 1.0, 0.0, 0.0, 0.0, 0.0, 0.0, 1.0, 22.0, 38.0, 40.0, 1
2447, 1.0, 2.0, 0.108, -0.191, -0.191, 0.0, 1.0, 0.0, 0.0, 0.0, 0.0, 0.0, 0.0, 1.0, 0.0, 0.0, 1.0, 0.0, 0.0, 0.0, 0.0, 10.0, 16.0, 16.0, 1
2447, 1.0, 2.0, -0.122, 0.809, -0.391, 0.0, 1.0, 0.0, 0.0, 0.0, 0.0, 0.0, 0.0, 0.0, 1.0, 0.0, 0.0, 0.0, 0.0, 0.0, 1.0, 22.0, 38.0, 40.0, 1
4886, 7.0, 7.0, -0.148, -0.148, 0.282, 0.0, 1.0, 0.0, 0.0, 0.0, 0.0, 0.0, 0.0, 1.0, 0.0, 0.0, 1.0, 0.0, 0.0, 0.0, 0.0, 22.0, 22.0, 26.0, 1
4886, 1.0, 7.0, 0.112, -0.148, -0.148, 0.0, 0.0, 0.0, 0.0, 1.0, 0.0, 0.0, 0.0, 1.0, 0.0, 0.0, 1.0, 0.0, 0.0, 0.0, 0.0, 3.0, 22.0, 22.0, 1
4886, 7.0, 7.0, -0.148, 0.282, 0.082, 0.0, 1.0, 0.0, 0.0, 0.0, 0.0, 0.0, 0.0, 1.0, 0.0, 0.0, 1.0, 0.0, 0.0, 0.0, 0.0, 22.0, 26.0, 26.0, 1
4886, 7.0, 7.0, -0.148, 0.282, -0.557, 0.0, 1.0, 0.0, 0.0, 0.0, 0.0, 0.0, 0.0, 1.0, 0.0, 0.0, 0.0, 0.0, 0.0, 1.0, 0.0, 22.0, 26.0, 34.0, 1
4886, 7.0, 7.0, -0.148, 0.082, 0.282, 0.0, 1.0, 0.0, 0.0, 0.0, 0.0, 0.0, 0.0, 1.0, 0.0, 0.0, 1.0, 0.0, 0.0, 0.0, 0.0, 22.0, 26.0, 26.0, 1
4886, 7.0, 7.0, 0.082, 0.082, 0.282, 0.0, 1.0, 0.0, 0.0, 0.0, 0.0, 0.0, 0.0, 1.0, 0.0, 0.0, 1.0, 0.0, 0.0, 0.0, 0.0, 26.0, 26.0, 26.0, 1
4886, 7.0, 7.0, -0.148, -0.148, 0.082, 0.0, 1.0, 0.0, 0.0, 0.0, 0.0, 0.0, 0.0, 1.0, 0.0, 0.0, 1.0, 0.0, 0.0, 0.0, 0.0, 22.0, 22.0, 26.0, 1
4886, 1.0, 7.0, 0.112, -0.148, 0.082, 0.0, 0.0, 0.0, 0.0, 1.0, 0.0, 0.0, 0.0, 1.0, 0.0, 0.0, 1.0, 0.0, 0.0, 0.0, 0.0, 3.0, 22.0, 26.0, 1
4886, 1.0, 7.0, 0.112, -0.148, -0.148, 0.0, 0.0, 0.0, 0.0, 1.0, 0.0, 0.0, 0.0, 1.0, 0.0, 0.0, 1.0, 0.0, 0.0, 0.0, 0.0, 3.0, 22.0, 22.0, 1
4886, 1.0, 7.0, 0.112, -0.148, -0.148, 0.0, 0.0, 0.0, 0.0, 1.0, 0.0, 0.0, 0.0, 1.0, 0.0, 0.0, 1.0, 0.0, 0.0, 0.0, 0.0, 3.0, 22.0, 22.0, 1
4886, 7.0, 7.0, -0.148, -0.148, 0.282, 0.0, 1.0, 0.0, 0.0, 0.0, 0.0, 0.0, 0.0, 1.0, 0.0, 0.0, 1.0, 0.0, 0.0, 0.0, 0.0, 22.0, 22.0, 26.0, 1
4886, 1.0, 7.0, 0.112, -0.148, 0.282, 0.0, 0.0, 0.0, 0.0, 1.0, 0.0, 0.0, 0.0, 1.0, 0.0, 0.0, 1.0, 0.0, 0.0, 0.0, 0.0, 3.0, 22.0, 26.0, 1
4886, 1.0, 7.0, 0.783, -0.148, -0.148, 0.0, 0.0, 0.0, 0.0, 0.0, 0.0, 1.0, 0.0, 1.0, 0.0, 0.0, 1.0, 0.0, 0.0, 0.0, 0.0, 38.0, 22.0, 22.0, 1
4886, 1.0, 7.0, 0.112, -0.148, -0.148, 0.0, 0.0, 0.0, 0.0, 1.0, 0.0, 0.0, 0.0, 1.0, 0.0, 0.0, 1.0, 0.0, 0.0, 0.0, 0.0, 3.0, 22.0, 22.0, 1
4886, 7.0, 7.0, -0.148, -0.148, 0.082, 0.0, 1.0, 0.0, 0.0, 0.0, 0.0, 0.0, 0.0, 1.0, 0.0, 0.0, 1.0, 0.0, 0.0, 0.0, 0.0, 22.0, 22.0, 26.0, 1
4886, 1.0, 7.0, 0.112, -0.148, -0.148, 0.0, 0.0, 0.0, 0.0, 1.0, 0.0, 0.0, 0.0, 1.0, 0.0, 0.0, 1.0, 0.0, 0.0, 0.0, 0.0, 3.0, 22.0, 22.0, 1
4886, 7.0, 7.0, -0.148, 0.082, 0.082, 0.0, 1.0, 0.0, 0.0, 0.0, 0.0, 0.0, 0.0, 1.0, 0.0, 0.0, 1.0, 0.0, 0.0, 0.0, 0.0, 22.0, 26.0, 26.0, 1
4886, 7.0, 7.0, -0.148, 0.082, 0.282, 0.0, 1.0, 0.0, 0.0, 0.0, 0.0, 0.0, 0.0, 1.0, 0.0, 0.0, 1.0, 0.0, 0.0, 0.0, 0.0, 22.0, 26.0, 26.0, 1
4886, 7.0, 7.0, 0.082, 0.282, -0.557, 0.0, 1.0, 0.0, 0.0, 0.0, 0.0, 0.0, 0.0, 1.0, 0.0, 0.0, 0.0, 0.0, 0.0, 1.0, 0.0, 26.0, 26.0, 34.0, 1
4886, 7.0, 7.0, -0.148, 0.282, 0.082, 0.0, 1.0, 0.0, 0.0, 0.0, 0.0, 0.0, 0.0, 1.0, 0.0, 0.0, 1.0, 0.0, 0.0, 0.0, 0.0, 22.0, 26.0, 26.0, 1
4886, 7.0, 7.0, -0.148, 0.082, 0.082, 0.0, 1.0, 0.0, 0.0, 0.0, 0.0, 0.0, 0.0, 1.0, 0.0, 0.0, 1.0, 0.0, 0.0, 0.0, 0.0, 22.0, 26.0, 26.0, 1
4886, 7.0, 7.0, 0.082, 0.082, 0.282, 0.0, 1.0, 0.0, 0.0, 0.0, 0.0, 0.0, 0.0, 1.0, 0.0, 0.0, 1.0, 0.0, 0.0, 0.0, 0.0, 26.0, 26.0, 26.0, 1
4886, 7.0, 7.0, -0.148, 0.282, -0.557, 0.0, 1.0, 0.0, 0.0, 0.0, 0.0, 0.0, 0.0, 1.0, 0.0, 0.0, 0.0, 0.0, 0.0, 1.0, 0.0, 22.0, 26.0, 34.0, 1
4886, 1.0, 7.0, 0.282, -0.557, 0.282, 0.0, 0.0, 0.0, 0.0, 1.0, 0.0, 0.0, 0.0, 0.0, 1.0, 0.0, 1.0, 0.0, 0.0, 0.0, 0.0, 1.0, 34.0, 26.0, 1
4886, 1.0, 2.0, -0.148, 0.783, -0.418, 0.0, 1.0, 0.0, 0.0, 0.0, 0.0, 0.0, 0.0, 0.0, 1.0, 0.0, 0.0, 0.0, 0.0, 0.0, 1.0, 22.0, 38.0, 40.0, 1
4886, 7.0, 7.0, 0.082, 0.282, -0.557, 0.0, 1.0, 0.0, 0.0, 0.0, 0.0, 0.0, 0.0, 1.0, 0.0, 0.0, 0.0, 0.0, 0.0, 1.0, 0.0, 26.0, 26.0, 34.0, 1
4886, 1.0, 2.0, -0.148, 0.783, -0.418, 0.0, 1.0, 0.0, 0.0, 0.0, 0.0, 0.0, 0.0, 0.0, 1.0, 0.0, 0.0, 0.0, 0.0, 0.0, 1.0, 22.0, 38.0, 40.0, 1
4886, 1.0, 2.0, -0.148, 0.783, -0.418, 0.0, 1.0, 0.0, 0.0, 0.0, 0.0, 0.0, 0.0, 0.0, 1.0, 0.0, 0.0, 0.0, 0.0, 0.0, 1.0, 22.0, 38.0, 40.0, 1
2232, 1.0, 1.0, -0.091, -0.091, 0.0090, 0.0, 1.0, 0.0, 0.0, 0.0, 0.0, 0.0, 0.0, 1.0, 0.0, 0.0, 1.0, 0.0, 0.0, 0.0, 0.0, 10.0, 10.0, 22.0, 1
2232, 1.0, 1.0, -0.091, -0.091, 0.059, 0.0, 1.0, 0.0, 0.0, 0.0, 0.0, 0.0, 0.0, 1.0, 0.0, 0.0, 0.0, 0.0, 1.0, 0.0, 0.0, 10.0, 10.0, 3.0, 1
2232, 1.0, 1.0, -0.091, -0.091, 0.059, 0.0, 1.0, 0.0, 0.0, 0.0, 0.0, 0.0, 0.0, 1.0, 0.0, 0.0, 0.0, 0.0, 1.0, 0.0, 0.0, 10.0, 10.0, 3.0, 1
2232, 1.0, 7.0, -0.091, 0.0090, 0.0090, 0.0, 1.0, 0.0, 0.0, 0.0, 0.0, 0.0, 0.0, 1.0, 0.0, 0.0, 1.0, 0.0, 0.0, 0.0, 0.0, 10.0, 22.0, 22.0, 1
2232, 1.0, 7.0, -0.091, 0.0090, -0.122, 0.0, 1.0, 0.0, 0.0, 0.0, 0.0, 0.0, 0.0, 1.0, 0.0, 0.0, 1.0, 0.0, 0.0, 0.0, 0.0, 10.0, 22.0, 22.0, 1
2232, 1.0, 7.0, -0.091, 0.0090, 0.0090, 0.0, 1.0, 0.0, 0.0, 0.0, 0.0, 0.0, 0.0, 1.0, 0.0, 0.0, 1.0, 0.0, 0.0, 0.0, 0.0, 10.0, 22.0, 22.0, 1
2232, 7.0, 7.0, 0.0090, 0.0090, 0.0090, 0.0, 1.0, 0.0, 0.0, 0.0, 0.0, 0.0, 0.0, 1.0, 0.0, 0.0, 1.0, 0.0, 0.0, 0.0, 0.0, 22.0, 22.0, 27.0, 1
2232, 1.0, 1.0, -0.091, -0.091, 0.0090, 0.0, 1.0, 0.0, 0.0, 0.0, 0.0, 0.0, 0.0, 1.0, 0.0, 0.0, 1.0, 0.0, 0.0, 0.0, 0.0, 10.0, 10.0, 22.0, 1
2232, 1.0, 1.0, 0.0090, -0.091, 0.059, 0.0, 1.0, 0.0, 0.0, 0.0, 0.0, 0.0, 0.0, 1.0, 0.0, 0.0, 0.0, 0.0, 1.0, 0.0, 0.0, 22.0, 10.0, 3.0, 1
2232, 1.0, 1.0, 0.0090, -0.091, 0.059, 0.0, 1.0, 0.0, 0.0, 0.0, 0.0, 0.0, 0.0, 1.0, 0.0, 0.0, 0.0, 0.0, 1.0, 0.0, 0.0, 22.0, 10.0, 3.0, 1
2232, 1.0, 1.0, -0.091, -0.091, 0.059, 0.0, 1.0, 0.0, 0.0, 0.0, 0.0, 0.0, 0.0, 1.0, 0.0, 0.0, 0.0, 0.0, 1.0, 0.0, 0.0, 10.0, 10.0, 3.0, 1
2232, 1.0, 1.0, -0.091, -0.091, 0.059, 0.0, 1.0, 0.0, 0.0, 0.0, 0.0, 0.0, 0.0, 1.0, 0.0, 0.0, 0.0, 0.0, 1.0, 0.0, 0.0, 10.0, 10.0, 3.0, 1
2232, 1.0, 1.0, -0.091, -0.091, 0.059, 0.0, 1.0, 0.0, 0.0, 0.0, 0.0, 0.0, 0.0, 1.0, 0.0, 0.0, 0.0, 0.0, 1.0, 0.0, 0.0, 10.0, 10.0, 3.0, 1
2232, 1.0, 1.0, -0.091, -0.091, 0.059, 0.0, 1.0, 0.0, 0.0, 0.0, 0.0, 0.0, 0.0, 1.0, 0.0, 0.0, 0.0, 0.0, 1.0, 0.0, 0.0, 10.0, 10.0, 3.0, 1
2232, 7.0, 7.0, 0.0090, -0.122, 0.0090, 0.0, 1.0, 0.0, 0.0, 0.0, 0.0, 0.0, 0.0, 1.0, 0.0, 0.0, 1.0, 0.0, 0.0, 0.0, 0.0, 22.0, 22.0, 27.0, 1
2232, 1.0, 7.0, 0.138, -0.122, 0.0090, 0.0, 0.0, 0.0, 0.0, 1.0, 0.0, 0.0, 0.0, 1.0, 0.0, 0.0, 1.0, 0.0, 0.0, 0.0, 0.0, 3.0, 22.0, 22.0, 1
2232, 7.0, 7.0, -0.122, 0.0090, -0.121, 0.0, 1.0, 0.0, 0.0, 0.0, 0.0, 0.0, 0.0, 1.0, 0.0, 0.0, 1.0, 0.0, 0.0, 0.0, 0.0, 22.0, 27.0, 22.0, 1
2232, 7.0, 7.0, -0.122, 0.0090, -0.091, 0.0, 1.0, 0.0, 0.0, 0.0, 0.0, 0.0, 0.0, 1.0, 0.0, 0.0, 1.0, 0.0, 0.0, 0.0, 0.0, 22.0, 27.0, 27.0, 1
2232, 7.0, 7.0, 0.0090, 0.0090, -0.091, 0.0, 1.0, 0.0, 0.0, 0.0, 0.0, 0.0, 0.0, 1.0, 0.0, 0.0, 1.0, 0.0, 0.0, 0.0, 0.0, 22.0, 27.0, 27.0, 1
2232, 7.0, 7.0, -0.091, -0.091, 0.0090, 0.0, 1.0, 0.0, 0.0, 0.0, 0.0, 0.0, 0.0, 1.0, 0.0, 0.0, 1.0, 0.0, 0.0, 0.0, 0.0, 27.0, 27.0, 27.0, 1
2232, 1.0, 7.0, -0.091, 0.0090, 0.0090, 0.0, 1.0, 0.0, 0.0, 0.0, 0.0, 0.0, 0.0, 1.0, 0.0, 0.0, 1.0, 0.0, 0.0, 0.0, 0.0, 10.0, 22.0, 27.0, 1
2232, 7.0, 7.0, -0.121, 0.0090, -0.091, 0.0, 1.0, 0.0, 0.0, 0.0, 0.0, 0.0, 0.0, 1.0, 0.0, 0.0, 1.0, 0.0, 0.0, 0.0, 0.0, 22.0, 27.0, 27.0, 1
2232, 7.0, 7.0, -0.122, -0.121, 0.0090, 0.0, 1.0, 0.0, 0.0, 0.0, 0.0, 0.0, 0.0, 1.0, 0.0, 0.0, 1.0, 0.0, 0.0, 0.0, 0.0, 22.0, 22.0, 27.0, 1
2232, 7.0, 7.0, 0.0090, 0.0090, 0.0090, 0.0, 1.0, 0.0, 0.0, 0.0, 0.0, 0.0, 0.0, 1.0, 0.0, 0.0, 1.0, 0.0, 0.0, 0.0, 0.0, 22.0, 22.0, 27.0, 1
2232, 7.0, 7.0, -0.121, -0.122, 0.0090, 0.0, 1.0, 0.0, 0.0, 0.0, 0.0, 0.0, 0.0, 1.0, 0.0, 0.0, 1.0, 0.0, 0.0, 0.0, 0.0, 22.0, 22.0, 27.0, 1
2232, 1.0, 7.0, 0.138, -0.121, 0.0090, 0.0, 0.0, 0.0, 0.0, 1.0, 0.0, 0.0, 0.0, 1.0, 0.0, 0.0, 1.0, 0.0, 0.0, 0.0, 0.0, 3.0, 22.0, 27.0, 1
2232, 7.0, 7.0, -0.122, 0.0090, -0.091, 0.0, 1.0, 0.0, 0.0, 0.0, 0.0, 0.0, 0.0, 1.0, 0.0, 0.0, 1.0, 0.0, 0.0, 0.0, 0.0, 22.0, 27.0, 27.0, 1
2232, 1.0, 7.0, 0.138, -0.122, -0.121, 0.0, 0.0, 0.0, 0.0, 1.0, 0.0, 0.0, 0.0, 1.0, 0.0, 0.0, 1.0, 0.0, 0.0, 0.0, 0.0, 3.0, 22.0, 22.0, 1
2232, 7.0, 7.0, -0.091, -0.091, 0.0090, 0.0, 1.0, 0.0, 0.0, 0.0, 0.0, 0.0, 0.0, 1.0, 0.0, 0.0, 1.0, 0.0, 0.0, 0.0, 0.0, 27.0, 27.0, 27.0, 1
2232, 7.0, 7.0, -0.122, 0.0090, -0.121, 0.0, 1.0, 0.0, 0.0, 0.0, 0.0, 0.0, 0.0, 1.0, 0.0, 0.0, 1.0, 0.0, 0.0, 0.0, 0.0, 22.0, 27.0, 22.0, 1
2232, 7.0, 7.0, -0.091, -0.091, 0.0090, 0.0, 1.0, 0.0, 0.0, 0.0, 0.0, 0.0, 0.0, 1.0, 0.0, 0.0, 1.0, 0.0, 0.0, 0.0, 0.0, 27.0, 27.0, 27.0, 1
2232, 7.0, 7.0, -0.091, -0.091, 0.0090, 0.0, 1.0, 0.0, 0.0, 0.0, 0.0, 0.0, 0.0, 1.0, 0.0, 0.0, 1.0, 0.0, 0.0, 0.0, 0.0, 27.0, 27.0, 27.0, 1
2232, 7.0, 7.0, -0.121, -0.121, 0.0090, 0.0, 1.0, 0.0, 0.0, 0.0, 0.0, 0.0, 0.0, 1.0, 0.0, 0.0, 1.0, 0.0, 0.0, 0.0, 0.0, 22.0, 22.0, 27.0, 1
2232, 1.0, 7.0, 0.138, -0.121, 0.0090, 0.0, 0.0, 0.0, 0.0, 1.0, 0.0, 0.0, 0.0, 1.0, 0.0, 0.0, 1.0, 0.0, 0.0, 0.0, 0.0, 3.0, 22.0, 27.0, 1
2232, 7.0, 7.0, -0.121, 0.0090, -0.091, 0.0, 1.0, 0.0, 0.0, 0.0, 0.0, 0.0, 0.0, 1.0, 0.0, 0.0, 1.0, 0.0, 0.0, 0.0, 0.0, 22.0, 27.0, 27.0, 1
2232, 7.0, 7.0, -0.121, 0.0090, -0.091, 0.0, 1.0, 0.0, 0.0, 0.0, 0.0, 0.0, 0.0, 1.0, 0.0, 0.0, 1.0, 0.0, 0.0, 0.0, 0.0, 22.0, 27.0, 27.0, 1
2232, 7.0, 7.0, -0.121, 0.0090, 0.0090, 0.0, 1.0, 0.0, 0.0, 0.0, 0.0, 0.0, 0.0, 1.0, 0.0, 0.0, 1.0, 0.0, 0.0, 0.0, 0.0, 22.0, 27.0, 22.0, 1
2232, 7.0, 7.0, -0.121, 0.0090, -0.091, 0.0, 1.0, 0.0, 0.0, 0.0, 0.0, 0.0, 0.0, 1.0, 0.0, 0.0, 1.0, 0.0, 0.0, 0.0, 0.0, 22.0, 27.0, 27.0, 1
2232, 7.0, 7.0, -0.121, -0.121, 0.0090, 0.0, 1.0, 0.0, 0.0, 0.0, 0.0, 0.0, 0.0, 1.0, 0.0, 0.0, 1.0, 0.0, 0.0, 0.0, 0.0, 22.0, 22.0, 27.0, 1
2232, 1.0, 7.0, 0.138, -0.121, -0.121, 0.0, 0.0, 0.0, 0.0, 1.0, 0.0, 0.0, 0.0, 1.0, 0.0, 0.0, 1.0, 0.0, 0.0, 0.0, 0.0, 3.0, 22.0, 22.0, 1
2232, 1.0, 7.0, 0.138, -0.121, -0.121, 0.0, 0.0, 0.0, 0.0, 1.0, 0.0, 0.0, 0.0, 1.0, 0.0, 0.0, 1.0, 0.0, 0.0, 0.0, 0.0, 3.0, 22.0, 22.0, 1
2232, 7.0, 7.0, -0.121, -0.121, 0.0090, 0.0, 1.0, 0.0, 0.0, 0.0, 0.0, 0.0, 0.0, 1.0, 0.0, 0.0, 1.0, 0.0, 0.0, 0.0, 0.0, 22.0, 22.0, 27.0, 1
2232, 7.0, 7.0, -0.121, -0.121, 0.0090, 0.0, 1.0, 0.0, 0.0, 0.0, 0.0, 0.0, 0.0, 1.0, 0.0, 0.0, 1.0, 0.0, 0.0, 0.0, 0.0, 22.0, 22.0, 27.0, 1
2232, 1.0, 7.0, 0.808, -0.121, 0.0090, 0.0, 0.0, 0.0, 0.0, 0.0, 0.0, 1.0, 0.0, 1.0, 0.0, 0.0, 1.0, 0.0, 0.0, 0.0, 0.0, 38.0, 22.0, 27.0, 1
2232, 1.0, 2.0, -0.121, 0.808, -0.392, 0.0, 1.0, 0.0, 0.0, 0.0, 0.0, 0.0, 0.0, 0.0, 1.0, 0.0, 0.0, 0.0, 0.0, 0.0, 1.0, 22.0, 38.0, 40.0, 1
2232, 1.0, 2.0, -0.121, 0.808, -0.392, 0.0, 1.0, 0.0, 0.0, 0.0, 0.0, 0.0, 0.0, 0.0, 1.0, 0.0, 0.0, 0.0, 0.0, 0.0, 1.0, 22.0, 38.0, 40.0, 1
2232, 1.0, 7.0, 0.138, -0.121, -0.121, 0.0, 0.0, 0.0, 0.0, 1.0, 0.0, 0.0, 0.0, 1.0, 0.0, 0.0, 1.0, 0.0, 0.0, 0.0, 0.0, 3.0, 22.0, 22.0, 1
2232, 7.0, 7.0, -0.121, 0.0090, -0.091, 0.0, 1.0, 0.0, 0.0, 0.0, 0.0, 0.0, 0.0, 1.0, 0.0, 0.0, 1.0, 0.0, 0.0, 0.0, 0.0, 22.0, 27.0, 27.0, 1
1961, 7.0, 7.0, -0.126, -0.126, 0.0040, 0.0, 1.0, 0.0, 0.0, 0.0, 0.0, 0.0, 0.0, 1.0, 0.0, 0.0, 1.0, 0.0, 0.0, 0.0, 0.0, 22.0, 22.0, 22.0, 1
1961, 1.0, 7.0, 0.134, -0.126, -0.126, 0.0, 0.0, 0.0, 0.0, 1.0, 0.0, 0.0, 0.0, 1.0, 0.0, 0.0, 1.0, 0.0, 0.0, 0.0, 0.0, 3.0, 22.0, 22.0, 1
1961, 7.0, 7.0, -0.126, 0.0040, 0.0040, 0.0, 1.0, 0.0, 0.0, 0.0, 0.0, 0.0, 0.0, 1.0, 0.0, 0.0, 1.0, 0.0, 0.0, 0.0, 0.0, 22.0, 22.0, 29.0, 1
1961, 1.0, 7.0, -0.096, 0.0040, -0.126, 0.0, 1.0, 0.0, 0.0, 0.0, 0.0, 0.0, 0.0, 1.0, 0.0, 0.0, 1.0, 0.0, 0.0, 0.0, 0.0, 10.0, 22.0, 22.0, 1
1961, 1.0, 7.0, 0.0040, 0.0040, 0.0040, 0.0, 1.0, 0.0, 0.0, 0.0, 0.0, 0.0, 0.0, 1.0, 0.0, 0.0, 1.0, 0.0, 0.0, 0.0, 0.0, 29.0, 29.0, 22.0, 1
1961, 7.0, 7.0, -0.126, 0.0040, 0.0040, 0.0, 1.0, 0.0, 0.0, 0.0, 0.0, 0.0, 0.0, 1.0, 0.0, 0.0, 1.0, 0.0, 0.0, 0.0, 0.0, 22.0, 22.0, 29.0, 1
1961, 1.0, 7.0, -0.096, 0.0040, 0.0040, 0.0, 1.0, 0.0, 0.0, 0.0, 0.0, 0.0, 0.0, 1.0, 0.0, 0.0, 1.0, 0.0, 0.0, 0.0, 0.0, 10.0, 22.0, 29.0, 1
1961, 7.0, 7.0, -0.126, -0.126, 0.0040, 0.0, 1.0, 0.0, 0.0, 0.0, 0.0, 0.0, 0.0, 1.0, 0.0, 0.0, 1.0, 0.0, 0.0, 0.0, 0.0, 22.0, 22.0, 22.0, 1
1961, 1.0, 7.0, 0.134, -0.126, 0.0040, 0.0, 0.0, 0.0, 0.0, 1.0, 0.0, 0.0, 0.0, 1.0, 0.0, 0.0, 1.0, 0.0, 0.0, 0.0, 0.0, 3.0, 22.0, 22.0, 1
1961, 1.0, 7.0, 0.134, -0.126, -0.126, 0.0, 0.0, 0.0, 0.0, 1.0, 0.0, 0.0, 0.0, 1.0, 0.0, 0.0, 1.0, 0.0, 0.0, 0.0, 0.0, 3.0, 22.0, 22.0, 1
1961, 1.0, 1.0, -0.096, -0.096, 0.0040, 0.0, 1.0, 0.0, 0.0, 0.0, 0.0, 0.0, 0.0, 1.0, 0.0, 0.0, 1.0, 0.0, 0.0, 0.0, 0.0, 10.0, 10.0, 22.0, 1
1961, 1.0, 1.0, 0.0040, -0.096, 0.054, 0.0, 1.0, 0.0, 0.0, 0.0, 0.0, 0.0, 0.0, 1.0, 0.0, 0.0, 0.0, 0.0, 1.0, 0.0, 0.0, 22.0, 10.0, 3.0, 1
1961, 1.0, 1.0, 0.0040, -0.096, 0.054, 0.0, 1.0, 0.0, 0.0, 0.0, 0.0, 0.0, 0.0, 1.0, 0.0, 0.0, 0.0, 0.0, 1.0, 0.0, 0.0, 22.0, 10.0, 3.0, 1
1961, 1.0, 1.0, -0.096, -0.096, 0.0040, 0.0, 1.0, 0.0, 0.0, 0.0, 0.0, 0.0, 0.0, 1.0, 0.0, 0.0, 1.0, 0.0, 0.0, 0.0, 0.0, 10.0, 10.0, 22.0, 1
1961, 1.0, 1.0, -0.096, -0.096, 0.054, 0.0, 1.0, 0.0, 0.0, 0.0, 0.0, 0.0, 0.0, 1.0, 0.0, 0.0, 0.0, 0.0, 1.0, 0.0, 0.0, 10.0, 10.0, 3.0, 1
1961, 1.0, 1.0, -0.096, -0.096, 0.054, 0.0, 1.0, 0.0, 0.0, 0.0, 0.0, 0.0, 0.0, 1.0, 0.0, 0.0, 0.0, 0.0, 1.0, 0.0, 0.0, 10.0, 10.0, 3.0, 1
1961, 1.0, 7.0, -0.096, 0.0040, -0.126, 0.0, 1.0, 0.0, 0.0, 0.0, 0.0, 0.0, 0.0, 1.0, 0.0, 0.0, 1.0, 0.0, 0.0, 0.0, 0.0, 10.0, 22.0, 22.0, 1
1961, 1.0, 7.0, -0.096, 0.0040, 0.0040, 0.0, 1.0, 0.0, 0.0, 0.0, 0.0, 0.0, 0.0, 1.0, 0.0, 0.0, 1.0, 0.0, 0.0, 0.0, 0.0, 10.0, 22.0, 29.0, 1
1961, 1.0, 7.0, 0.0040, 0.0040, 0.0040, 0.0, 1.0, 0.0, 0.0, 0.0, 0.0, 0.0, 0.0, 1.0, 0.0, 0.0, 1.0, 0.0, 0.0, 0.0, 0.0, 29.0, 29.0, 22.0, 1
1961, 1.0, 7.0, 0.0040, 0.0040, 0.0040, 0.0, 1.0, 0.0, 0.0, 0.0, 0.0, 0.0, 0.0, 1.0, 0.0, 0.0, 1.0, 0.0, 0.0, 0.0, 0.0, 29.0, 29.0, 22.0, 1
1961, 1.0, 7.0, -0.096, 0.0040, 0.0040, 0.0, 1.0, 0.0, 0.0, 0.0, 0.0, 0.0, 0.0, 1.0, 0.0, 0.0, 1.0, 0.0, 0.0, 0.0, 0.0, 10.0, 22.0, 29.0, 1
1961, 1.0, 7.0, 0.0040, 0.0040, 0.0040, 0.0, 1.0, 0.0, 0.0, 0.0, 0.0, 0.0, 0.0, 1.0, 0.0, 0.0, 1.0, 0.0, 0.0, 0.0, 0.0, 29.0, 29.0, 22.0, 1
1961, 1.0, 1.0, -0.096, -0.096, 0.0040, 0.0, 1.0, 0.0, 0.0, 0.0, 0.0, 0.0, 0.0, 1.0, 0.0, 0.0, 1.0, 0.0, 0.0, 0.0, 0.0, 10.0, 10.0, 22.0, 1
1961, 7.0, 7.0, -0.126, 0.0040, 0.0040, 0.0, 1.0, 0.0, 0.0, 0.0, 0.0, 0.0, 0.0, 1.0, 0.0, 0.0, 1.0, 0.0, 0.0, 0.0, 0.0, 22.0, 22.0, 29.0, 1
1961, 1.0, 1.0, 0.0040, -0.096, 0.054, 0.0, 1.0, 0.0, 0.0, 0.0, 0.0, 0.0, 0.0, 1.0, 0.0, 0.0, 0.0, 0.0, 1.0, 0.0, 0.0, 22.0, 10.0, 3.0, 1
1961, 1.0, 1.0, 0.0040, -0.096, 0.054, 0.0, 1.0, 0.0, 0.0, 0.0, 0.0, 0.0, 0.0, 1.0, 0.0, 0.0, 0.0, 0.0, 1.0, 0.0, 0.0, 22.0, 10.0, 3.0, 1
1961, 1.0, 1.0, -0.096, -0.096, 0.054, 0.0, 1.0, 0.0, 0.0, 0.0, 0.0, 0.0, 0.0, 1.0, 0.0, 0.0, 0.0, 0.0, 1.0, 0.0, 0.0, 10.0, 10.0, 3.0, 1
1961, 1.0, 1.0, -0.096, -0.096, 0.0040, 0.0, 1.0, 0.0, 0.0, 0.0, 0.0, 0.0, 0.0, 1.0, 0.0, 0.0, 1.0, 0.0, 0.0, 0.0, 0.0, 10.0, 10.0, 22.0, 1
1961, 1.0, 7.0, -0.096, 0.0040, -0.126, 0.0, 1.0, 0.0, 0.0, 0.0, 0.0, 0.0, 0.0, 1.0, 0.0, 0.0, 1.0, 0.0, 0.0, 0.0, 0.0, 10.0, 22.0, 22.0, 1
1961, 1.0, 1.0, -0.096, -0.096, 0.054, 0.0, 1.0, 0.0, 0.0, 0.0, 0.0, 0.0, 0.0, 1.0, 0.0, 0.0, 0.0, 0.0, 1.0, 0.0, 0.0, 10.0, 10.0, 3.0, 1
1961, 7.0, 7.0, -0.126, -0.126, 0.0040, 0.0, 1.0, 0.0, 0.0, 0.0, 0.0, 0.0, 0.0, 1.0, 0.0, 0.0, 1.0, 0.0, 0.0, 0.0, 0.0, 22.0, 22.0, 22.0, 1
1961, 1.0, 7.0, -0.096, 0.0040, 0.0040, 0.0, 1.0, 0.0, 0.0, 0.0, 0.0, 0.0, 0.0, 1.0, 0.0, 0.0, 1.0, 0.0, 0.0, 0.0, 0.0, 10.0, 22.0, 29.0, 1
1961, 7.0, 7.0, -0.126, -0.126, 0.0040, 0.0, 1.0, 0.0, 0.0, 0.0, 0.0, 0.0, 0.0, 1.0, 0.0, 0.0, 1.0, 0.0, 0.0, 0.0, 0.0, 22.0, 22.0, 22.0, 1
1961, 1.0, 7.0, 0.134, -0.126, -0.126, 0.0, 0.0, 0.0, 0.0, 1.0, 0.0, 0.0, 0.0, 1.0, 0.0, 0.0, 1.0, 0.0, 0.0, 0.0, 0.0, 3.0, 22.0, 22.0, 1
1961, 1.0, 7.0, 0.134, -0.126, 0.0040, 0.0, 0.0, 0.0, 0.0, 1.0, 0.0, 0.0, 0.0, 1.0, 0.0, 0.0, 1.0, 0.0, 0.0, 0.0, 0.0, 3.0, 22.0, 22.0, 1
1961, 1.0, 7.0, 0.805, -0.126, -0.126, 0.0, 0.0, 0.0, 0.0, 0.0, 0.0, 1.0, 0.0, 1.0, 0.0, 0.0, 1.0, 0.0, 0.0, 0.0, 0.0, 38.0, 22.0, 22.0, 1
1961, 1.0, 2.0, -0.126, 0.805, -0.395, 0.0, 1.0, 0.0, 0.0, 0.0, 0.0, 0.0, 0.0, 0.0, 1.0, 0.0, 0.0, 0.0, 0.0, 0.0, 1.0, 22.0, 38.0, 40.0, 1
1961, 1.0, 2.0, -0.126, 0.805, -0.396, 0.0, 1.0, 0.0, 0.0, 0.0, 0.0, 0.0, 0.0, 0.0, 1.0, 0.0, 0.0, 0.0, 0.0, 0.0, 1.0, 22.0, 38.0, 40.0, 1
1961, 1.0, 7.0, -0.096, 0.0040, -0.126, 0.0, 1.0, 0.0, 0.0, 0.0, 0.0, 0.0, 0.0, 1.0, 0.0, 0.0, 1.0, 0.0, 0.0, 0.0, 0.0, 10.0, 22.0, 22.0, 1
1961, 7.0, 7.0, -0.126, 0.0040, 0.0040, 0.0, 1.0, 0.0, 0.0, 0.0, 0.0, 0.0, 0.0, 1.0, 0.0, 0.0, 1.0, 0.0, 0.0, 0.0, 0.0, 22.0, 22.0, 29.0, 1
4014, 1.0, 7.0, 0.141, -0.118, -0.118, 0.0, 0.0, 0.0, 0.0, 1.0, 0.0, 0.0, 0.0, 1.0, 0.0, 0.0, 1.0, 0.0, 0.0, 0.0, 0.0, 3.0, 22.0, 22.0, 1
4014, 7.0, 7.0, -0.118, -0.118, 0.012, 0.0, 1.0, 0.0, 0.0, 0.0, 0.0, 0.0, 0.0, 1.0, 0.0, 0.0, 1.0, 0.0, 0.0, 0.0, 0.0, 22.0, 22.0, 29.0, 1
4014, 1.0, 7.0, 0.012, -0.118, -0.118, 0.0, 1.0, 0.0, 0.0, 0.0, 0.0, 0.0, 0.0, 1.0, 0.0, 0.0, 1.0, 0.0, 0.0, 0.0, 0.0, 10.0, 22.0, 22.0, 1
4014, 1.0, 7.0, 0.012, 0.012, -0.118, 0.0, 1.0, 0.0, 0.0, 0.0, 0.0, 0.0, 0.0, 1.0, 0.0, 0.0, 1.0, 0.0, 0.0, 0.0, 0.0, 29.0, 29.0, 22.0, 1
4014, 7.0, 7.0, -0.118, -0.118, 0.012, 0.0, 1.0, 0.0, 0.0, 0.0, 0.0, 0.0, 0.0, 1.0, 0.0, 0.0, 1.0, 0.0, 0.0, 0.0, 0.0, 22.0, 22.0, 29.0, 1
4014, 1.0, 7.0, 0.141, -0.118, 0.012, 0.0, 0.0, 0.0, 0.0, 1.0, 0.0, 0.0, 0.0, 1.0, 0.0, 0.0, 1.0, 0.0, 0.0, 0.0, 0.0, 3.0, 22.0, 29.0, 1
4014, 1.0, 7.0, 0.141, -0.118, -0.118, 0.0, 0.0, 0.0, 0.0, 1.0, 0.0, 0.0, 0.0, 1.0, 0.0, 0.0, 1.0, 0.0, 0.0, 0.0, 0.0, 3.0, 22.0, 22.0, 1
4014, 1.0, 7.0, 0.141, -0.118, -0.118, 0.0, 0.0, 0.0, 0.0, 1.0, 0.0, 0.0, 0.0, 1.0, 0.0, 0.0, 1.0, 0.0, 0.0, 0.0, 0.0, 3.0, 22.0, 22.0, 1
4014, 1.0, 7.0, 0.141, -0.118, -0.118, 0.0, 0.0, 0.0, 0.0, 1.0, 0.0, 0.0, 0.0, 1.0, 0.0, 0.0, 1.0, 0.0, 0.0, 0.0, 0.0, 3.0, 22.0, 22.0, 1
4014, 1.0, 7.0, 0.811, -0.118, -0.118, 0.0, 0.0, 0.0, 0.0, 0.0, 0.0, 1.0, 0.0, 1.0, 0.0, 0.0, 1.0, 0.0, 0.0, 0.0, 0.0, 38.0, 22.0, 22.0, 1
4014, 1.0, 7.0, 0.141, -0.118, -0.118, 0.0, 0.0, 0.0, 0.0, 1.0, 0.0, 0.0, 0.0, 1.0, 0.0, 0.0, 1.0, 0.0, 0.0, 0.0, 0.0, 3.0, 22.0, 22.0, 1
4014, 7.0, 7.0, -0.118, -0.118, 0.012, 0.0, 1.0, 0.0, 0.0, 0.0, 0.0, 0.0, 0.0, 1.0, 0.0, 0.0, 1.0, 0.0, 0.0, 0.0, 0.0, 22.0, 22.0, 29.0, 1
4014, 1.0, 7.0, 0.141, -0.118, -0.118, 0.0, 0.0, 0.0, 0.0, 1.0, 0.0, 0.0, 0.0, 1.0, 0.0, 0.0, 1.0, 0.0, 0.0, 0.0, 0.0, 3.0, 22.0, 22.0, 1
4014, 1.0, 7.0, 0.012, 0.012, -0.118, 0.0, 1.0, 0.0, 0.0, 0.0, 0.0, 0.0, 0.0, 1.0, 0.0, 0.0, 1.0, 0.0, 0.0, 0.0, 0.0, 29.0, 29.0, 22.0, 1
4014, 7.0, 7.0, -0.118, -0.118, 0.012, 0.0, 1.0, 0.0, 0.0, 0.0, 0.0, 0.0, 0.0, 1.0, 0.0, 0.0, 1.0, 0.0, 0.0, 0.0, 0.0, 22.0, 22.0, 29.0, 1
4014, 1.0, 7.0, 0.012, -0.118, 0.012, 0.0, 1.0, 0.0, 0.0, 0.0, 0.0, 0.0, 0.0, 1.0, 0.0, 0.0, 1.0, 0.0, 0.0, 0.0, 0.0, 10.0, 22.0, 29.0, 1
4014, 1.0, 7.0, 0.012, 0.012, -0.118, 0.0, 1.0, 0.0, 0.0, 0.0, 0.0, 0.0, 0.0, 1.0, 0.0, 0.0, 1.0, 0.0, 0.0, 0.0, 0.0, 29.0, 29.0, 22.0, 1
4014, 1.0, 7.0, 0.012, 0.012, -0.118, 0.0, 1.0, 0.0, 0.0, 0.0, 0.0, 0.0, 0.0, 1.0, 0.0, 0.0, 1.0, 0.0, 0.0, 0.0, 0.0, 29.0, 29.0, 22.0, 1
4014, 1.0, 1.0, -0.118, 0.012, 0.062, 0.0, 1.0, 0.0, 0.0, 0.0, 0.0, 0.0, 0.0, 1.0, 0.0, 0.0, 0.0, 0.0, 1.0, 0.0, 0.0, 22.0, 10.0, 3.0, 1
4014, 1.0, 1.0, -0.118, 0.012, 0.062, 0.0, 1.0, 0.0, 0.0, 0.0, 0.0, 0.0, 0.0, 1.0, 0.0, 0.0, 0.0, 0.0, 1.0, 0.0, 0.0, 22.0, 10.0, 3.0, 1
4014, 1.0, 7.0, 0.012, -0.118, 0.012, 0.0, 1.0, 0.0, 0.0, 0.0, 0.0, 0.0, 0.0, 1.0, 0.0, 0.0, 1.0, 0.0, 0.0, 0.0, 0.0, 10.0, 22.0, 29.0, 1
4014, 1.0, 7.0, 0.012, -0.118, -0.118, 0.0, 1.0, 0.0, 0.0, 0.0, 0.0, 0.0, 0.0, 1.0, 0.0, 0.0, 1.0, 0.0, 0.0, 0.0, 0.0, 10.0, 22.0, 22.0, 1
4014, 1.0, 2.0, -0.118, 0.811, -0.389, 0.0, 1.0, 0.0, 0.0, 0.0, 0.0, 0.0, 0.0, 0.0, 1.0, 0.0, 0.0, 0.0, 0.0, 0.0, 1.0, 22.0, 38.0, 40.0, 1
4014, 1.0, 2.0, -0.118, 0.811, -0.389, 0.0, 1.0, 0.0, 0.0, 0.0, 0.0, 0.0, 0.0, 0.0, 1.0, 0.0, 0.0, 0.0, 0.0, 0.0, 1.0, 22.0, 38.0, 40.0, 1
4014, 1.0, 2.0, -0.118, 0.811, -0.389, 0.0, 1.0, 0.0, 0.0, 0.0, 0.0, 0.0, 0.0, 0.0, 1.0, 0.0, 0.0, 0.0, 0.0, 0.0, 1.0, 22.0, 38.0, 40.0, 1
3243, 7.0, 7.0, -0.121, -0.121, 0.0090, 0.0, 1.0, 0.0, 0.0, 0.0, 0.0, 0.0, 0.0, 1.0, 0.0, 0.0, 1.0, 0.0, 0.0, 0.0, 0.0, 22.0, 22.0, 27.0, 1
3243, 1.0, 7.0, 0.138, -0.121, -0.121, 0.0, 0.0, 0.0, 0.0, 1.0, 0.0, 0.0, 0.0, 1.0, 0.0, 0.0, 1.0, 0.0, 0.0, 0.0, 0.0, 3.0, 22.0, 22.0, 1
3243, 7.0, 7.0, -0.121, 0.0090, -0.091, 0.0, 1.0, 0.0, 0.0, 0.0, 0.0, 0.0, 0.0, 1.0, 0.0, 0.0, 1.0, 0.0, 0.0, 0.0, 0.0, 22.0, 27.0, 27.0, 1
3243, 7.0, 7.0, -0.091, -0.091, 0.0090, 0.0, 1.0, 0.0, 0.0, 0.0, 0.0, 0.0, 0.0, 1.0, 0.0, 0.0, 1.0, 0.0, 0.0, 0.0, 0.0, 27.0, 27.0, 27.0, 1
3243, 7.0, 7.0, -0.122, 0.0090, -0.091, 0.0, 1.0, 0.0, 0.0, 0.0, 0.0, 0.0, 0.0, 1.0, 0.0, 0.0, 1.0, 0.0, 0.0, 0.0, 0.0, 22.0, 27.0, 27.0, 1
3243, 7.0, 7.0, 0.0090, 0.0090, -0.091, 0.0, 1.0, 0.0, 0.0, 0.0, 0.0, 0.0, 0.0, 1.0, 0.0, 0.0, 1.0, 0.0, 0.0, 0.0, 0.0, 22.0, 27.0, 27.0, 1
3243, 7.0, 7.0, -0.121, -0.122, 0.0090, 0.0, 1.0, 0.0, 0.0, 0.0, 0.0, 0.0, 0.0, 1.0, 0.0, 0.0, 1.0, 0.0, 0.0, 0.0, 0.0, 22.0, 22.0, 27.0, 1
3243, 1.0, 7.0, 0.138, -0.122, 0.0090, 0.0, 0.0, 0.0, 0.0, 1.0, 0.0, 0.0, 0.0, 1.0, 0.0, 0.0, 1.0, 0.0, 0.0, 0.0, 0.0, 3.0, 22.0, 27.0, 1
3243, 7.0, 7.0, -0.122, -0.121, -0.121, 0.0, 1.0, 0.0, 0.0, 0.0, 0.0, 0.0, 0.0, 1.0, 0.0, 0.0, 1.0, 0.0, 0.0, 0.0, 0.0, 22.0, 22.0, 22.0, 1
3243, 1.0, 7.0, 0.138, -0.121, -0.122, 0.0, 0.0, 0.0, 0.0, 1.0, 0.0, 0.0, 0.0, 1.0, 0.0, 0.0, 1.0, 0.0, 0.0, 0.0, 0.0, 3.0, 22.0, 22.0, 1
3243, 7.0, 7.0, -0.121, -0.121, 0.0090, 0.0, 1.0, 0.0, 0.0, 0.0, 0.0, 0.0, 0.0, 1.0, 0.0, 0.0, 1.0, 0.0, 0.0, 0.0, 0.0, 22.0, 22.0, 27.0, 1
3243, 1.0, 7.0, 0.138, -0.121, 0.0090, 0.0, 0.0, 0.0, 0.0, 1.0, 0.0, 0.0, 0.0, 1.0, 0.0, 0.0, 1.0, 0.0, 0.0, 0.0, 0.0, 3.0, 22.0, 27.0, 1
3243, 7.0, 7.0, -0.121, -0.121, 0.0090, 0.0, 1.0, 0.0, 0.0, 0.0, 0.0, 0.0, 0.0, 1.0, 0.0, 0.0, 1.0, 0.0, 0.0, 0.0, 0.0, 22.0, 22.0, 27.0, 1
3243, 1.0, 7.0, 0.138, -0.121, -0.121, 0.0, 0.0, 0.0, 0.0, 1.0, 0.0, 0.0, 0.0, 1.0, 0.0, 0.0, 1.0, 0.0, 0.0, 0.0, 0.0, 3.0, 22.0, 22.0, 1
3243, 7.0, 7.0, -0.121, 0.0090, -0.091, 0.0, 1.0, 0.0, 0.0, 0.0, 0.0, 0.0, 0.0, 1.0, 0.0, 0.0, 1.0, 0.0, 0.0, 0.0, 0.0, 22.0, 27.0, 27.0, 1
3243, 7.0, 7.0, -0.091, -0.091, 0.0090, 0.0, 1.0, 0.0, 0.0, 0.0, 0.0, 0.0, 0.0, 1.0, 0.0, 0.0, 1.0, 0.0, 0.0, 0.0, 0.0, 27.0, 27.0, 27.0, 1
3243, 7.0, 7.0, -0.091, -0.091, 0.0090, 0.0, 1.0, 0.0, 0.0, 0.0, 0.0, 0.0, 0.0, 1.0, 0.0, 0.0, 1.0, 0.0, 0.0, 0.0, 0.0, 27.0, 27.0, 27.0, 1
3243, 7.0, 7.0, -0.091, -0.091, 0.0090, 0.0, 1.0, 0.0, 0.0, 0.0, 0.0, 0.0, 0.0, 1.0, 0.0, 0.0, 1.0, 0.0, 0.0, 0.0, 0.0, 27.0, 27.0, 27.0, 1
3243, 7.0, 7.0, -0.122, 0.0090, -0.091, 0.0, 1.0, 0.0, 0.0, 0.0, 0.0, 0.0, 0.0, 1.0, 0.0, 0.0, 1.0, 0.0, 0.0, 0.0, 0.0, 22.0, 27.0, 27.0, 1
3243, 7.0, 7.0, 0.0090, 0.0090, -0.091, 0.0, 1.0, 0.0, 0.0, 0.0, 0.0, 0.0, 0.0, 1.0, 0.0, 0.0, 1.0, 0.0, 0.0, 0.0, 0.0, 22.0, 27.0, 27.0, 1
3243, 1.0, 7.0, -0.091, 0.0090, 0.0090, 0.0, 1.0, 0.0, 0.0, 0.0, 0.0, 0.0, 0.0, 1.0, 0.0, 0.0, 1.0, 0.0, 0.0, 0.0, 0.0, 10.0, 22.0, 27.0, 1
3243, 7.0, 7.0, 0.0090, 0.0090, 0.0090, 0.0, 1.0, 0.0, 0.0, 0.0, 0.0, 0.0, 0.0, 1.0, 0.0, 0.0, 1.0, 0.0, 0.0, 0.0, 0.0, 22.0, 22.0, 27.0, 1
3243, 1.0, 7.0, -0.091, 0.0090, 0.0090, 0.0, 1.0, 0.0, 0.0, 0.0, 0.0, 0.0, 0.0, 1.0, 0.0, 0.0, 1.0, 0.0, 0.0, 0.0, 0.0, 10.0, 22.0, 22.0, 1
3243, 7.0, 7.0, 0.0090, 0.0090, 0.0090, 0.0, 1.0, 0.0, 0.0, 0.0, 0.0, 0.0, 0.0, 1.0, 0.0, 0.0, 1.0, 0.0, 0.0, 0.0, 0.0, 22.0, 22.0, 27.0, 1
3243, 7.0, 7.0, 0.0090, 0.0090, -0.091, 0.0, 1.0, 0.0, 0.0, 0.0, 0.0, 0.0, 0.0, 1.0, 0.0, 0.0, 1.0, 0.0, 0.0, 0.0, 0.0, 22.0, 27.0, 27.0, 1
3243, 7.0, 7.0, -0.122, 0.0090, 0.0090, 0.0, 1.0, 0.0, 0.0, 0.0, 0.0, 0.0, 0.0, 1.0, 0.0, 0.0, 1.0, 0.0, 0.0, 0.0, 0.0, 22.0, 27.0, 22.0, 1
3243, 1.0, 7.0, 0.808, -0.121, 0.0090, 0.0, 0.0, 0.0, 0.0, 0.0, 0.0, 1.0, 0.0, 1.0, 0.0, 0.0, 1.0, 0.0, 0.0, 0.0, 0.0, 38.0, 22.0, 27.0, 1
3243, 7.0, 7.0, -0.121, -0.121, 0.0090, 0.0, 1.0, 0.0, 0.0, 0.0, 0.0, 0.0, 0.0, 1.0, 0.0, 0.0, 1.0, 0.0, 0.0, 0.0, 0.0, 22.0, 22.0, 27.0, 1
3243, 1.0, 7.0, 0.138, -0.121, -0.121, 0.0, 0.0, 0.0, 0.0, 1.0, 0.0, 0.0, 0.0, 1.0, 0.0, 0.0, 1.0, 0.0, 0.0, 0.0, 0.0, 3.0, 22.0, 22.0, 1
3243, 7.0, 7.0, -0.122, -0.121, -0.121, 0.0, 1.0, 0.0, 0.0, 0.0, 0.0, 0.0, 0.0, 1.0, 0.0, 0.0, 1.0, 0.0, 0.0, 0.0, 0.0, 22.0, 22.0, 22.0, 1
3243, 1.0, 7.0, 0.138, -0.122, -0.121, 0.0, 0.0, 0.0, 0.0, 1.0, 0.0, 0.0, 0.0, 1.0, 0.0, 0.0, 1.0, 0.0, 0.0, 0.0, 0.0, 3.0, 22.0, 22.0, 1
3243, 7.0, 7.0, -0.121, -0.122, 0.0090, 0.0, 1.0, 0.0, 0.0, 0.0, 0.0, 0.0, 0.0, 1.0, 0.0, 0.0, 1.0, 0.0, 0.0, 0.0, 0.0, 22.0, 22.0, 27.0, 1
3243, 1.0, 1.0, -0.091, -0.091, 0.0090, 0.0, 1.0, 0.0, 0.0, 0.0, 0.0, 0.0, 0.0, 1.0, 0.0, 0.0, 1.0, 0.0, 0.0, 0.0, 0.0, 10.0, 10.0, 22.0, 1
3243, 1.0, 1.0, 0.0090, -0.091, 0.059, 0.0, 1.0, 0.0, 0.0, 0.0, 0.0, 0.0, 0.0, 1.0, 0.0, 0.0, 0.0, 0.0, 1.0, 0.0, 0.0, 22.0, 10.0, 3.0, 1
3243, 7.0, 7.0, -0.122, 0.0090, 0.0090, 0.0, 1.0, 0.0, 0.0, 0.0, 0.0, 0.0, 0.0, 1.0, 0.0, 0.0, 1.0, 0.0, 0.0, 0.0, 0.0, 22.0, 27.0, 22.0, 1
3243, 7.0, 7.0, -0.122, 0.0090, -0.091, 0.0, 1.0, 0.0, 0.0, 0.0, 0.0, 0.0, 0.0, 1.0, 0.0, 0.0, 1.0, 0.0, 0.0, 0.0, 0.0, 22.0, 27.0, 27.0, 1
3243, 1.0, 1.0, -0.091, -0.091, 0.059, 0.0, 1.0, 0.0, 0.0, 0.0, 0.0, 0.0, 0.0, 1.0, 0.0, 0.0, 0.0, 0.0, 1.0, 0.0, 0.0, 10.0, 10.0, 3.0, 1
3243, 1.0, 1.0, -0.091, -0.091, 0.059, 0.0, 1.0, 0.0, 0.0, 0.0, 0.0, 0.0, 0.0, 1.0, 0.0, 0.0, 0.0, 0.0, 1.0, 0.0, 0.0, 10.0, 10.0, 3.0, 1
3243, 1.0, 1.0, 0.0090, -0.091, 0.059, 0.0, 1.0, 0.0, 0.0, 0.0, 0.0, 0.0, 0.0, 1.0, 0.0, 0.0, 0.0, 0.0, 1.0, 0.0, 0.0, 22.0, 10.0, 3.0, 1
3243, 1.0, 1.0, -0.091, -0.091, 0.059, 0.0, 1.0, 0.0, 0.0, 0.0, 0.0, 0.0, 0.0, 1.0, 0.0, 0.0, 0.0, 0.0, 1.0, 0.0, 0.0, 10.0, 10.0, 3.0, 1
3243, 1.0, 1.0, -0.091, -0.091, 0.059, 0.0, 1.0, 0.0, 0.0, 0.0, 0.0, 0.0, 0.0, 1.0, 0.0, 0.0, 0.0, 0.0, 1.0, 0.0, 0.0, 10.0, 10.0, 3.0, 1
3243, 1.0, 1.0, -0.091, -0.091, 0.059, 0.0, 1.0, 0.0, 0.0, 0.0, 0.0, 0.0, 0.0, 1.0, 0.0, 0.0, 0.0, 0.0, 1.0, 0.0, 0.0, 10.0, 10.0, 3.0, 1
3243, 1.0, 1.0, -0.091, -0.091, 0.059, 0.0, 1.0, 0.0, 0.0, 0.0, 0.0, 0.0, 0.0, 1.0, 0.0, 0.0, 0.0, 0.0, 1.0, 0.0, 0.0, 10.0, 10.0, 3.0, 1
3243, 1.0, 1.0, -0.091, -0.091, 0.0090, 0.0, 1.0, 0.0, 0.0, 0.0, 0.0, 0.0, 0.0, 1.0, 0.0, 0.0, 1.0, 0.0, 0.0, 0.0, 0.0, 10.0, 10.0, 22.0, 1
3243, 1.0, 2.0, -0.121, 0.808, -0.392, 0.0, 1.0, 0.0, 0.0, 0.0, 0.0, 0.0, 0.0, 0.0, 1.0, 0.0, 0.0, 0.0, 0.0, 0.0, 1.0, 22.0, 38.0, 40.0, 1
3243, 1.0, 2.0, -0.121, 0.808, -0.392, 0.0, 1.0, 0.0, 0.0, 0.0, 0.0, 0.0, 0.0, 0.0, 1.0, 0.0, 0.0, 0.0, 0.0, 0.0, 1.0, 22.0, 38.0, 40.0, 1
3243, 1.0, 7.0, -0.091, 0.0090, 0.0090, 0.0, 1.0, 0.0, 0.0, 0.0, 0.0, 0.0, 0.0, 1.0, 0.0, 0.0, 1.0, 0.0, 0.0, 0.0, 0.0, 10.0, 22.0, 27.0, 1
3243, 1.0, 7.0, -0.091, 0.0090, 0.0090, 0.0, 1.0, 0.0, 0.0, 0.0, 0.0, 0.0, 0.0, 1.0, 0.0, 0.0, 1.0, 0.0, 0.0, 0.0, 0.0, 10.0, 22.0, 22.0, 1
