@relation mutagenesis-chains
@attribute Chains-bag-id {5262, 5148, 1274, 3073, 2589, 4459, 251, 2308, 5500, 1483, 4728, 5291, 1522, 2487, 49, 5187, 955, 52, 3307, 4907, 5378, 2168, 2179, 1174, 371, 4364, 136, 2817, 2246, 5319, 256, 4880, 3769, 1705, 5399, 4267, 2232, 2096, 5156, 5117, 401, 1322, 4014, 5292, 3695, 2370, 965, 5481, 1885, 2810, 1406, 2187, 4839, 2693, 3556, 3597, 748, 201, 79, 4169, 4251, 4933, 2748, 1442, 3057, 5207, 4077, 3243, 3962, 4993, 3980, 4531, 3191, 2492, 1961, 3503, 4890, 1415, 2875, 2972, 2205, 4638, 5200, 3001, 2642, 1950, 3771, 3443, 4524, 4504, 2841, 4986, 3399, 2195, 2665, 4716, 4886, 1494, 4002, 2521, 2519, 1434, 518, 2345, 3974, 1077, 4418, 364, 3439, 2166, 447, 5122, 4403, 1300, 3937, 1180, 534, 4090, 1165, 3349, 4429, 5180, 2714, 512, 2280, 3438, 1832, 4401, 3883, 4, 2165, 2139, 1410, 972, 1430, 4398, 2802, 1807, 4140, 5278, 3601, 580, 2421, 3265, 3350, 1636, 1136, 1433, 5160, 916, 2943, 2282, 4368, 5424, 4805, 3396, 3585, 263, 495, 4629, 2586, 2826, 2813, 5379, 1604, 572, 2648, 4772, 958, 2889, 472, 4710, 1154, 4271, 3495, 2447, 1480, 5146, 2852, 1665, 4945, 3129, 3232, 4520, 1248, 4458, 3103, 4835}
@attribute Bond1 real [1.0, 7.0]
@attribute Bond2 real [1.0, 7.0]
@attribute Charge1 real [-0.781, 1.002]
@attribute Charge2 real [-0.781, 1.002]
@attribute Charge3 real [-0.755, 0.597]
@attribute E1=br real [0.0, 1.0]
@attribute E1=c real [0.0, 1.0]
@attribute E1=cl real [0.0, 1.0]
@attribute E1=f real [0.0, 1.0]
@attribute E1=h real [0.0, 1.0]
@attribute E1=i real [0.0, 1.0]
@attribute E1=n real [0.0, 1.0]
@attribute E1=o real [0.0, 1.0]
@attribute E2=c real [0.0, 1.0]
@attribute E2=n real [0.0, 1.0]
@attribute E2=o real [0.0, 1.0]
@attribute E3=c real [0.0, 1.0]
@attribute E3=f real [0.0, 1.0]
@attribute E3=h real [0.0, 1.0]
@attribute E3=n real [0.0, 1.0]
@attribute E3=o real [0.0, 1.0]
@attribute Q1 real [1.0, 232.0]
@attribute Q2 real [10.0, 232.0]
@attribute Q3 real [1.0, 195.0]
@attribute Class {0, 1}
@inputs Chains-bag-id, Bond1, Bond2, Charge1, Charge2, Charge3, E1=br, E1=c, E1=cl, E1=f, E1=h, E1=i, E1=n, E1=o, E2=c, E2=n, E2=o, E3=c, E3=f, E3=h, E3=n, E3=o, Q1, Q2, Q3
@outputs Class
@data
5278, 1.0, 7.0, 0.132, -0.128, -0.128, 0.0, 0.0, 0.0, 0.0, 1.0, 0.0, 0.0, 0.0, 1.0, 0.0, 0.0, 1.0, 0.0, 0.0, 0.0, 0.0, 3.0, 22.0, 22.0, 0
5278, 7.0, 7.0, -0.128, -0.128, 0.0020, 0.0, 1.0, 0.0, 0.0, 0.0, 0.0, 0.0, 0.0, 1.0, 0.0, 0.0, 1.0, 0.0, 0.0, 0.0, 0.0, 22.0, 22.0, 29.0, 0
5278, 1.0, 7.0, 0.132, -0.128, -0.128, 0.0, 0.0, 0.0, 0.0, 1.0, 0.0, 0.0, 0.0, 1.0, 0.0, 0.0, 1.0, 0.0, 0.0, 0.0, 0.0, 3.0, 22.0, 22.0, 0
5278, 1.0, 7.0, 0.0020, 0.0020, -0.128, 0.0, 1.0, 0.0, 0.0, 0.0, 0.0, 0.0, 0.0, 1.0, 0.0, 0.0, 1.0, 0.0, 0.0, 0.0, 0.0, 29.0, 29.0, 22.0, 0
5278, 7.0, 7.0, -0.128, -0.128, 0.0020, 0.0, 1.0, 0.0, 0.0, 0.0, 0.0, 0.0, 0.0, 1.0, 0.0, 0.0, 1.0, 0.0, 0.0, 0.0, 0.0, 22.0, 22.0, 29.0, 0
5278, 1.0, 7.0, 0.132, -0.128, 0.0020, 0.0, 0.0, 0.0, 0.0, 1.0, 0.0, 0.0, 0.0, 1.0, 0.0, 0.0, 1.0, 0.0, 0.0, 0.0, 0.0, 3.0, 22.0, 29.0, 0
5278, 1.0, 7.0, 0.132, -0.128, -0.128, 0.0, 0.0, 0.0, 0.0, 1.0, 0.0, 0.0, 0.0, 1.0, 0.0, 0.0, 1.0, 0.0, 0.0, 0.0, 0.0, 3.0, 22.0, 22.0, 0
5278, 1.0, 7.0, 0.801, -0.128, -0.128, 0.0, 0.0, 0.0, 0.0, 0.0, 0.0, 1.0, 0.0, 1.0, 0.0, 0.0, 1.0, 0.0, 0.0, 0.0, 0.0, 38.0, 22.0, 22.0, 0
5278, 7.0, 7.0, -0.128, -0.128, 0.0020, 0.0, 1.0, 0.0, 0.0, 0.0, 0.0, 0.0, 0.0, 1.0, 0.0, 0.0, 1.0, 0.0, 0.0, 0.0, 0.0, 22.0, 22.0, 29.0, 0
5278, 1.0, 7.0, 0.132, -0.128, 0.0020, 0.0, 0.0, 0.0, 0.0, 1.0, 0.0, 0.0, 0.0, 1.0, 0.0, 0.0, 1.0, 0.0, 0.0, 0.0, 0.0, 3.0, 22.0, 29.0, 0
5278, 1.0, 7.0, 0.132, -0.128, -0.128, 0.0, 0.0, 0.0, 0.0, 1.0, 0.0, 0.0, 0.0, 1.0, 0.0, 0.0, 1.0, 0.0, 0.0, 0.0, 0.0, 3.0, 22.0, 22.0, 0
5278, 1.0, 7.0, 0.132, -0.128, -0.128, 0.0, 0.0, 0.0, 0.0, 1.0, 0.0, 0.0, 0.0, 1.0, 0.0, 0.0, 1.0, 0.0, 0.0, 0.0, 0.0, 3.0, 22.0, 22.0, 0
5278, 7.0, 7.0, -0.128, -0.128, 0.202, 0.0, 1.0, 0.0, 0.0, 0.0, 0.0, 0.0, 0.0, 1.0, 0.0, 0.0, 1.0, 0.0, 0.0, 0.0, 0.0, 22.0, 22.0, 22.0, 0
5278, 1.0, 7.0, 0.132, -0.128, -0.128, 0.0, 0.0, 0.0, 0.0, 1.0, 0.0, 0.0, 0.0, 1.0, 0.0, 0.0, 1.0, 0.0, 0.0, 0.0, 0.0, 3.0, 22.0, 22.0, 0
5278, 7.0, 7.0, -0.128, 0.202, 0.0020, 0.0, 1.0, 0.0, 0.0, 0.0, 0.0, 0.0, 0.0, 1.0, 0.0, 0.0, 1.0, 0.0, 0.0, 0.0, 0.0, 22.0, 22.0, 29.0, 0
5278, 1.0, 7.0, -0.779, 0.202, -0.128, 0.0, 0.0, 0.0, 0.0, 0.0, 0.0, 1.0, 0.0, 1.0, 0.0, 0.0, 1.0, 0.0, 0.0, 0.0, 0.0, 32.0, 22.0, 22.0, 0
5278, 1.0, 7.0, 0.0020, 0.0020, 0.202, 0.0, 1.0, 0.0, 0.0, 0.0, 0.0, 0.0, 0.0, 1.0, 0.0, 0.0, 1.0, 0.0, 0.0, 0.0, 0.0, 29.0, 29.0, 22.0, 0
5278, 7.0, 7.0, -0.128, 0.0020, 0.202, 0.0, 1.0, 0.0, 0.0, 0.0, 0.0, 0.0, 0.0, 1.0, 0.0, 0.0, 1.0, 0.0, 0.0, 0.0, 0.0, 22.0, 29.0, 22.0, 0
5278, 1.0, 7.0, 0.0020, 0.0020, 0.202, 0.0, 1.0, 0.0, 0.0, 0.0, 0.0, 0.0, 0.0, 1.0, 0.0, 0.0, 1.0, 0.0, 0.0, 0.0, 0.0, 29.0, 29.0, 22.0, 0
5278, 1.0, 7.0, 0.0020, 0.0020, -0.128, 0.0, 1.0, 0.0, 0.0, 0.0, 0.0, 0.0, 0.0, 1.0, 0.0, 0.0, 1.0, 0.0, 0.0, 0.0, 0.0, 29.0, 29.0, 22.0, 0
5278, 1.0, 1.0, 0.202, -0.779, 0.332, 0.0, 1.0, 0.0, 0.0, 0.0, 0.0, 0.0, 0.0, 0.0, 1.0, 0.0, 0.0, 0.0, 1.0, 0.0, 0.0, 22.0, 32.0, 1.0, 0
5278, 1.0, 1.0, 0.202, -0.779, 0.332, 0.0, 1.0, 0.0, 0.0, 0.0, 0.0, 0.0, 0.0, 0.0, 1.0, 0.0, 0.0, 0.0, 1.0, 0.0, 0.0, 22.0, 32.0, 1.0, 0
5278, 1.0, 2.0, -0.128, 0.801, -0.398, 0.0, 1.0, 0.0, 0.0, 0.0, 0.0, 0.0, 0.0, 0.0, 1.0, 0.0, 0.0, 0.0, 0.0, 0.0, 1.0, 22.0, 38.0, 40.0, 0
5278, 1.0, 2.0, -0.128, 0.801, -0.398, 0.0, 1.0, 0.0, 0.0, 0.0, 0.0, 0.0, 0.0, 0.0, 1.0, 0.0, 0.0, 0.0, 0.0, 0.0, 1.0, 22.0, 38.0, 40.0, 0
3585, 1.0, 7.0, 0.803, -0.126, -0.126, 0.0, 0.0, 0.0, 0.0, 0.0, 0.0, 1.0, 0.0, 1.0, 0.0, 0.0, 1.0, 0.0, 0.0, 0.0, 0.0, 38.0, 22.0, 22.0, 0
3585, 1.0, 7.0, 0.133, -0.126, -0.126, 0.0, 0.0, 0.0, 0.0, 1.0, 0.0, 0.0, 0.0, 1.0, 0.0, 0.0, 1.0, 0.0, 0.0, 0.0, 0.0, 3.0, 22.0, 22.0, 0
3585, 7.0, 7.0, -0.126, -0.126, 0.104, 0.0, 1.0, 0.0, 0.0, 0.0, 0.0, 0.0, 0.0, 1.0, 0.0, 0.0, 1.0, 0.0, 0.0, 0.0, 0.0, 22.0, 22.0, 22.0, 0
3585, 1.0, 7.0, 0.133, -0.126, -0.126, 0.0, 0.0, 0.0, 0.0, 1.0, 0.0, 0.0, 0.0, 1.0, 0.0, 0.0, 1.0, 0.0, 0.0, 0.0, 0.0, 3.0, 22.0, 22.0, 0
3585, 1.0, 7.0, -0.197, 0.104, -0.126, 0.0, 1.0, 0.0, 0.0, 0.0, 0.0, 0.0, 0.0, 1.0, 0.0, 0.0, 1.0, 0.0, 0.0, 0.0, 0.0, 16.0, 22.0, 22.0, 0
3585, 7.0, 7.0, -0.126, -0.126, 0.104, 0.0, 1.0, 0.0, 0.0, 0.0, 0.0, 0.0, 0.0, 1.0, 0.0, 0.0, 1.0, 0.0, 0.0, 0.0, 0.0, 22.0, 22.0, 22.0, 0
3585, 1.0, 7.0, 0.133, -0.126, 0.104, 0.0, 0.0, 0.0, 0.0, 1.0, 0.0, 0.0, 0.0, 1.0, 0.0, 0.0, 1.0, 0.0, 0.0, 0.0, 0.0, 3.0, 22.0, 22.0, 0
3585, 1.0, 7.0, 0.134, -0.126, -0.126, 0.0, 0.0, 0.0, 0.0, 1.0, 0.0, 0.0, 0.0, 1.0, 0.0, 0.0, 1.0, 0.0, 0.0, 0.0, 0.0, 3.0, 22.0, 22.0, 0
3585, 1.0, 2.0, 0.104, -0.197, 0.104, 0.0, 1.0, 0.0, 0.0, 0.0, 0.0, 0.0, 0.0, 1.0, 0.0, 0.0, 1.0, 0.0, 0.0, 0.0, 0.0, 22.0, 16.0, 16.0, 0
3585, 1.0, 1.0, 0.104, -0.197, 0.104, 0.0, 1.0, 0.0, 0.0, 0.0, 0.0, 0.0, 0.0, 1.0, 0.0, 0.0, 0.0, 0.0, 1.0, 0.0, 0.0, 22.0, 16.0, 3.0, 0
3585, 1.0, 2.0, -0.227, 0.104, -0.197, 0.0, 0.0, 0.0, 0.0, 0.0, 0.0, 0.0, 1.0, 1.0, 0.0, 0.0, 1.0, 0.0, 0.0, 0.0, 0.0, 50.0, 16.0, 16.0, 0
3585, 1.0, 2.0, 0.104, 0.104, -0.197, 0.0, 0.0, 0.0, 0.0, 1.0, 0.0, 0.0, 0.0, 1.0, 0.0, 0.0, 1.0, 0.0, 0.0, 0.0, 0.0, 3.0, 16.0, 16.0, 0
3585, 1.0, 1.0, 0.104, -0.227, 0.183, 0.0, 1.0, 0.0, 0.0, 0.0, 0.0, 0.0, 0.0, 0.0, 0.0, 1.0, 1.0, 0.0, 0.0, 0.0, 0.0, 16.0, 50.0, 22.0, 0
3585, 1.0, 7.0, -0.227, 0.183, -0.126, 0.0, 0.0, 0.0, 0.0, 0.0, 0.0, 0.0, 1.0, 1.0, 0.0, 0.0, 1.0, 0.0, 0.0, 0.0, 0.0, 50.0, 22.0, 22.0, 0
3585, 1.0, 7.0, -0.227, 0.183, -0.126, 0.0, 0.0, 0.0, 0.0, 0.0, 0.0, 0.0, 1.0, 1.0, 0.0, 0.0, 1.0, 0.0, 0.0, 0.0, 0.0, 50.0, 22.0, 22.0, 0
3585, 7.0, 7.0, -0.126, -0.126, 0.183, 0.0, 1.0, 0.0, 0.0, 0.0, 0.0, 0.0, 0.0, 1.0, 0.0, 0.0, 1.0, 0.0, 0.0, 0.0, 0.0, 22.0, 22.0, 22.0, 0
3585, 1.0, 7.0, 0.133, -0.126, -0.126, 0.0, 0.0, 0.0, 0.0, 1.0, 0.0, 0.0, 0.0, 1.0, 0.0, 0.0, 1.0, 0.0, 0.0, 0.0, 0.0, 3.0, 22.0, 22.0, 0
3585, 1.0, 7.0, 0.133, -0.126, 0.183, 0.0, 0.0, 0.0, 0.0, 1.0, 0.0, 0.0, 0.0, 1.0, 0.0, 0.0, 1.0, 0.0, 0.0, 0.0, 0.0, 3.0, 22.0, 22.0, 0
3585, 1.0, 7.0, 0.134, -0.126, -0.126, 0.0, 0.0, 0.0, 0.0, 1.0, 0.0, 0.0, 0.0, 1.0, 0.0, 0.0, 1.0, 0.0, 0.0, 0.0, 0.0, 3.0, 22.0, 22.0, 0
3585, 1.0, 7.0, 0.803, -0.126, -0.126, 0.0, 0.0, 0.0, 0.0, 0.0, 0.0, 1.0, 0.0, 1.0, 0.0, 0.0, 1.0, 0.0, 0.0, 0.0, 0.0, 38.0, 22.0, 22.0, 0
3585, 1.0, 7.0, 0.134, -0.126, -0.126, 0.0, 0.0, 0.0, 0.0, 1.0, 0.0, 0.0, 0.0, 1.0, 0.0, 0.0, 1.0, 0.0, 0.0, 0.0, 0.0, 3.0, 22.0, 22.0, 0
3585, 7.0, 7.0, -0.126, -0.126, 0.183, 0.0, 1.0, 0.0, 0.0, 0.0, 0.0, 0.0, 0.0, 1.0, 0.0, 0.0, 1.0, 0.0, 0.0, 0.0, 0.0, 22.0, 22.0, 22.0, 0
3585, 1.0, 2.0, -0.126, 0.803, -0.397, 0.0, 1.0, 0.0, 0.0, 0.0, 0.0, 0.0, 0.0, 0.0, 1.0, 0.0, 0.0, 0.0, 0.0, 0.0, 1.0, 22.0, 38.0, 40.0, 0
3585, 1.0, 7.0, -0.227, 0.183, -0.126, 0.0, 0.0, 0.0, 0.0, 0.0, 0.0, 0.0, 1.0, 1.0, 0.0, 0.0, 1.0, 0.0, 0.0, 0.0, 0.0, 50.0, 22.0, 22.0, 0
3585, 1.0, 2.0, -0.126, 0.803, -0.397, 0.0, 1.0, 0.0, 0.0, 0.0, 0.0, 0.0, 0.0, 0.0, 1.0, 0.0, 0.0, 0.0, 0.0, 0.0, 1.0, 22.0, 38.0, 40.0, 0
3585, 1.0, 2.0, -0.126, 0.803, -0.397, 0.0, 1.0, 0.0, 0.0, 0.0, 0.0, 0.0, 0.0, 0.0, 1.0, 0.0, 0.0, 0.0, 0.0, 0.0, 1.0, 22.0, 38.0, 40.0, 0
3585, 1.0, 2.0, -0.126, 0.803, -0.397, 0.0, 1.0, 0.0, 0.0, 0.0, 0.0, 0.0, 0.0, 0.0, 1.0, 0.0, 0.0, 0.0, 0.0, 0.0, 1.0, 22.0, 38.0, 40.0, 0
1636, 7.0, 7.0, -0.123, -0.123, 0.0060, 0.0, 1.0, 0.0, 0.0, 0.0, 0.0, 0.0, 0.0, 1.0, 0.0, 0.0, 1.0, 0.0, 0.0, 0.0, 0.0, 22.0, 22.0, 27.0, 0
1636, 1.0, 7.0, 0.136, -0.123, -0.123, 0.0, 0.0, 0.0, 0.0, 1.0, 0.0, 0.0, 0.0, 1.0, 0.0, 0.0, 1.0, 0.0, 0.0, 0.0, 0.0, 3.0, 22.0, 22.0, 0
1636, 7.0, 7.0, -0.123, 0.0060, 0.0060, 0.0, 1.0, 0.0, 0.0, 0.0, 0.0, 0.0, 0.0, 1.0, 0.0, 0.0, 1.0, 0.0, 0.0, 0.0, 0.0, 22.0, 27.0, 27.0, 0
1636, 7.0, 7.0, -0.123, 0.0060, 0.0060, 0.0, 1.0, 0.0, 0.0, 0.0, 0.0, 0.0, 0.0, 1.0, 0.0, 0.0, 1.0, 0.0, 0.0, 0.0, 0.0, 22.0, 27.0, 27.0, 0
1636, 7.0, 7.0, -0.123, 0.0060, 0.0060, 0.0, 1.0, 0.0, 0.0, 0.0, 0.0, 0.0, 0.0, 1.0, 0.0, 0.0, 1.0, 0.0, 0.0, 0.0, 0.0, 22.0, 27.0, 27.0, 0
1636, 7.0, 7.0, -0.123, -0.123, 0.0060, 0.0, 1.0, 0.0, 0.0, 0.0, 0.0, 0.0, 0.0, 1.0, 0.0, 0.0, 1.0, 0.0, 0.0, 0.0, 0.0, 22.0, 22.0, 27.0, 0
1636, 1.0, 7.0, 0.137, -0.123, 0.0060, 0.0, 0.0, 0.0, 0.0, 1.0, 0.0, 0.0, 0.0, 1.0, 0.0, 0.0, 1.0, 0.0, 0.0, 0.0, 0.0, 3.0, 22.0, 27.0, 0
1636, 1.0, 7.0, 0.136, -0.123, -0.123, 0.0, 0.0, 0.0, 0.0, 1.0, 0.0, 0.0, 0.0, 1.0, 0.0, 0.0, 1.0, 0.0, 0.0, 0.0, 0.0, 3.0, 22.0, 22.0, 0
1636, 1.0, 7.0, 0.136, -0.123, -0.123, 0.0, 0.0, 0.0, 0.0, 1.0, 0.0, 0.0, 0.0, 1.0, 0.0, 0.0, 1.0, 0.0, 0.0, 0.0, 0.0, 3.0, 22.0, 22.0, 0
1636, 7.0, 7.0, -0.123, -0.123, 0.0060, 0.0, 1.0, 0.0, 0.0, 0.0, 0.0, 0.0, 0.0, 1.0, 0.0, 0.0, 1.0, 0.0, 0.0, 0.0, 0.0, 22.0, 22.0, 27.0, 0
1636, 1.0, 7.0, 0.137, -0.123, 0.0060, 0.0, 0.0, 0.0, 0.0, 1.0, 0.0, 0.0, 0.0, 1.0, 0.0, 0.0, 1.0, 0.0, 0.0, 0.0, 0.0, 3.0, 22.0, 27.0, 0
1636, 1.0, 7.0, 0.137, -0.123, -0.123, 0.0, 0.0, 0.0, 0.0, 1.0, 0.0, 0.0, 0.0, 1.0, 0.0, 0.0, 1.0, 0.0, 0.0, 0.0, 0.0, 3.0, 22.0, 22.0, 0
1636, 1.0, 7.0, 0.806, -0.123, -0.123, 0.0, 0.0, 0.0, 0.0, 0.0, 0.0, 1.0, 0.0, 1.0, 0.0, 0.0, 1.0, 0.0, 0.0, 0.0, 0.0, 38.0, 22.0, 22.0, 0
1636, 7.0, 7.0, -0.123, -0.123, 0.0060, 0.0, 1.0, 0.0, 0.0, 0.0, 0.0, 0.0, 0.0, 1.0, 0.0, 0.0, 1.0, 0.0, 0.0, 0.0, 0.0, 22.0, 22.0, 27.0, 0
1636, 1.0, 7.0, 0.137, -0.123, -0.123, 0.0, 0.0, 0.0, 0.0, 1.0, 0.0, 0.0, 0.0, 1.0, 0.0, 0.0, 1.0, 0.0, 0.0, 0.0, 0.0, 3.0, 22.0, 22.0, 0
1636, 7.0, 7.0, -0.123, 0.0060, 0.0060, 0.0, 1.0, 0.0, 0.0, 0.0, 0.0, 0.0, 0.0, 1.0, 0.0, 0.0, 1.0, 0.0, 0.0, 0.0, 0.0, 22.0, 27.0, 27.0, 0
1636, 1.0, 7.0, 0.806, -0.123, -0.123, 0.0, 0.0, 0.0, 0.0, 0.0, 0.0, 1.0, 0.0, 1.0, 0.0, 0.0, 1.0, 0.0, 0.0, 0.0, 0.0, 38.0, 22.0, 22.0, 0
1636, 1.0, 7.0, 0.806, -0.123, -0.123, 0.0, 0.0, 0.0, 0.0, 0.0, 0.0, 1.0, 0.0, 1.0, 0.0, 0.0, 1.0, 0.0, 0.0, 0.0, 0.0, 38.0, 22.0, 22.0, 0
1636, 1.0, 2.0, -0.123, 0.806, -0.395, 0.0, 1.0, 0.0, 0.0, 0.0, 0.0, 0.0, 0.0, 0.0, 1.0, 0.0, 0.0, 0.0, 0.0, 0.0, 1.0, 22.0, 38.0, 40.0, 0
3601, 1.0, 7.0, 0.163, -0.097, -0.097, 0.0, 0.0, 0.0, 0.0, 1.0, 0.0, 0.0, 0.0, 1.0, 0.0, 0.0, 1.0, 0.0, 0.0, 0.0, 0.0, 3.0, 22.0, 22.0, 0
3601, 1.0, 7.0, 0.163, -0.097, -0.097, 0.0, 0.0, 0.0, 0.0, 1.0, 0.0, 0.0, 0.0, 1.0, 0.0, 0.0, 1.0, 0.0, 0.0, 0.0, 0.0, 3.0, 22.0, 22.0, 0
3601, 1.0, 7.0, -0.167, -0.097, -0.097, 0.0, 0.0, 1.0, 0.0, 0.0, 0.0, 0.0, 0.0, 1.0, 0.0, 0.0, 1.0, 0.0, 0.0, 0.0, 0.0, 93.0, 22.0, 22.0, 0
3601, 1.0, 7.0, 0.832, -0.097, -0.097, 0.0, 0.0, 0.0, 0.0, 0.0, 0.0, 1.0, 0.0, 1.0, 0.0, 0.0, 1.0, 0.0, 0.0, 0.0, 0.0, 38.0, 22.0, 22.0, 0
3601, 1.0, 7.0, 0.163, -0.097, -0.097, 0.0, 0.0, 0.0, 0.0, 1.0, 0.0, 0.0, 0.0, 1.0, 0.0, 0.0, 1.0, 0.0, 0.0, 0.0, 0.0, 3.0, 22.0, 22.0, 0
3601, 1.0, 7.0, 0.163, -0.097, -0.097, 0.0, 0.0, 0.0, 0.0, 1.0, 0.0, 0.0, 0.0, 1.0, 0.0, 0.0, 1.0, 0.0, 0.0, 0.0, 0.0, 3.0, 22.0, 22.0, 0
3601, 1.0, 7.0, 0.832, -0.097, -0.097, 0.0, 0.0, 0.0, 0.0, 0.0, 0.0, 1.0, 0.0, 1.0, 0.0, 0.0, 1.0, 0.0, 0.0, 0.0, 0.0, 38.0, 22.0, 22.0, 0
3601, 1.0, 7.0, 0.832, -0.097, -0.097, 0.0, 0.0, 0.0, 0.0, 0.0, 0.0, 1.0, 0.0, 1.0, 0.0, 0.0, 1.0, 0.0, 0.0, 0.0, 0.0, 38.0, 22.0, 22.0, 0
3601, 1.0, 2.0, -0.097, 0.832, -0.368, 0.0, 1.0, 0.0, 0.0, 0.0, 0.0, 0.0, 0.0, 0.0, 1.0, 0.0, 0.0, 0.0, 0.0, 0.0, 1.0, 22.0, 38.0, 40.0, 0
3601, 2.0, 2.0, -0.368, 0.832, -0.367, 0.0, 0.0, 0.0, 0.0, 0.0, 0.0, 0.0, 1.0, 0.0, 1.0, 0.0, 0.0, 0.0, 0.0, 0.0, 1.0, 40.0, 38.0, 40.0, 0
1300, 1.0, 7.0, 0.144, -0.116, -0.116, 0.0, 0.0, 0.0, 0.0, 1.0, 0.0, 0.0, 0.0, 1.0, 0.0, 0.0, 1.0, 0.0, 0.0, 0.0, 0.0, 3.0, 22.0, 22.0, 0
1300, 7.0, 7.0, -0.116, -0.116, 0.014, 0.0, 1.0, 0.0, 0.0, 0.0, 0.0, 0.0, 0.0, 1.0, 0.0, 0.0, 1.0, 0.0, 0.0, 0.0, 0.0, 22.0, 22.0, 29.0, 0
1300, 1.0, 7.0, 0.144, -0.116, -0.116, 0.0, 0.0, 0.0, 0.0, 1.0, 0.0, 0.0, 0.0, 1.0, 0.0, 0.0, 1.0, 0.0, 0.0, 0.0, 0.0, 3.0, 22.0, 22.0, 0
1300, 1.0, 7.0, 0.014, 0.014, -0.116, 0.0, 1.0, 0.0, 0.0, 0.0, 0.0, 0.0, 0.0, 1.0, 0.0, 0.0, 1.0, 0.0, 0.0, 0.0, 0.0, 29.0, 29.0, 22.0, 0
1300, 7.0, 7.0, -0.116, -0.116, 0.014, 0.0, 1.0, 0.0, 0.0, 0.0, 0.0, 0.0, 0.0, 1.0, 0.0, 0.0, 1.0, 0.0, 0.0, 0.0, 0.0, 22.0, 22.0, 29.0, 0
1300, 1.0, 7.0, 0.814, -0.116, 0.014, 0.0, 0.0, 0.0, 0.0, 0.0, 0.0, 1.0, 0.0, 1.0, 0.0, 0.0, 1.0, 0.0, 0.0, 0.0, 0.0, 38.0, 22.0, 29.0, 0
1300, 1.0, 7.0, 0.144, -0.116, -0.116, 0.0, 0.0, 0.0, 0.0, 1.0, 0.0, 0.0, 0.0, 1.0, 0.0, 0.0, 1.0, 0.0, 0.0, 0.0, 0.0, 3.0, 22.0, 22.0, 0
1300, 1.0, 7.0, 0.144, -0.116, -0.116, 0.0, 0.0, 0.0, 0.0, 1.0, 0.0, 0.0, 0.0, 1.0, 0.0, 0.0, 1.0, 0.0, 0.0, 0.0, 0.0, 3.0, 22.0, 22.0, 0
1300, 7.0, 7.0, -0.116, -0.116, 0.014, 0.0, 1.0, 0.0, 0.0, 0.0, 0.0, 0.0, 0.0, 1.0, 0.0, 0.0, 1.0, 0.0, 0.0, 0.0, 0.0, 22.0, 22.0, 29.0, 0
1300, 1.0, 7.0, 0.144, -0.116, 0.014, 0.0, 0.0, 0.0, 0.0, 1.0, 0.0, 0.0, 0.0, 1.0, 0.0, 0.0, 1.0, 0.0, 0.0, 0.0, 0.0, 3.0, 22.0, 29.0, 0
1300, 1.0, 7.0, 0.144, -0.116, -0.116, 0.0, 0.0, 0.0, 0.0, 1.0, 0.0, 0.0, 0.0, 1.0, 0.0, 0.0, 1.0, 0.0, 0.0, 0.0, 0.0, 3.0, 22.0, 22.0, 0
1300, 1.0, 7.0, 0.813, -0.116, -0.116, 0.0, 0.0, 0.0, 0.0, 0.0, 0.0, 1.0, 0.0, 1.0, 0.0, 0.0, 1.0, 0.0, 0.0, 0.0, 0.0, 38.0, 22.0, 22.0, 0
1300, 1.0, 7.0, 0.144, -0.116, -0.116, 0.0, 0.0, 0.0, 0.0, 1.0, 0.0, 0.0, 0.0, 1.0, 0.0, 0.0, 1.0, 0.0, 0.0, 0.0, 0.0, 3.0, 22.0, 22.0, 0
1300, 7.0, 7.0, -0.116, -0.116, 0.014, 0.0, 1.0, 0.0, 0.0, 0.0, 0.0, 0.0, 0.0, 1.0, 0.0, 0.0, 1.0, 0.0, 0.0, 0.0, 0.0, 22.0, 22.0, 29.0, 0
1300, 1.0, 7.0, 0.813, -0.116, -0.116, 0.0, 0.0, 0.0, 0.0, 0.0, 0.0, 1.0, 0.0, 1.0, 0.0, 0.0, 1.0, 0.0, 0.0, 0.0, 0.0, 38.0, 22.0, 22.0, 0
1300, 1.0, 7.0, 0.014, 0.014, -0.116, 0.0, 1.0, 0.0, 0.0, 0.0, 0.0, 0.0, 0.0, 1.0, 0.0, 0.0, 1.0, 0.0, 0.0, 0.0, 0.0, 29.0, 29.0, 22.0, 0
1300, 1.0, 7.0, 0.014, 0.014, -0.116, 0.0, 1.0, 0.0, 0.0, 0.0, 0.0, 0.0, 0.0, 1.0, 0.0, 0.0, 1.0, 0.0, 0.0, 0.0, 0.0, 29.0, 29.0, 22.0, 0
1300, 1.0, 7.0, 0.014, 0.014, -0.116, 0.0, 1.0, 0.0, 0.0, 0.0, 0.0, 0.0, 0.0, 1.0, 0.0, 0.0, 1.0, 0.0, 0.0, 0.0, 0.0, 29.0, 29.0, 22.0, 0
1300, 1.0, 2.0, -0.116, 0.813, -0.386, 0.0, 1.0, 0.0, 0.0, 0.0, 0.0, 0.0, 0.0, 0.0, 1.0, 0.0, 0.0, 0.0, 0.0, 0.0, 1.0, 22.0, 38.0, 40.0, 0
1300, 1.0, 2.0, -0.116, 0.813, -0.386, 0.0, 1.0, 0.0, 0.0, 0.0, 0.0, 0.0, 0.0, 0.0, 1.0, 0.0, 0.0, 0.0, 0.0, 0.0, 1.0, 22.0, 38.0, 40.0, 0
1300, 1.0, 2.0, -0.116, 0.813, -0.386, 0.0, 1.0, 0.0, 0.0, 0.0, 0.0, 0.0, 0.0, 0.0, 1.0, 0.0, 0.0, 0.0, 0.0, 0.0, 1.0, 22.0, 38.0, 40.0, 0
1300, 1.0, 2.0, -0.116, 0.813, -0.386, 0.0, 1.0, 0.0, 0.0, 0.0, 0.0, 0.0, 0.0, 0.0, 1.0, 0.0, 0.0, 0.0, 0.0, 0.0, 1.0, 22.0, 38.0, 40.0, 0
1300, 1.0, 2.0, -0.116, 0.814, -0.386, 0.0, 1.0, 0.0, 0.0, 0.0, 0.0, 0.0, 0.0, 0.0, 1.0, 0.0, 0.0, 0.0, 0.0, 0.0, 1.0, 22.0, 38.0, 40.0, 0
1300, 1.0, 2.0, -0.116, 0.814, -0.386, 0.0, 1.0, 0.0, 0.0, 0.0, 0.0, 0.0, 0.0, 0.0, 1.0, 0.0, 0.0, 0.0, 0.0, 0.0, 1.0, 22.0, 38.0, 40.0, 0
5160, 7.0, 7.0, -0.097, -0.097, -0.067, 0.0, 1.0, 0.0, 0.0, 0.0, 0.0, 0.0, 0.0, 1.0, 0.0, 0.0, 1.0, 0.0, 0.0, 0.0, 0.0, 22.0, 22.0, 27.0, 0
5160, 1.0, 7.0, 0.832, -0.097, -0.097, 0.0, 0.0, 0.0, 0.0, 0.0, 0.0, 1.0, 0.0, 1.0, 0.0, 0.0, 1.0, 0.0, 0.0, 0.0, 0.0, 38.0, 22.0, 22.0, 0
5160, 7.0, 7.0, -0.097, -0.067, 0.033, 0.0, 1.0, 0.0, 0.0, 0.0, 0.0, 0.0, 0.0, 1.0, 0.0, 0.0, 1.0, 0.0, 0.0, 0.0, 0.0, 22.0, 27.0, 27.0, 0
5160, 7.0, 7.0, -0.097, -0.067, -0.738, 0.0, 1.0, 0.0, 0.0, 0.0, 0.0, 0.0, 0.0, 1.0, 0.0, 0.0, 0.0, 0.0, 0.0, 1.0, 0.0, 22.0, 27.0, 35.0, 0
5160, 7.0, 7.0, -0.097, 0.033, -0.067, 0.0, 1.0, 0.0, 0.0, 0.0, 0.0, 0.0, 0.0, 1.0, 0.0, 0.0, 1.0, 0.0, 0.0, 0.0, 0.0, 22.0, 27.0, 27.0, 0
5160, 7.0, 7.0, -0.097, 0.033, -0.067, 0.0, 1.0, 0.0, 0.0, 0.0, 0.0, 0.0, 0.0, 1.0, 0.0, 0.0, 1.0, 0.0, 0.0, 0.0, 0.0, 22.0, 27.0, 27.0, 0
5160, 7.0, 7.0, -0.097, -0.097, 0.033, 0.0, 1.0, 0.0, 0.0, 0.0, 0.0, 0.0, 0.0, 1.0, 0.0, 0.0, 1.0, 0.0, 0.0, 0.0, 0.0, 22.0, 22.0, 27.0, 0
5160, 1.0, 7.0, 0.162, -0.097, 0.033, 0.0, 0.0, 0.0, 0.0, 1.0, 0.0, 0.0, 0.0, 1.0, 0.0, 0.0, 1.0, 0.0, 0.0, 0.0, 0.0, 3.0, 22.0, 27.0, 0
5160, 1.0, 7.0, 0.163, -0.097, -0.097, 0.0, 0.0, 0.0, 0.0, 1.0, 0.0, 0.0, 0.0, 1.0, 0.0, 0.0, 1.0, 0.0, 0.0, 0.0, 0.0, 3.0, 22.0, 22.0, 0
5160, 1.0, 7.0, 0.162, -0.097, -0.097, 0.0, 0.0, 0.0, 0.0, 1.0, 0.0, 0.0, 0.0, 1.0, 0.0, 0.0, 1.0, 0.0, 0.0, 0.0, 0.0, 3.0, 22.0, 22.0, 0
5160, 7.0, 7.0, 0.282, -0.738, -0.067, 0.0, 1.0, 0.0, 0.0, 0.0, 0.0, 0.0, 0.0, 0.0, 1.0, 0.0, 1.0, 0.0, 0.0, 0.0, 0.0, 22.0, 35.0, 27.0, 0
5160, 7.0, 7.0, -0.097, 0.282, -0.738, 0.0, 1.0, 0.0, 0.0, 0.0, 0.0, 0.0, 0.0, 1.0, 0.0, 0.0, 0.0, 0.0, 0.0, 1.0, 0.0, 22.0, 22.0, 35.0, 0
5160, 1.0, 7.0, 0.163, 0.282, -0.738, 0.0, 0.0, 0.0, 0.0, 1.0, 0.0, 0.0, 0.0, 1.0, 0.0, 0.0, 0.0, 0.0, 0.0, 1.0, 0.0, 3.0, 22.0, 35.0, 0
5160, 7.0, 7.0, -0.097, -0.097, 0.282, 0.0, 1.0, 0.0, 0.0, 0.0, 0.0, 0.0, 0.0, 1.0, 0.0, 0.0, 1.0, 0.0, 0.0, 0.0, 0.0, 22.0, 22.0, 22.0, 0
5160, 1.0, 7.0, 0.163, -0.097, 0.282, 0.0, 0.0, 0.0, 0.0, 1.0, 0.0, 0.0, 0.0, 1.0, 0.0, 0.0, 1.0, 0.0, 0.0, 0.0, 0.0, 3.0, 22.0, 22.0, 0
5160, 7.0, 7.0, -0.097, -0.097, 0.033, 0.0, 1.0, 0.0, 0.0, 0.0, 0.0, 0.0, 0.0, 1.0, 0.0, 0.0, 1.0, 0.0, 0.0, 0.0, 0.0, 22.0, 22.0, 27.0, 0
5160, 7.0, 7.0, -0.097, 0.033, -0.067, 0.0, 1.0, 0.0, 0.0, 0.0, 0.0, 0.0, 0.0, 1.0, 0.0, 0.0, 1.0, 0.0, 0.0, 0.0, 0.0, 22.0, 27.0, 27.0, 0
5160, 1.0, 7.0, 0.163, -0.097, -0.097, 0.0, 0.0, 0.0, 0.0, 1.0, 0.0, 0.0, 0.0, 1.0, 0.0, 0.0, 1.0, 0.0, 0.0, 0.0, 0.0, 3.0, 22.0, 22.0, 0
5160, 1.0, 7.0, 0.832, -0.097, -0.097, 0.0, 0.0, 0.0, 0.0, 0.0, 0.0, 1.0, 0.0, 1.0, 0.0, 0.0, 1.0, 0.0, 0.0, 0.0, 0.0, 38.0, 22.0, 22.0, 0
5160, 1.0, 7.0, 0.832, -0.097, -0.067, 0.0, 0.0, 0.0, 0.0, 0.0, 0.0, 1.0, 0.0, 1.0, 0.0, 0.0, 1.0, 0.0, 0.0, 0.0, 0.0, 38.0, 22.0, 27.0, 0
4504, 7.0, 7.0, -0.115, -0.115, 0.015, 0.0, 1.0, 0.0, 0.0, 0.0, 0.0, 0.0, 0.0, 1.0, 0.0, 0.0, 1.0, 0.0, 0.0, 0.0, 0.0, 22.0, 22.0, 27.0, 1
4504, 1.0, 7.0, 0.145, -0.115, -0.115, 0.0, 0.0, 0.0, 0.0, 1.0, 0.0, 0.0, 0.0, 1.0, 0.0, 0.0, 1.0, 0.0, 0.0, 0.0, 0.0, 3.0, 22.0, 22.0, 1
4504, 7.0, 7.0, -0.115, 0.015, -0.085, 0.0, 1.0, 0.0, 0.0, 0.0, 0.0, 0.0, 0.0, 1.0, 0.0, 0.0, 1.0, 0.0, 0.0, 0.0, 0.0, 22.0, 27.0, 27.0, 1
4504, 7.0, 7.0, 0.015, -0.085, 0.015, 0.0, 1.0, 0.0, 0.0, 0.0, 0.0, 0.0, 0.0, 1.0, 0.0, 0.0, 1.0, 0.0, 0.0, 0.0, 0.0, 27.0, 27.0, 28.0, 1
4504, 7.0, 7.0, 0.015, -0.085, 0.015, 0.0, 1.0, 0.0, 0.0, 0.0, 0.0, 0.0, 0.0, 1.0, 0.0, 0.0, 1.0, 0.0, 0.0, 0.0, 0.0, 27.0, 27.0, 29.0, 1
4504, 7.0, 7.0, -0.115, 0.015, -0.085, 0.0, 1.0, 0.0, 0.0, 0.0, 0.0, 0.0, 0.0, 1.0, 0.0, 0.0, 1.0, 0.0, 0.0, 0.0, 0.0, 22.0, 28.0, 27.0, 1
4504, 1.0, 7.0, 0.015, 0.015, -0.085, 0.0, 1.0, 0.0, 0.0, 0.0, 0.0, 0.0, 0.0, 1.0, 0.0, 0.0, 1.0, 0.0, 0.0, 0.0, 0.0, 28.0, 28.0, 27.0, 1
4504, 7.0, 7.0, -0.115, -0.115, 0.015, 0.0, 1.0, 0.0, 0.0, 0.0, 0.0, 0.0, 0.0, 1.0, 0.0, 0.0, 1.0, 0.0, 0.0, 0.0, 0.0, 22.0, 22.0, 28.0, 1
4504, 1.0, 7.0, 0.145, -0.115, 0.015, 0.0, 0.0, 0.0, 0.0, 1.0, 0.0, 0.0, 0.0, 1.0, 0.0, 0.0, 1.0, 0.0, 0.0, 0.0, 0.0, 3.0, 22.0, 28.0, 1
4504, 1.0, 7.0, 0.816, -0.115, -0.115, 0.0, 0.0, 0.0, 0.0, 0.0, 0.0, 1.0, 0.0, 1.0, 0.0, 0.0, 1.0, 0.0, 0.0, 0.0, 0.0, 38.0, 22.0, 22.0, 1
4504, 7.0, 7.0, -0.115, -0.115, 0.015, 0.0, 1.0, 0.0, 0.0, 0.0, 0.0, 0.0, 0.0, 1.0, 0.0, 0.0, 1.0, 0.0, 0.0, 0.0, 0.0, 22.0, 22.0, 27.0, 1
4504, 1.0, 7.0, 0.145, -0.115, 0.015, 0.0, 0.0, 0.0, 0.0, 1.0, 0.0, 0.0, 0.0, 1.0, 0.0, 0.0, 1.0, 0.0, 0.0, 0.0, 0.0, 3.0, 22.0, 27.0, 1
4504, 1.0, 7.0, 0.816, -0.115, -0.115, 0.0, 0.0, 0.0, 0.0, 0.0, 0.0, 1.0, 0.0, 1.0, 0.0, 0.0, 1.0, 0.0, 0.0, 0.0, 0.0, 38.0, 22.0, 22.0, 1
4504, 7.0, 7.0, -0.115, -0.115, 0.015, 0.0, 1.0, 0.0, 0.0, 0.0, 0.0, 0.0, 0.0, 1.0, 0.0, 0.0, 1.0, 0.0, 0.0, 0.0, 0.0, 22.0, 22.0, 29.0, 1
4504, 1.0, 7.0, 0.816, -0.115, -0.115, 0.0, 0.0, 0.0, 0.0, 0.0, 0.0, 1.0, 0.0, 1.0, 0.0, 0.0, 1.0, 0.0, 0.0, 0.0, 0.0, 38.0, 22.0, 22.0, 1
4504, 7.0, 7.0, -0.115, 0.015, -0.085, 0.0, 1.0, 0.0, 0.0, 0.0, 0.0, 0.0, 0.0, 1.0, 0.0, 0.0, 1.0, 0.0, 0.0, 0.0, 0.0, 22.0, 29.0, 27.0, 1
4504, 7.0, 7.0, 0.015, -0.085, 0.015, 0.0, 1.0, 0.0, 0.0, 0.0, 0.0, 0.0, 0.0, 1.0, 0.0, 0.0, 1.0, 0.0, 0.0, 0.0, 0.0, 28.0, 27.0, 29.0, 1
4504, 1.0, 7.0, 0.015, 0.015, -0.115, 0.0, 1.0, 0.0, 0.0, 0.0, 0.0, 0.0, 0.0, 1.0, 0.0, 0.0, 1.0, 0.0, 0.0, 0.0, 0.0, 28.0, 29.0, 22.0, 1
4504, 7.0, 7.0, -0.115, 0.015, 0.015, 0.0, 1.0, 0.0, 0.0, 0.0, 0.0, 0.0, 0.0, 1.0, 0.0, 0.0, 1.0, 0.0, 0.0, 0.0, 0.0, 22.0, 28.0, 28.0, 1
4504, 7.0, 7.0, 0.015, -0.085, 0.015, 0.0, 1.0, 0.0, 0.0, 0.0, 0.0, 0.0, 0.0, 1.0, 0.0, 0.0, 1.0, 0.0, 0.0, 0.0, 0.0, 27.0, 27.0, 29.0, 1
4504, 7.0, 7.0, -0.115, -0.115, 0.015, 0.0, 1.0, 0.0, 0.0, 0.0, 0.0, 0.0, 0.0, 1.0, 0.0, 0.0, 1.0, 0.0, 0.0, 0.0, 0.0, 22.0, 22.0, 28.0, 1
4504, 1.0, 7.0, 0.015, 0.015, 0.015, 0.0, 1.0, 0.0, 0.0, 0.0, 0.0, 0.0, 0.0, 1.0, 0.0, 0.0, 1.0, 0.0, 0.0, 0.0, 0.0, 29.0, 28.0, 28.0, 1
4504, 1.0, 7.0, 0.145, -0.115, -0.115, 0.0, 0.0, 0.0, 0.0, 1.0, 0.0, 0.0, 0.0, 1.0, 0.0, 0.0, 1.0, 0.0, 0.0, 0.0, 0.0, 3.0, 22.0, 22.0, 1
4504, 1.0, 7.0, 0.146, -0.115, 0.015, 0.0, 0.0, 0.0, 0.0, 1.0, 0.0, 0.0, 0.0, 1.0, 0.0, 0.0, 1.0, 0.0, 0.0, 0.0, 0.0, 3.0, 22.0, 28.0, 1
4504, 7.0, 7.0, -0.115, -0.115, 0.015, 0.0, 1.0, 0.0, 0.0, 0.0, 0.0, 0.0, 0.0, 1.0, 0.0, 0.0, 1.0, 0.0, 0.0, 0.0, 0.0, 22.0, 22.0, 28.0, 1
4504, 1.0, 7.0, 0.145, -0.115, -0.115, 0.0, 0.0, 0.0, 0.0, 1.0, 0.0, 0.0, 0.0, 1.0, 0.0, 0.0, 1.0, 0.0, 0.0, 0.0, 0.0, 3.0, 22.0, 22.0, 1
4504, 7.0, 7.0, -0.115, 0.015, 0.015, 0.0, 1.0, 0.0, 0.0, 0.0, 0.0, 0.0, 0.0, 1.0, 0.0, 0.0, 1.0, 0.0, 0.0, 0.0, 0.0, 22.0, 28.0, 28.0, 1
4504, 1.0, 7.0, 0.145, -0.115, -0.115, 0.0, 0.0, 0.0, 0.0, 1.0, 0.0, 0.0, 0.0, 1.0, 0.0, 0.0, 1.0, 0.0, 0.0, 0.0, 0.0, 3.0, 22.0, 22.0, 1
4504, 1.0, 7.0, 0.015, 0.015, -0.115, 0.0, 1.0, 0.0, 0.0, 0.0, 0.0, 0.0, 0.0, 1.0, 0.0, 0.0, 1.0, 0.0, 0.0, 0.0, 0.0, 28.0, 28.0, 22.0, 1
4504, 1.0, 7.0, 0.015, 0.015, -0.115, 0.0, 1.0, 0.0, 0.0, 0.0, 0.0, 0.0, 0.0, 1.0, 0.0, 0.0, 1.0, 0.0, 0.0, 0.0, 0.0, 28.0, 28.0, 22.0, 1
4504, 1.0, 7.0, 0.015, 0.015, -0.085, 0.0, 1.0, 0.0, 0.0, 0.0, 0.0, 0.0, 0.0, 1.0, 0.0, 0.0, 1.0, 0.0, 0.0, 0.0, 0.0, 28.0, 29.0, 27.0, 1
4504, 1.0, 7.0, 0.015, 0.015, -0.085, 0.0, 1.0, 0.0, 0.0, 0.0, 0.0, 0.0, 0.0, 1.0, 0.0, 0.0, 1.0, 0.0, 0.0, 0.0, 0.0, 28.0, 28.0, 27.0, 1
4504, 1.0, 2.0, -0.115, 0.816, -0.384, 0.0, 1.0, 0.0, 0.0, 0.0, 0.0, 0.0, 0.0, 0.0, 1.0, 0.0, 0.0, 0.0, 0.0, 0.0, 1.0, 22.0, 38.0, 40.0, 1
4504, 1.0, 2.0, -0.115, 0.816, -0.384, 0.0, 1.0, 0.0, 0.0, 0.0, 0.0, 0.0, 0.0, 0.0, 1.0, 0.0, 0.0, 0.0, 0.0, 0.0, 1.0, 22.0, 38.0, 40.0, 1
4504, 1.0, 7.0, 0.015, 0.015, -0.115, 0.0, 1.0, 0.0, 0.0, 0.0, 0.0, 0.0, 0.0, 1.0, 0.0, 0.0, 1.0, 0.0, 0.0, 0.0, 0.0, 28.0, 29.0, 22.0, 1
4504, 1.0, 2.0, -0.115, 0.816, -0.384, 0.0, 1.0, 0.0, 0.0, 0.0, 0.0, 0.0, 0.0, 0.0, 1.0, 0.0, 0.0, 0.0, 0.0, 0.0, 1.0, 22.0, 38.0, 40.0, 1
4504, 1.0, 2.0, -0.115, 0.816, -0.384, 0.0, 1.0, 0.0, 0.0, 0.0, 0.0, 0.0, 0.0, 0.0, 1.0, 0.0, 0.0, 0.0, 0.0, 0.0, 1.0, 22.0, 38.0, 40.0, 1
4504, 1.0, 2.0, -0.115, 0.816, -0.384, 0.0, 1.0, 0.0, 0.0, 0.0, 0.0, 0.0, 0.0, 0.0, 1.0, 0.0, 0.0, 0.0, 0.0, 0.0, 1.0, 22.0, 38.0, 40.0, 1
4504, 1.0, 2.0, -0.115, 0.816, -0.384, 0.0, 1.0, 0.0, 0.0, 0.0, 0.0, 0.0, 0.0, 0.0, 1.0, 0.0, 0.0, 0.0, 0.0, 0.0, 1.0, 22.0, 38.0, 40.0, 1
5481, 7.0, 7.0, -0.119, -0.118, -0.118, 0.0, 1.0, 0.0, 0.0, 0.0, 0.0, 0.0, 0.0, 1.0, 0.0, 0.0, 1.0, 0.0, 0.0, 0.0, 0.0, 22.0, 22.0, 22.0, 1
5481, 1.0, 7.0, 0.142, -0.118, -0.118, 0.0, 0.0, 0.0, 0.0, 1.0, 0.0, 0.0, 0.0, 1.0, 0.0, 0.0, 1.0, 0.0, 0.0, 0.0, 0.0, 3.0, 22.0, 22.0, 1
5481, 7.0, 7.0, -0.118, -0.119, 0.011, 0.0, 1.0, 0.0, 0.0, 0.0, 0.0, 0.0, 0.0, 1.0, 0.0, 0.0, 1.0, 0.0, 0.0, 0.0, 0.0, 22.0, 22.0, 29.0, 1
5481, 1.0, 7.0, 0.011, -0.119, -0.118, 0.0, 1.0, 0.0, 0.0, 0.0, 0.0, 0.0, 0.0, 1.0, 0.0, 0.0, 1.0, 0.0, 0.0, 0.0, 0.0, 10.0, 22.0, 22.0, 1
5481, 1.0, 7.0, 0.011, 0.011, -0.119, 0.0, 1.0, 0.0, 0.0, 0.0, 0.0, 0.0, 0.0, 1.0, 0.0, 0.0, 1.0, 0.0, 0.0, 0.0, 0.0, 29.0, 29.0, 22.0, 1
5481, 7.0, 7.0, -0.119, -0.119, 0.011, 0.0, 1.0, 0.0, 0.0, 0.0, 0.0, 0.0, 0.0, 1.0, 0.0, 0.0, 1.0, 0.0, 0.0, 0.0, 0.0, 22.0, 22.0, 29.0, 1
5481, 1.0, 7.0, 0.142, -0.119, 0.011, 0.0, 0.0, 0.0, 0.0, 1.0, 0.0, 0.0, 0.0, 1.0, 0.0, 0.0, 1.0, 0.0, 0.0, 0.0, 0.0, 3.0, 22.0, 29.0, 1
5481, 7.0, 7.0, -0.119, -0.119, -0.118, 0.0, 1.0, 0.0, 0.0, 0.0, 0.0, 0.0, 0.0, 1.0, 0.0, 0.0, 1.0, 0.0, 0.0, 0.0, 0.0, 22.0, 22.0, 22.0, 1
5481, 1.0, 7.0, 0.142, -0.119, -0.119, 0.0, 0.0, 0.0, 0.0, 1.0, 0.0, 0.0, 0.0, 1.0, 0.0, 0.0, 1.0, 0.0, 0.0, 0.0, 0.0, 3.0, 22.0, 22.0, 1
5481, 7.0, 7.0, -0.119, -0.118, -0.118, 0.0, 1.0, 0.0, 0.0, 0.0, 0.0, 0.0, 0.0, 1.0, 0.0, 0.0, 1.0, 0.0, 0.0, 0.0, 0.0, 22.0, 22.0, 22.0, 1
5481, 1.0, 7.0, 0.812, -0.118, -0.119, 0.0, 0.0, 0.0, 0.0, 0.0, 0.0, 1.0, 0.0, 1.0, 0.0, 0.0, 1.0, 0.0, 0.0, 0.0, 0.0, 38.0, 22.0, 22.0, 1
5481, 7.0, 7.0, -0.168, -0.119, -0.119, 0.0, 1.0, 0.0, 0.0, 0.0, 0.0, 0.0, 0.0, 1.0, 0.0, 0.0, 1.0, 0.0, 0.0, 0.0, 0.0, 22.0, 22.0, 22.0, 1
5481, 1.0, 7.0, 0.142, -0.119, -0.119, 0.0, 0.0, 0.0, 0.0, 1.0, 0.0, 0.0, 0.0, 1.0, 0.0, 0.0, 1.0, 0.0, 0.0, 0.0, 0.0, 3.0, 22.0, 22.0, 1
5481, 1.0, 7.0, 0.011, -0.168, -0.119, 0.0, 1.0, 0.0, 0.0, 0.0, 0.0, 0.0, 0.0, 1.0, 0.0, 0.0, 1.0, 0.0, 0.0, 0.0, 0.0, 10.0, 22.0, 22.0, 1
5481, 7.0, 7.0, -0.168, -0.119, -0.119, 0.0, 1.0, 0.0, 0.0, 0.0, 0.0, 0.0, 0.0, 1.0, 0.0, 0.0, 1.0, 0.0, 0.0, 0.0, 0.0, 22.0, 22.0, 22.0, 1
5481, 1.0, 7.0, 0.142, -0.119, -0.168, 0.0, 0.0, 0.0, 0.0, 1.0, 0.0, 0.0, 0.0, 1.0, 0.0, 0.0, 1.0, 0.0, 0.0, 0.0, 0.0, 3.0, 22.0, 22.0, 1
5481, 1.0, 7.0, 0.142, -0.119, -0.119, 0.0, 0.0, 0.0, 0.0, 1.0, 0.0, 0.0, 0.0, 1.0, 0.0, 0.0, 1.0, 0.0, 0.0, 0.0, 0.0, 3.0, 22.0, 22.0, 1
5481, 7.0, 7.0, -0.119, -0.119, 0.011, 0.0, 1.0, 0.0, 0.0, 0.0, 0.0, 0.0, 0.0, 1.0, 0.0, 0.0, 1.0, 0.0, 0.0, 0.0, 0.0, 22.0, 22.0, 29.0, 1
5481, 7.0, 7.0, -0.119, -0.119, 0.011, 0.0, 1.0, 0.0, 0.0, 0.0, 0.0, 0.0, 0.0, 1.0, 0.0, 0.0, 1.0, 0.0, 0.0, 0.0, 0.0, 22.0, 22.0, 29.0, 1
5481, 1.0, 7.0, 0.011, 0.011, -0.119, 0.0, 1.0, 0.0, 0.0, 0.0, 0.0, 0.0, 0.0, 1.0, 0.0, 0.0, 1.0, 0.0, 0.0, 0.0, 0.0, 29.0, 29.0, 22.0, 1
5481, 1.0, 7.0, 0.011, 0.011, -0.119, 0.0, 1.0, 0.0, 0.0, 0.0, 0.0, 0.0, 0.0, 1.0, 0.0, 0.0, 1.0, 0.0, 0.0, 0.0, 0.0, 29.0, 29.0, 22.0, 1
5481, 1.0, 7.0, 0.011, -0.119, 0.011, 0.0, 1.0, 0.0, 0.0, 0.0, 0.0, 0.0, 0.0, 1.0, 0.0, 0.0, 1.0, 0.0, 0.0, 0.0, 0.0, 10.0, 22.0, 29.0, 1
5481, 1.0, 1.0, -0.119, 0.011, 0.061, 0.0, 1.0, 0.0, 0.0, 0.0, 0.0, 0.0, 0.0, 1.0, 0.0, 0.0, 0.0, 0.0, 1.0, 0.0, 0.0, 22.0, 10.0, 3.0, 1
5481, 1.0, 7.0, 0.011, 0.011, -0.119, 0.0, 1.0, 0.0, 0.0, 0.0, 0.0, 0.0, 0.0, 1.0, 0.0, 0.0, 1.0, 0.0, 0.0, 0.0, 0.0, 29.0, 29.0, 22.0, 1
5481, 1.0, 7.0, 0.011, -0.119, -0.119, 0.0, 1.0, 0.0, 0.0, 0.0, 0.0, 0.0, 0.0, 1.0, 0.0, 0.0, 1.0, 0.0, 0.0, 0.0, 0.0, 10.0, 22.0, 22.0, 1
5481, 1.0, 1.0, -0.119, 0.011, 0.061, 0.0, 1.0, 0.0, 0.0, 0.0, 0.0, 0.0, 0.0, 1.0, 0.0, 0.0, 0.0, 0.0, 1.0, 0.0, 0.0, 22.0, 10.0, 3.0, 1
5481, 1.0, 1.0, -0.168, 0.011, 0.061, 0.0, 1.0, 0.0, 0.0, 0.0, 0.0, 0.0, 0.0, 1.0, 0.0, 0.0, 0.0, 0.0, 1.0, 0.0, 0.0, 22.0, 10.0, 3.0, 1
5481, 1.0, 7.0, 0.011, -0.119, 0.011, 0.0, 1.0, 0.0, 0.0, 0.0, 0.0, 0.0, 0.0, 1.0, 0.0, 0.0, 1.0, 0.0, 0.0, 0.0, 0.0, 10.0, 22.0, 29.0, 1
5481, 1.0, 1.0, -0.168, 0.011, 0.061, 0.0, 1.0, 0.0, 0.0, 0.0, 0.0, 0.0, 0.0, 1.0, 0.0, 0.0, 0.0, 0.0, 1.0, 0.0, 0.0, 22.0, 10.0, 3.0, 1
5481, 1.0, 1.0, -0.168, 0.011, 0.061, 0.0, 1.0, 0.0, 0.0, 0.0, 0.0, 0.0, 0.0, 1.0, 0.0, 0.0, 0.0, 0.0, 1.0, 0.0, 0.0, 22.0, 10.0, 3.0, 1
5481, 1.0, 2.0, -0.118, 0.812, -0.388, 0.0, 1.0, 0.0, 0.0, 0.0, 0.0, 0.0, 0.0, 0.0, 1.0, 0.0, 0.0, 0.0, 0.0, 0.0, 1.0, 22.0, 38.0, 40.0, 1
5481, 1.0, 2.0, -0.118, 0.812, -0.388, 0.0, 1.0, 0.0, 0.0, 0.0, 0.0, 0.0, 0.0, 0.0, 1.0, 0.0, 0.0, 0.0, 0.0, 0.0, 1.0, 22.0, 38.0, 40.0, 1
5399, 7.0, 7.0, -0.118, -0.118, 0.012, 0.0, 1.0, 0.0, 0.0, 0.0, 0.0, 0.0, 0.0, 1.0, 0.0, 0.0, 1.0, 0.0, 0.0, 0.0, 0.0, 22.0, 22.0, 27.0, 1
5399, 1.0, 7.0, 0.142, -0.118, -0.118, 0.0, 0.0, 0.0, 0.0, 1.0, 0.0, 0.0, 0.0, 1.0, 0.0, 0.0, 1.0, 0.0, 0.0, 0.0, 0.0, 3.0, 22.0, 22.0, 1
5399, 7.0, 7.0, -0.118, 0.012, -0.088, 0.0, 1.0, 0.0, 0.0, 0.0, 0.0, 0.0, 0.0, 1.0, 0.0, 0.0, 1.0, 0.0, 0.0, 0.0, 0.0, 22.0, 27.0, 27.0, 1
5399, 7.0, 7.0, -0.088, -0.088, 0.012, 0.0, 1.0, 0.0, 0.0, 0.0, 0.0, 0.0, 0.0, 1.0, 0.0, 0.0, 1.0, 0.0, 0.0, 0.0, 0.0, 27.0, 27.0, 27.0, 1
5399, 7.0, 7.0, -0.118, 0.012, -0.088, 0.0, 1.0, 0.0, 0.0, 0.0, 0.0, 0.0, 0.0, 1.0, 0.0, 0.0, 1.0, 0.0, 0.0, 0.0, 0.0, 22.0, 27.0, 27.0, 1
5399, 7.0, 7.0, -0.118, 0.012, -0.088, 0.0, 1.0, 0.0, 0.0, 0.0, 0.0, 0.0, 0.0, 1.0, 0.0, 0.0, 1.0, 0.0, 0.0, 0.0, 0.0, 22.0, 27.0, 27.0, 1
5399, 7.0, 7.0, -0.118, -0.118, 0.012, 0.0, 1.0, 0.0, 0.0, 0.0, 0.0, 0.0, 0.0, 1.0, 0.0, 0.0, 1.0, 0.0, 0.0, 0.0, 0.0, 22.0, 22.0, 27.0, 1
5399, 1.0, 7.0, 0.142, -0.118, 0.012, 0.0, 0.0, 0.0, 0.0, 1.0, 0.0, 0.0, 0.0, 1.0, 0.0, 0.0, 1.0, 0.0, 0.0, 0.0, 0.0, 3.0, 22.0, 27.0, 1
5399, 1.0, 7.0, 0.141, -0.118, -0.118, 0.0, 0.0, 0.0, 0.0, 1.0, 0.0, 0.0, 0.0, 1.0, 0.0, 0.0, 1.0, 0.0, 0.0, 0.0, 0.0, 3.0, 22.0, 22.0, 1
5399, 7.0, 7.0, -0.118, -0.118, 0.012, 0.0, 1.0, 0.0, 0.0, 0.0, 0.0, 0.0, 0.0, 1.0, 0.0, 0.0, 1.0, 0.0, 0.0, 0.0, 0.0, 22.0, 22.0, 27.0, 1
5399, 1.0, 7.0, 0.141, -0.118, 0.012, 0.0, 0.0, 0.0, 0.0, 1.0, 0.0, 0.0, 0.0, 1.0, 0.0, 0.0, 1.0, 0.0, 0.0, 0.0, 0.0, 3.0, 22.0, 27.0, 1
5399, 7.0, 7.0, -0.118, -0.118, 0.012, 0.0, 1.0, 0.0, 0.0, 0.0, 0.0, 0.0, 0.0, 1.0, 0.0, 0.0, 1.0, 0.0, 0.0, 0.0, 0.0, 22.0, 22.0, 27.0, 1
5399, 1.0, 7.0, 0.142, -0.118, -0.118, 0.0, 0.0, 0.0, 0.0, 1.0, 0.0, 0.0, 0.0, 1.0, 0.0, 0.0, 1.0, 0.0, 0.0, 0.0, 0.0, 3.0, 22.0, 22.0, 1
5399, 7.0, 7.0, -0.118, 0.012, -0.088, 0.0, 1.0, 0.0, 0.0, 0.0, 0.0, 0.0, 0.0, 1.0, 0.0, 0.0, 1.0, 0.0, 0.0, 0.0, 0.0, 22.0, 27.0, 27.0, 1
5399, 7.0, 7.0, -0.088, -0.088, 0.012, 0.0, 1.0, 0.0, 0.0, 0.0, 0.0, 0.0, 0.0, 1.0, 0.0, 0.0, 1.0, 0.0, 0.0, 0.0, 0.0, 27.0, 27.0, 27.0, 1
5399, 7.0, 7.0, -0.088, -0.088, 0.012, 0.0, 1.0, 0.0, 0.0, 0.0, 0.0, 0.0, 0.0, 1.0, 0.0, 0.0, 1.0, 0.0, 0.0, 0.0, 0.0, 27.0, 27.0, 27.0, 1
5399, 7.0, 7.0, -0.118, 0.012, -0.088, 0.0, 1.0, 0.0, 0.0, 0.0, 0.0, 0.0, 0.0, 1.0, 0.0, 0.0, 1.0, 0.0, 0.0, 0.0, 0.0, 22.0, 27.0, 27.0, 1
5399, 7.0, 7.0, -0.088, -0.088, 0.012, 0.0, 1.0, 0.0, 0.0, 0.0, 0.0, 0.0, 0.0, 1.0, 0.0, 0.0, 1.0, 0.0, 0.0, 0.0, 0.0, 27.0, 27.0, 27.0, 1
5399, 7.0, 7.0, -0.118, -0.118, 0.012, 0.0, 1.0, 0.0, 0.0, 0.0, 0.0, 0.0, 0.0, 1.0, 0.0, 0.0, 1.0, 0.0, 0.0, 0.0, 0.0, 22.0, 22.0, 27.0, 1
5399, 7.0, 7.0, -0.118, 0.012, -0.088, 0.0, 1.0, 0.0, 0.0, 0.0, 0.0, 0.0, 0.0, 1.0, 0.0, 0.0, 1.0, 0.0, 0.0, 0.0, 0.0, 22.0, 27.0, 27.0, 1
5399, 7.0, 7.0, -0.118, -0.118, 0.012, 0.0, 1.0, 0.0, 0.0, 0.0, 0.0, 0.0, 0.0, 1.0, 0.0, 0.0, 1.0, 0.0, 0.0, 0.0, 0.0, 22.0, 22.0, 27.0, 1
5399, 1.0, 7.0, 0.141, -0.118, 0.012, 0.0, 0.0, 0.0, 0.0, 1.0, 0.0, 0.0, 0.0, 1.0, 0.0, 0.0, 1.0, 0.0, 0.0, 0.0, 0.0, 3.0, 22.0, 27.0, 1
5399, 7.0, 7.0, -0.118, 0.012, -0.088, 0.0, 1.0, 0.0, 0.0, 0.0, 0.0, 0.0, 0.0, 1.0, 0.0, 0.0, 1.0, 0.0, 0.0, 0.0, 0.0, 22.0, 27.0, 27.0, 1
5399, 1.0, 7.0, 0.142, -0.118, -0.118, 0.0, 0.0, 0.0, 0.0, 1.0, 0.0, 0.0, 0.0, 1.0, 0.0, 0.0, 1.0, 0.0, 0.0, 0.0, 0.0, 3.0, 22.0, 22.0, 1
5399, 1.0, 7.0, 0.142, -0.118, 0.012, 0.0, 0.0, 0.0, 0.0, 1.0, 0.0, 0.0, 0.0, 1.0, 0.0, 0.0, 1.0, 0.0, 0.0, 0.0, 0.0, 3.0, 22.0, 27.0, 1
5399, 7.0, 7.0, -0.118, -0.118, 0.012, 0.0, 1.0, 0.0, 0.0, 0.0, 0.0, 0.0, 0.0, 1.0, 0.0, 0.0, 1.0, 0.0, 0.0, 0.0, 0.0, 22.0, 22.0, 27.0, 1
5399, 7.0, 7.0, -0.118, -0.118, 0.012, 0.0, 1.0, 0.0, 0.0, 0.0, 0.0, 0.0, 0.0, 1.0, 0.0, 0.0, 1.0, 0.0, 0.0, 0.0, 0.0, 22.0, 22.0, 27.0, 1
5399, 1.0, 7.0, 0.811, -0.118, -0.118, 0.0, 0.0, 0.0, 0.0, 0.0, 0.0, 1.0, 0.0, 1.0, 0.0, 0.0, 1.0, 0.0, 0.0, 0.0, 0.0, 38.0, 22.0, 22.0, 1
5399, 7.0, 7.0, -0.118, 0.012, -0.088, 0.0, 1.0, 0.0, 0.0, 0.0, 0.0, 0.0, 0.0, 1.0, 0.0, 0.0, 1.0, 0.0, 0.0, 0.0, 0.0, 22.0, 27.0, 27.0, 1
5399, 1.0, 7.0, 0.142, -0.118, -0.118, 0.0, 0.0, 0.0, 0.0, 1.0, 0.0, 0.0, 0.0, 1.0, 0.0, 0.0, 1.0, 0.0, 0.0, 0.0, 0.0, 3.0, 22.0, 22.0, 1
5399, 1.0, 2.0, -0.118, 0.811, -0.389, 0.0, 1.0, 0.0, 0.0, 0.0, 0.0, 0.0, 0.0, 0.0, 1.0, 0.0, 0.0, 0.0, 0.0, 0.0, 1.0, 22.0, 38.0, 40.0, 1
5399, 1.0, 2.0, -0.118, 0.811, -0.389, 0.0, 1.0, 0.0, 0.0, 0.0, 0.0, 0.0, 0.0, 0.0, 1.0, 0.0, 0.0, 0.0, 0.0, 0.0, 1.0, 22.0, 38.0, 40.0, 1
1705, 7.0, 7.0, -0.118, -0.118, 0.012, 0.0, 1.0, 0.0, 0.0, 0.0, 0.0, 0.0, 0.0, 1.0, 0.0, 0.0, 1.0, 0.0, 0.0, 0.0, 0.0, 22.0, 22.0, 27.0, 1
1705, 1.0, 7.0, 0.141, -0.118, -0.118, 0.0, 0.0, 0.0, 0.0, 1.0, 0.0, 0.0, 0.0, 1.0, 0.0, 0.0, 1.0, 0.0, 0.0, 0.0, 0.0, 3.0, 22.0, 22.0, 1
1705, 7.0, 7.0, -0.118, 0.012, -0.088, 0.0, 1.0, 0.0, 0.0, 0.0, 0.0, 0.0, 0.0, 1.0, 0.0, 0.0, 1.0, 0.0, 0.0, 0.0, 0.0, 22.0, 27.0, 27.0, 1
1705, 7.0, 7.0, -0.088, -0.088, 0.012, 0.0, 1.0, 0.0, 0.0, 0.0, 0.0, 0.0, 0.0, 1.0, 0.0, 0.0, 1.0, 0.0, 0.0, 0.0, 0.0, 27.0, 27.0, 27.0, 1
1705, 7.0, 7.0, -0.118, 0.012, -0.088, 0.0, 1.0, 0.0, 0.0, 0.0, 0.0, 0.0, 0.0, 1.0, 0.0, 0.0, 1.0, 0.0, 0.0, 0.0, 0.0, 22.0, 27.0, 27.0, 1
1705, 7.0, 7.0, -0.118, 0.012, -0.088, 0.0, 1.0, 0.0, 0.0, 0.0, 0.0, 0.0, 0.0, 1.0, 0.0, 0.0, 1.0, 0.0, 0.0, 0.0, 0.0, 22.0, 27.0, 27.0, 1
1705, 7.0, 7.0, -0.118, -0.118, 0.012, 0.0, 1.0, 0.0, 0.0, 0.0, 0.0, 0.0, 0.0, 1.0, 0.0, 0.0, 1.0, 0.0, 0.0, 0.0, 0.0, 22.0, 22.0, 27.0, 1
1705, 1.0, 7.0, 0.141, -0.118, 0.012, 0.0, 0.0, 0.0, 0.0, 1.0, 0.0, 0.0, 0.0, 1.0, 0.0, 0.0, 1.0, 0.0, 0.0, 0.0, 0.0, 3.0, 22.0, 27.0, 1
1705, 1.0, 7.0, 0.142, -0.118, -0.118, 0.0, 0.0, 0.0, 0.0, 1.0, 0.0, 0.0, 0.0, 1.0, 0.0, 0.0, 1.0, 0.0, 0.0, 0.0, 0.0, 3.0, 22.0, 22.0, 1
1705, 7.0, 7.0, -0.118, -0.118, 0.012, 0.0, 1.0, 0.0, 0.0, 0.0, 0.0, 0.0, 0.0, 1.0, 0.0, 0.0, 1.0, 0.0, 0.0, 0.0, 0.0, 22.0, 22.0, 27.0, 1
1705, 1.0, 7.0, 0.141, -0.118, 0.012, 0.0, 0.0, 0.0, 0.0, 1.0, 0.0, 0.0, 0.0, 1.0, 0.0, 0.0, 1.0, 0.0, 0.0, 0.0, 0.0, 3.0, 22.0, 27.0, 1
1705, 7.0, 7.0, -0.118, -0.118, 0.012, 0.0, 1.0, 0.0, 0.0, 0.0, 0.0, 0.0, 0.0, 1.0, 0.0, 0.0, 1.0, 0.0, 0.0, 0.0, 0.0, 22.0, 22.0, 27.0, 1
1705, 1.0, 7.0, 0.811, -0.118, -0.118, 0.0, 0.0, 0.0, 0.0, 0.0, 0.0, 1.0, 0.0, 1.0, 0.0, 0.0, 1.0, 0.0, 0.0, 0.0, 0.0, 38.0, 22.0, 22.0, 1
1705, 7.0, 7.0, -0.118, 0.012, -0.088, 0.0, 1.0, 0.0, 0.0, 0.0, 0.0, 0.0, 0.0, 1.0, 0.0, 0.0, 1.0, 0.0, 0.0, 0.0, 0.0, 22.0, 27.0, 27.0, 1
1705, 7.0, 7.0, -0.088, -0.088, 0.012, 0.0, 1.0, 0.0, 0.0, 0.0, 0.0, 0.0, 0.0, 1.0, 0.0, 0.0, 1.0, 0.0, 0.0, 0.0, 0.0, 27.0, 27.0, 27.0, 1
1705, 7.0, 7.0, -0.088, -0.088, 0.012, 0.0, 1.0, 0.0, 0.0, 0.0, 0.0, 0.0, 0.0, 1.0, 0.0, 0.0, 1.0, 0.0, 0.0, 0.0, 0.0, 27.0, 27.0, 27.0, 1
1705, 7.0, 7.0, -0.118, 0.012, -0.088, 0.0, 1.0, 0.0, 0.0, 0.0, 0.0, 0.0, 0.0, 1.0, 0.0, 0.0, 1.0, 0.0, 0.0, 0.0, 0.0, 22.0, 27.0, 27.0, 1
1705, 7.0, 7.0, -0.088, -0.088, 0.012, 0.0, 1.0, 0.0, 0.0, 0.0, 0.0, 0.0, 0.0, 1.0, 0.0, 0.0, 1.0, 0.0, 0.0, 0.0, 0.0, 27.0, 27.0, 27.0, 1
1705, 7.0, 7.0, -0.118, -0.118, 0.012, 0.0, 1.0, 0.0, 0.0, 0.0, 0.0, 0.0, 0.0, 1.0, 0.0, 0.0, 1.0, 0.0, 0.0, 0.0, 0.0, 22.0, 22.0, 27.0, 1
1705, 7.0, 7.0, -0.118, 0.012, -0.088, 0.0, 1.0, 0.0, 0.0, 0.0, 0.0, 0.0, 0.0, 1.0, 0.0, 0.0, 1.0, 0.0, 0.0, 0.0, 0.0, 22.0, 27.0, 27.0, 1
1705, 7.0, 7.0, -0.118, -0.118, 0.012, 0.0, 1.0, 0.0, 0.0, 0.0, 0.0, 0.0, 0.0, 1.0, 0.0, 0.0, 1.0, 0.0, 0.0, 0.0, 0.0, 22.0, 22.0, 27.0, 1
1705, 1.0, 7.0, 0.142, -0.118, 0.012, 0.0, 0.0, 0.0, 0.0, 1.0, 0.0, 0.0, 0.0, 1.0, 0.0, 0.0, 1.0, 0.0, 0.0, 0.0, 0.0, 3.0, 22.0, 27.0, 1
1705, 7.0, 7.0, -0.118, 0.012, -0.088, 0.0, 1.0, 0.0, 0.0, 0.0, 0.0, 0.0, 0.0, 1.0, 0.0, 0.0, 1.0, 0.0, 0.0, 0.0, 0.0, 22.0, 27.0, 27.0, 1
1705, 1.0, 7.0, 0.142, -0.118, -0.118, 0.0, 0.0, 0.0, 0.0, 1.0, 0.0, 0.0, 0.0, 1.0, 0.0, 0.0, 1.0, 0.0, 0.0, 0.0, 0.0, 3.0, 22.0, 22.0, 1
1705, 1.0, 7.0, 0.142, -0.118, 0.012, 0.0, 0.0, 0.0, 0.0, 1.0, 0.0, 0.0, 0.0, 1.0, 0.0, 0.0, 1.0, 0.0, 0.0, 0.0, 0.0, 3.0, 22.0, 27.0, 1
1705, 7.0, 7.0, -0.118, -0.118, 0.012, 0.0, 1.0, 0.0, 0.0, 0.0, 0.0, 0.0, 0.0, 1.0, 0.0, 0.0, 1.0, 0.0, 0.0, 0.0, 0.0, 22.0, 22.0, 27.0, 1
1705, 7.0, 7.0, -0.118, -0.118, 0.012, 0.0, 1.0, 0.0, 0.0, 0.0, 0.0, 0.0, 0.0, 1.0, 0.0, 0.0, 1.0, 0.0, 0.0, 0.0, 0.0, 22.0, 22.0, 27.0, 1
1705, 1.0, 7.0, 0.142, -0.118, -0.118, 0.0, 0.0, 0.0, 0.0, 1.0, 0.0, 0.0, 0.0, 1.0, 0.0, 0.0, 1.0, 0.0, 0.0, 0.0, 0.0, 3.0, 22.0, 22.0, 1
1705, 7.0, 7.0, -0.118, 0.012, -0.088, 0.0, 1.0, 0.0, 0.0, 0.0, 0.0, 0.0, 0.0, 1.0, 0.0, 0.0, 1.0, 0.0, 0.0, 0.0, 0.0, 22.0, 27.0, 27.0, 1
1705, 1.0, 7.0, 0.142, -0.118, -0.118, 0.0, 0.0, 0.0, 0.0, 1.0, 0.0, 0.0, 0.0, 1.0, 0.0, 0.0, 1.0, 0.0, 0.0, 0.0, 0.0, 3.0, 22.0, 22.0, 1
1705, 1.0, 2.0, -0.118, 0.811, -0.389, 0.0, 1.0, 0.0, 0.0, 0.0, 0.0, 0.0, 0.0, 0.0, 1.0, 0.0, 0.0, 0.0, 0.0, 0.0, 1.0, 22.0, 38.0, 40.0, 1
1705, 1.0, 2.0, -0.118, 0.811, -0.389, 0.0, 1.0, 0.0, 0.0, 0.0, 0.0, 0.0, 0.0, 0.0, 1.0, 0.0, 0.0, 0.0, 0.0, 0.0, 1.0, 22.0, 38.0, 40.0, 1
518, 1.0, 7.0, 0.145, -0.114, -0.114, 0.0, 0.0, 0.0, 0.0, 1.0, 0.0, 0.0, 0.0, 1.0, 0.0, 0.0, 1.0, 0.0, 0.0, 0.0, 0.0, 3.0, 22.0, 22.0, 1
518, 7.0, 7.0, -0.114, -0.114, 0.016, 0.0, 1.0, 0.0, 0.0, 0.0, 0.0, 0.0, 0.0, 1.0, 0.0, 0.0, 1.0, 0.0, 0.0, 0.0, 0.0, 22.0, 22.0, 29.0, 1
518, 1.0, 7.0, 0.016, -0.114, -0.114, 0.0, 1.0, 0.0, 0.0, 0.0, 0.0, 0.0, 0.0, 1.0, 0.0, 0.0, 1.0, 0.0, 0.0, 0.0, 0.0, 10.0, 22.0, 22.0, 1
518, 1.0, 7.0, 0.016, 0.016, -0.114, 0.0, 1.0, 0.0, 0.0, 0.0, 0.0, 0.0, 0.0, 1.0, 0.0, 0.0, 1.0, 0.0, 0.0, 0.0, 0.0, 29.0, 29.0, 22.0, 1
518, 7.0, 7.0, -0.114, -0.114, 0.016, 0.0, 1.0, 0.0, 0.0, 0.0, 0.0, 0.0, 0.0, 1.0, 0.0, 0.0, 1.0, 0.0, 0.0, 0.0, 0.0, 22.0, 22.0, 29.0, 1
518, 1.0, 7.0, 0.145, -0.114, 0.016, 0.0, 0.0, 0.0, 0.0, 1.0, 0.0, 0.0, 0.0, 1.0, 0.0, 0.0, 1.0, 0.0, 0.0, 0.0, 0.0, 3.0, 22.0, 29.0, 1
518, 1.0, 7.0, 0.145, -0.114, -0.114, 0.0, 0.0, 0.0, 0.0, 1.0, 0.0, 0.0, 0.0, 1.0, 0.0, 0.0, 1.0, 0.0, 0.0, 0.0, 0.0, 3.0, 22.0, 22.0, 1
518, 1.0, 7.0, 0.815, -0.114, -0.114, 0.0, 0.0, 0.0, 0.0, 0.0, 0.0, 1.0, 0.0, 1.0, 0.0, 0.0, 1.0, 0.0, 0.0, 0.0, 0.0, 38.0, 22.0, 22.0, 1
518, 1.0, 7.0, 0.145, -0.114, -0.114, 0.0, 0.0, 0.0, 0.0, 1.0, 0.0, 0.0, 0.0, 1.0, 0.0, 0.0, 1.0, 0.0, 0.0, 0.0, 0.0, 3.0, 22.0, 22.0, 1
518, 1.0, 7.0, 0.815, -0.114, -0.114, 0.0, 0.0, 0.0, 0.0, 0.0, 0.0, 1.0, 0.0, 1.0, 0.0, 0.0, 1.0, 0.0, 0.0, 0.0, 0.0, 38.0, 22.0, 22.0, 1
518, 1.0, 7.0, 0.145, -0.114, -0.114, 0.0, 0.0, 0.0, 0.0, 1.0, 0.0, 0.0, 0.0, 1.0, 0.0, 0.0, 1.0, 0.0, 0.0, 0.0, 0.0, 3.0, 22.0, 22.0, 1
518, 7.0, 7.0, -0.114, -0.114, 0.016, 0.0, 1.0, 0.0, 0.0, 0.0, 0.0, 0.0, 0.0, 1.0, 0.0, 0.0, 1.0, 0.0, 0.0, 0.0, 0.0, 22.0, 22.0, 29.0, 1
518, 1.0, 7.0, 0.145, -0.114, -0.114, 0.0, 0.0, 0.0, 0.0, 1.0, 0.0, 0.0, 0.0, 1.0, 0.0, 0.0, 1.0, 0.0, 0.0, 0.0, 0.0, 3.0, 22.0, 22.0, 1
518, 1.0, 7.0, 0.016, 0.016, -0.114, 0.0, 1.0, 0.0, 0.0, 0.0, 0.0, 0.0, 0.0, 1.0, 0.0, 0.0, 1.0, 0.0, 0.0, 0.0, 0.0, 29.0, 29.0, 22.0, 1
518, 7.0, 7.0, -0.114, -0.114, 0.016, 0.0, 1.0, 0.0, 0.0, 0.0, 0.0, 0.0, 0.0, 1.0, 0.0, 0.0, 1.0, 0.0, 0.0, 0.0, 0.0, 22.0, 22.0, 29.0, 1
518, 1.0, 7.0, 0.016, -0.114, 0.016, 0.0, 1.0, 0.0, 0.0, 0.0, 0.0, 0.0, 0.0, 1.0, 0.0, 0.0, 1.0, 0.0, 0.0, 0.0, 0.0, 10.0, 22.0, 29.0, 1
518, 1.0, 7.0, 0.016, 0.016, -0.114, 0.0, 1.0, 0.0, 0.0, 0.0, 0.0, 0.0, 0.0, 1.0, 0.0, 0.0, 1.0, 0.0, 0.0, 0.0, 0.0, 29.0, 29.0, 22.0, 1
518, 1.0, 7.0, 0.016, 0.016, -0.114, 0.0, 1.0, 0.0, 0.0, 0.0, 0.0, 0.0, 0.0, 1.0, 0.0, 0.0, 1.0, 0.0, 0.0, 0.0, 0.0, 29.0, 29.0, 22.0, 1
518, 1.0, 1.0, -0.114, 0.016, 0.066, 0.0, 1.0, 0.0, 0.0, 0.0, 0.0, 0.0, 0.0, 1.0, 0.0, 0.0, 0.0, 0.0, 1.0, 0.0, 0.0, 22.0, 10.0, 3.0, 1
518, 1.0, 1.0, -0.114, 0.016, 0.066, 0.0, 1.0, 0.0, 0.0, 0.0, 0.0, 0.0, 0.0, 1.0, 0.0, 0.0, 0.0, 0.0, 1.0, 0.0, 0.0, 22.0, 10.0, 3.0, 1
518, 1.0, 7.0, 0.016, -0.114, 0.016, 0.0, 1.0, 0.0, 0.0, 0.0, 0.0, 0.0, 0.0, 1.0, 0.0, 0.0, 1.0, 0.0, 0.0, 0.0, 0.0, 10.0, 22.0, 29.0, 1
518, 1.0, 7.0, 0.016, -0.114, -0.114, 0.0, 1.0, 0.0, 0.0, 0.0, 0.0, 0.0, 0.0, 1.0, 0.0, 0.0, 1.0, 0.0, 0.0, 0.0, 0.0, 10.0, 22.0, 22.0, 1
518, 1.0, 2.0, -0.114, 0.815, -0.385, 0.0, 1.0, 0.0, 0.0, 0.0, 0.0, 0.0, 0.0, 0.0, 1.0, 0.0, 0.0, 0.0, 0.0, 0.0, 1.0, 22.0, 38.0, 40.0, 1
518, 1.0, 2.0, -0.114, 0.815, -0.385, 0.0, 1.0, 0.0, 0.0, 0.0, 0.0, 0.0, 0.0, 0.0, 1.0, 0.0, 0.0, 0.0, 0.0, 0.0, 1.0, 22.0, 38.0, 40.0, 1
518, 1.0, 2.0, -0.114, 0.815, -0.385, 0.0, 1.0, 0.0, 0.0, 0.0, 0.0, 0.0, 0.0, 0.0, 1.0, 0.0, 0.0, 0.0, 0.0, 0.0, 1.0, 22.0, 38.0, 40.0, 1
518, 1.0, 2.0, -0.114, 0.815, -0.385, 0.0, 1.0, 0.0, 0.0, 0.0, 0.0, 0.0, 0.0, 0.0, 1.0, 0.0, 0.0, 0.0, 0.0, 0.0, 1.0, 22.0, 38.0, 40.0, 1
79, 7.0, 7.0, -0.115, -0.115, 0.015, 0.0, 1.0, 0.0, 0.0, 0.0, 0.0, 0.0, 0.0, 1.0, 0.0, 0.0, 1.0, 0.0, 0.0, 0.0, 0.0, 22.0, 22.0, 27.0, 1
79, 1.0, 7.0, 0.145, -0.115, -0.115, 0.0, 0.0, 0.0, 0.0, 1.0, 0.0, 0.0, 0.0, 1.0, 0.0, 0.0, 1.0, 0.0, 0.0, 0.0, 0.0, 3.0, 22.0, 22.0, 1
79, 7.0, 7.0, -0.115, 0.015, -0.085, 0.0, 1.0, 0.0, 0.0, 0.0, 0.0, 0.0, 0.0, 1.0, 0.0, 0.0, 1.0, 0.0, 0.0, 0.0, 0.0, 22.0, 27.0, 27.0, 1
79, 7.0, 7.0, -0.085, -0.085, 0.015, 0.0, 1.0, 0.0, 0.0, 0.0, 0.0, 0.0, 0.0, 1.0, 0.0, 0.0, 1.0, 0.0, 0.0, 0.0, 0.0, 27.0, 27.0, 27.0, 1
79, 7.0, 7.0, -0.115, 0.015, -0.085, 0.0, 1.0, 0.0, 0.0, 0.0, 0.0, 0.0, 0.0, 1.0, 0.0, 0.0, 1.0, 0.0, 0.0, 0.0, 0.0, 22.0, 27.0, 27.0, 1
79, 7.0, 7.0, -0.115, 0.015, -0.085, 0.0, 1.0, 0.0, 0.0, 0.0, 0.0, 0.0, 0.0, 1.0, 0.0, 0.0, 1.0, 0.0, 0.0, 0.0, 0.0, 22.0, 27.0, 27.0, 1
79, 7.0, 7.0, -0.115, -0.115, 0.015, 0.0, 1.0, 0.0, 0.0, 0.0, 0.0, 0.0, 0.0, 1.0, 0.0, 0.0, 1.0, 0.0, 0.0, 0.0, 0.0, 22.0, 22.0, 27.0, 1
79, 1.0, 7.0, 0.146, -0.115, 0.015, 0.0, 0.0, 0.0, 0.0, 1.0, 0.0, 0.0, 0.0, 1.0, 0.0, 0.0, 1.0, 0.0, 0.0, 0.0, 0.0, 3.0, 22.0, 27.0, 1
79, 1.0, 7.0, 0.816, -0.115, -0.115, 0.0, 0.0, 0.0, 0.0, 0.0, 0.0, 1.0, 0.0, 1.0, 0.0, 0.0, 1.0, 0.0, 0.0, 0.0, 0.0, 38.0, 22.0, 22.0, 1
79, 7.0, 7.0, -0.115, -0.115, 0.015, 0.0, 1.0, 0.0, 0.0, 0.0, 0.0, 0.0, 0.0, 1.0, 0.0, 0.0, 1.0, 0.0, 0.0, 0.0, 0.0, 22.0, 22.0, 27.0, 1
79, 1.0, 7.0, 0.146, -0.115, 0.015, 0.0, 0.0, 0.0, 0.0, 1.0, 0.0, 0.0, 0.0, 1.0, 0.0, 0.0, 1.0, 0.0, 0.0, 0.0, 0.0, 3.0, 22.0, 27.0, 1
79, 7.0, 7.0, -0.115, -0.115, 0.015, 0.0, 1.0, 0.0, 0.0, 0.0, 0.0, 0.0, 0.0, 1.0, 0.0, 0.0, 1.0, 0.0, 0.0, 0.0, 0.0, 22.0, 22.0, 27.0, 1
79, 1.0, 7.0, 0.146, -0.115, -0.115, 0.0, 0.0, 0.0, 0.0, 1.0, 0.0, 0.0, 0.0, 1.0, 0.0, 0.0, 1.0, 0.0, 0.0, 0.0, 0.0, 3.0, 22.0, 22.0, 1
79, 7.0, 7.0, -0.115, 0.015, -0.085, 0.0, 1.0, 0.0, 0.0, 0.0, 0.0, 0.0, 0.0, 1.0, 0.0, 0.0, 1.0, 0.0, 0.0, 0.0, 0.0, 22.0, 27.0, 27.0, 1
79, 7.0, 7.0, -0.085, -0.085, 0.015, 0.0, 1.0, 0.0, 0.0, 0.0, 0.0, 0.0, 0.0, 1.0, 0.0, 0.0, 1.0, 0.0, 0.0, 0.0, 0.0, 27.0, 27.0, 27.0, 1
79, 7.0, 7.0, -0.085, -0.085, 0.015, 0.0, 1.0, 0.0, 0.0, 0.0, 0.0, 0.0, 0.0, 1.0, 0.0, 0.0, 1.0, 0.0, 0.0, 0.0, 0.0, 27.0, 27.0, 27.0, 1
79, 7.0, 7.0, -0.115, 0.015, -0.085, 0.0, 1.0, 0.0, 0.0, 0.0, 0.0, 0.0, 0.0, 1.0, 0.0, 0.0, 1.0, 0.0, 0.0, 0.0, 0.0, 22.0, 27.0, 27.0, 1
79, 7.0, 7.0, -0.085, -0.085, 0.015, 0.0, 1.0, 0.0, 0.0, 0.0, 0.0, 0.0, 0.0, 1.0, 0.0, 0.0, 1.0, 0.0, 0.0, 0.0, 0.0, 27.0, 27.0, 27.0, 1
79, 7.0, 7.0, -0.115, -0.115, 0.015, 0.0, 1.0, 0.0, 0.0, 0.0, 0.0, 0.0, 0.0, 1.0, 0.0, 0.0, 1.0, 0.0, 0.0, 0.0, 0.0, 22.0, 22.0, 27.0, 1
79, 7.0, 7.0, -0.115, 0.015, -0.085, 0.0, 1.0, 0.0, 0.0, 0.0, 0.0, 0.0, 0.0, 1.0, 0.0, 0.0, 1.0, 0.0, 0.0, 0.0, 0.0, 22.0, 27.0, 27.0, 1
79, 7.0, 7.0, -0.115, -0.115, 0.015, 0.0, 1.0, 0.0, 0.0, 0.0, 0.0, 0.0, 0.0, 1.0, 0.0, 0.0, 1.0, 0.0, 0.0, 0.0, 0.0, 22.0, 22.0, 27.0, 1
79, 1.0, 7.0, 0.145, -0.115, 0.015, 0.0, 0.0, 0.0, 0.0, 1.0, 0.0, 0.0, 0.0, 1.0, 0.0, 0.0, 1.0, 0.0, 0.0, 0.0, 0.0, 3.0, 22.0, 27.0, 1
79, 7.0, 7.0, -0.115, 0.015, -0.085, 0.0, 1.0, 0.0, 0.0, 0.0, 0.0, 0.0, 0.0, 1.0, 0.0, 0.0, 1.0, 0.0, 0.0, 0.0, 0.0, 22.0, 27.0, 27.0, 1
79, 1.0, 7.0, 0.145, -0.115, -0.115, 0.0, 0.0, 0.0, 0.0, 1.0, 0.0, 0.0, 0.0, 1.0, 0.0, 0.0, 1.0, 0.0, 0.0, 0.0, 0.0, 3.0, 22.0, 22.0, 1
79, 1.0, 7.0, 0.146, -0.115, 0.015, 0.0, 0.0, 0.0, 0.0, 1.0, 0.0, 0.0, 0.0, 1.0, 0.0, 0.0, 1.0, 0.0, 0.0, 0.0, 0.0, 3.0, 22.0, 27.0, 1
79, 7.0, 7.0, -0.115, -0.115, 0.015, 0.0, 1.0, 0.0, 0.0, 0.0, 0.0, 0.0, 0.0, 1.0, 0.0, 0.0, 1.0, 0.0, 0.0, 0.0, 0.0, 22.0, 22.0, 27.0, 1
79, 7.0, 7.0, -0.115, -0.115, 0.015, 0.0, 1.0, 0.0, 0.0, 0.0, 0.0, 0.0, 0.0, 1.0, 0.0, 0.0, 1.0, 0.0, 0.0, 0.0, 0.0, 22.0, 22.0, 27.0, 1
79, 1.0, 7.0, 0.816, -0.115, -0.115, 0.0, 0.0, 0.0, 0.0, 0.0, 0.0, 1.0, 0.0, 1.0, 0.0, 0.0, 1.0, 0.0, 0.0, 0.0, 0.0, 38.0, 22.0, 22.0, 1
79, 7.0, 7.0, -0.115, 0.015, -0.085, 0.0, 1.0, 0.0, 0.0, 0.0, 0.0, 0.0, 0.0, 1.0, 0.0, 0.0, 1.0, 0.0, 0.0, 0.0, 0.0, 22.0, 27.0, 27.0, 1
79, 1.0, 7.0, 0.145, -0.115, -0.115, 0.0, 0.0, 0.0, 0.0, 1.0, 0.0, 0.0, 0.0, 1.0, 0.0, 0.0, 1.0, 0.0, 0.0, 0.0, 0.0, 3.0, 22.0, 22.0, 1
79, 1.0, 2.0, -0.115, 0.816, -0.384, 0.0, 1.0, 0.0, 0.0, 0.0, 0.0, 0.0, 0.0, 0.0, 1.0, 0.0, 0.0, 0.0, 0.0, 0.0, 1.0, 22.0, 38.0, 40.0, 1
79, 1.0, 2.0, -0.115, 0.816, -0.384, 0.0, 1.0, 0.0, 0.0, 0.0, 0.0, 0.0, 0.0, 0.0, 1.0, 0.0, 0.0, 0.0, 0.0, 0.0, 1.0, 22.0, 38.0, 40.0, 1
79, 1.0, 2.0, -0.115, 0.816, -0.384, 0.0, 1.0, 0.0, 0.0, 0.0, 0.0, 0.0, 0.0, 0.0, 1.0, 0.0, 0.0, 0.0, 0.0, 0.0, 1.0, 22.0, 38.0, 40.0, 1
79, 1.0, 2.0, -0.115, 0.816, -0.384, 0.0, 1.0, 0.0, 0.0, 0.0, 0.0, 0.0, 0.0, 0.0, 1.0, 0.0, 0.0, 0.0, 0.0, 0.0, 1.0, 22.0, 38.0, 40.0, 1
2308, 7.0, 7.0, -0.114, -0.114, 0.016, 0.0, 1.0, 0.0, 0.0, 0.0, 0.0, 0.0, 0.0, 1.0, 0.0, 0.0, 1.0, 0.0, 0.0, 0.0, 0.0, 22.0, 22.0, 27.0, 1
2308, 1.0, 7.0, 0.145, -0.114, -0.114, 0.0, 0.0, 0.0, 0.0, 1.0, 0.0, 0.0, 0.0, 1.0, 0.0, 0.0, 1.0, 0.0, 0.0, 0.0, 0.0, 3.0, 22.0, 22.0, 1
2308, 7.0, 7.0, -0.114, 0.016, -0.084, 0.0, 1.0, 0.0, 0.0, 0.0, 0.0, 0.0, 0.0, 1.0, 0.0, 0.0, 1.0, 0.0, 0.0, 0.0, 0.0, 22.0, 27.0, 27.0, 1
2308, 7.0, 7.0, -0.114, -0.084, 0.016, 0.0, 1.0, 0.0, 0.0, 0.0, 0.0, 0.0, 0.0, 1.0, 0.0, 0.0, 1.0, 0.0, 0.0, 0.0, 0.0, 22.0, 27.0, 27.0, 1
2308, 7.0, 7.0, 0.016, -0.084, -0.084, 0.0, 1.0, 0.0, 0.0, 0.0, 0.0, 0.0, 0.0, 1.0, 0.0, 0.0, 1.0, 0.0, 0.0, 0.0, 0.0, 27.0, 27.0, 195.0, 1
2308, 7.0, 7.0, -0.114, -0.114, -0.084, 0.0, 1.0, 0.0, 0.0, 0.0, 0.0, 0.0, 0.0, 1.0, 0.0, 0.0, 1.0, 0.0, 0.0, 0.0, 0.0, 22.0, 22.0, 27.0, 1
2308, 1.0, 7.0, 0.145, -0.114, -0.084, 0.0, 0.0, 0.0, 0.0, 1.0, 0.0, 0.0, 0.0, 1.0, 0.0, 0.0, 1.0, 0.0, 0.0, 0.0, 0.0, 3.0, 22.0, 27.0, 1
2308, 1.0, 7.0, 0.145, -0.114, -0.114, 0.0, 0.0, 0.0, 0.0, 1.0, 0.0, 0.0, 0.0, 1.0, 0.0, 0.0, 1.0, 0.0, 0.0, 0.0, 0.0, 3.0, 22.0, 22.0, 1
2308, 1.0, 7.0, 0.145, -0.114, -0.114, 0.0, 0.0, 0.0, 0.0, 1.0, 0.0, 0.0, 0.0, 1.0, 0.0, 0.0, 1.0, 0.0, 0.0, 0.0, 0.0, 3.0, 22.0, 22.0, 1
2308, 1.0, 7.0, 0.145, -0.114, 0.016, 0.0, 0.0, 0.0, 0.0, 1.0, 0.0, 0.0, 0.0, 1.0, 0.0, 0.0, 1.0, 0.0, 0.0, 0.0, 0.0, 3.0, 22.0, 27.0, 1
2308, 7.0, 7.0, -0.114, 0.016, -0.084, 0.0, 1.0, 0.0, 0.0, 0.0, 0.0, 0.0, 0.0, 1.0, 0.0, 0.0, 1.0, 0.0, 0.0, 0.0, 0.0, 22.0, 27.0, 195.0, 1
2308, 7.0, 7.0, 0.016, -0.084, -0.084, 0.0, 1.0, 0.0, 0.0, 0.0, 0.0, 0.0, 0.0, 1.0, 0.0, 0.0, 1.0, 0.0, 0.0, 0.0, 0.0, 27.0, 195.0, 195.0, 1
2308, 7.0, 7.0, -0.084, -0.084, 0.016, 0.0, 1.0, 0.0, 0.0, 0.0, 0.0, 0.0, 0.0, 1.0, 0.0, 0.0, 1.0, 0.0, 0.0, 0.0, 0.0, 27.0, 195.0, 27.0, 1
2308, 7.0, 7.0, -0.084, -0.084, -0.084, 0.0, 1.0, 0.0, 0.0, 0.0, 0.0, 0.0, 0.0, 1.0, 0.0, 0.0, 1.0, 0.0, 0.0, 0.0, 0.0, 27.0, 195.0, 195.0, 1
2308, 7.0, 7.0, -0.114, -0.084, -0.084, 0.0, 1.0, 0.0, 0.0, 0.0, 0.0, 0.0, 0.0, 1.0, 0.0, 0.0, 1.0, 0.0, 0.0, 0.0, 0.0, 22.0, 195.0, 195.0, 1
2308, 7.0, 7.0, -0.114, -0.084, -0.084, 0.0, 1.0, 0.0, 0.0, 0.0, 0.0, 0.0, 0.0, 1.0, 0.0, 0.0, 1.0, 0.0, 0.0, 0.0, 0.0, 22.0, 27.0, 195.0, 1
2308, 7.0, 7.0, -0.114, -0.114, 0.016, 0.0, 1.0, 0.0, 0.0, 0.0, 0.0, 0.0, 0.0, 1.0, 0.0, 0.0, 1.0, 0.0, 0.0, 0.0, 0.0, 22.0, 22.0, 27.0, 1
2308, 7.0, 7.0, 0.016, -0.084, -0.084, 0.0, 1.0, 0.0, 0.0, 0.0, 0.0, 0.0, 0.0, 1.0, 0.0, 0.0, 1.0, 0.0, 0.0, 0.0, 0.0, 27.0, 27.0, 195.0, 1
2308, 7.0, 7.0, -0.114, -0.114, 0.016, 0.0, 1.0, 0.0, 0.0, 0.0, 0.0, 0.0, 0.0, 1.0, 0.0, 0.0, 1.0, 0.0, 0.0, 0.0, 0.0, 22.0, 22.0, 27.0, 1
2308, 1.0, 7.0, 0.145, -0.114, 0.016, 0.0, 0.0, 0.0, 0.0, 1.0, 0.0, 0.0, 0.0, 1.0, 0.0, 0.0, 1.0, 0.0, 0.0, 0.0, 0.0, 3.0, 22.0, 27.0, 1
2308, 7.0, 7.0, -0.114, 0.016, -0.084, 0.0, 1.0, 0.0, 0.0, 0.0, 0.0, 0.0, 0.0, 1.0, 0.0, 0.0, 1.0, 0.0, 0.0, 0.0, 0.0, 22.0, 27.0, 27.0, 1
2308, 1.0, 7.0, 0.145, -0.114, -0.114, 0.0, 0.0, 0.0, 0.0, 1.0, 0.0, 0.0, 0.0, 1.0, 0.0, 0.0, 1.0, 0.0, 0.0, 0.0, 0.0, 3.0, 22.0, 22.0, 1
2308, 7.0, 7.0, -0.084, -0.084, -0.084, 0.0, 1.0, 0.0, 0.0, 0.0, 0.0, 0.0, 0.0, 1.0, 0.0, 0.0, 1.0, 0.0, 0.0, 0.0, 0.0, 27.0, 195.0, 195.0, 1
2308, 7.0, 7.0, 0.016, -0.084, -0.084, 0.0, 1.0, 0.0, 0.0, 0.0, 0.0, 0.0, 0.0, 1.0, 0.0, 0.0, 1.0, 0.0, 0.0, 0.0, 0.0, 27.0, 27.0, 195.0, 1
2308, 7.0, 7.0, -0.114, 0.016, -0.084, 0.0, 1.0, 0.0, 0.0, 0.0, 0.0, 0.0, 0.0, 1.0, 0.0, 0.0, 1.0, 0.0, 0.0, 0.0, 0.0, 22.0, 27.0, 27.0, 1
2308, 7.0, 7.0, -0.084, -0.084, 0.016, 0.0, 1.0, 0.0, 0.0, 0.0, 0.0, 0.0, 0.0, 1.0, 0.0, 0.0, 1.0, 0.0, 0.0, 0.0, 0.0, 27.0, 195.0, 27.0, 1
2308, 7.0, 7.0, -0.114, -0.114, 0.016, 0.0, 1.0, 0.0, 0.0, 0.0, 0.0, 0.0, 0.0, 1.0, 0.0, 0.0, 1.0, 0.0, 0.0, 0.0, 0.0, 22.0, 22.0, 27.0, 1
2308, 7.0, 7.0, -0.114, 0.016, -0.084, 0.0, 1.0, 0.0, 0.0, 0.0, 0.0, 0.0, 0.0, 1.0, 0.0, 0.0, 1.0, 0.0, 0.0, 0.0, 0.0, 22.0, 27.0, 27.0, 1
2308, 7.0, 7.0, -0.114, -0.114, -0.084, 0.0, 1.0, 0.0, 0.0, 0.0, 0.0, 0.0, 0.0, 1.0, 0.0, 0.0, 1.0, 0.0, 0.0, 0.0, 0.0, 22.0, 22.0, 195.0, 1
2308, 1.0, 7.0, 0.145, -0.114, 0.016, 0.0, 0.0, 0.0, 0.0, 1.0, 0.0, 0.0, 0.0, 1.0, 0.0, 0.0, 1.0, 0.0, 0.0, 0.0, 0.0, 3.0, 22.0, 27.0, 1
2308, 7.0, 7.0, -0.114, -0.084, -0.084, 0.0, 1.0, 0.0, 0.0, 0.0, 0.0, 0.0, 0.0, 1.0, 0.0, 0.0, 1.0, 0.0, 0.0, 0.0, 0.0, 22.0, 195.0, 27.0, 1
2308, 1.0, 7.0, 0.145, -0.114, -0.114, 0.0, 0.0, 0.0, 0.0, 1.0, 0.0, 0.0, 0.0, 1.0, 0.0, 0.0, 1.0, 0.0, 0.0, 0.0, 0.0, 3.0, 22.0, 22.0, 1
2308, 1.0, 7.0, 0.815, -0.114, 0.016, 0.0, 0.0, 0.0, 0.0, 0.0, 0.0, 1.0, 0.0, 1.0, 0.0, 0.0, 1.0, 0.0, 0.0, 0.0, 0.0, 38.0, 22.0, 27.0, 1
2308, 1.0, 7.0, 0.145, -0.114, -0.114, 0.0, 0.0, 0.0, 0.0, 1.0, 0.0, 0.0, 0.0, 1.0, 0.0, 0.0, 1.0, 0.0, 0.0, 0.0, 0.0, 3.0, 22.0, 22.0, 1
2308, 7.0, 7.0, -0.114, -0.084, -0.084, 0.0, 1.0, 0.0, 0.0, 0.0, 0.0, 0.0, 0.0, 1.0, 0.0, 0.0, 1.0, 0.0, 0.0, 0.0, 0.0, 22.0, 195.0, 195.0, 1
2308, 7.0, 7.0, -0.114, -0.114, 0.016, 0.0, 1.0, 0.0, 0.0, 0.0, 0.0, 0.0, 0.0, 1.0, 0.0, 0.0, 1.0, 0.0, 0.0, 0.0, 0.0, 22.0, 22.0, 27.0, 1
2308, 7.0, 7.0, -0.114, 0.016, -0.084, 0.0, 1.0, 0.0, 0.0, 0.0, 0.0, 0.0, 0.0, 1.0, 0.0, 0.0, 1.0, 0.0, 0.0, 0.0, 0.0, 22.0, 27.0, 27.0, 1
2308, 1.0, 2.0, -0.114, 0.815, -0.385, 0.0, 1.0, 0.0, 0.0, 0.0, 0.0, 0.0, 0.0, 0.0, 1.0, 0.0, 0.0, 0.0, 0.0, 0.0, 1.0, 22.0, 38.0, 40.0, 1
2308, 7.0, 7.0, -0.114, -0.114, 0.016, 0.0, 1.0, 0.0, 0.0, 0.0, 0.0, 0.0, 0.0, 1.0, 0.0, 0.0, 1.0, 0.0, 0.0, 0.0, 0.0, 22.0, 22.0, 27.0, 1
2308, 1.0, 7.0, 0.145, -0.114, -0.114, 0.0, 0.0, 0.0, 0.0, 1.0, 0.0, 0.0, 0.0, 1.0, 0.0, 0.0, 1.0, 0.0, 0.0, 0.0, 0.0, 3.0, 22.0, 22.0, 1
2308, 1.0, 2.0, -0.114, 0.815, -0.385, 0.0, 1.0, 0.0, 0.0, 0.0, 0.0, 0.0, 0.0, 0.0, 1.0, 0.0, 0.0, 0.0, 0.0, 0.0, 1.0, 22.0, 38.0, 40.0, 1
4459, 7.0, 7.0, -0.123, -0.123, 0.0070, 0.0, 1.0, 0.0, 0.0, 0.0, 0.0, 0.0, 0.0, 1.0, 0.0, 0.0, 1.0, 0.0, 0.0, 0.0, 0.0, 22.0, 22.0, 27.0, 1
4459, 1.0, 7.0, 0.137, -0.123, -0.123, 0.0, 0.0, 0.0, 0.0, 1.0, 0.0, 0.0, 0.0, 1.0, 0.0, 0.0, 1.0, 0.0, 0.0, 0.0, 0.0, 3.0, 22.0, 22.0, 1
4459, 7.0, 7.0, -0.123, 0.0070, -0.093, 0.0, 1.0, 0.0, 0.0, 0.0, 0.0, 0.0, 0.0, 1.0, 0.0, 0.0, 1.0, 0.0, 0.0, 0.0, 0.0, 22.0, 27.0, 27.0, 1
4459, 7.0, 7.0, 0.0070, -0.093, 0.0070, 0.0, 1.0, 0.0, 0.0, 0.0, 0.0, 0.0, 0.0, 1.0, 0.0, 0.0, 1.0, 0.0, 0.0, 0.0, 0.0, 27.0, 27.0, 28.0, 1
4459, 7.0, 7.0, 0.0070, -0.093, 0.0070, 0.0, 1.0, 0.0, 0.0, 0.0, 0.0, 0.0, 0.0, 1.0, 0.0, 0.0, 1.0, 0.0, 0.0, 0.0, 0.0, 27.0, 27.0, 29.0, 1
4459, 7.0, 7.0, -0.123, 0.0070, -0.093, 0.0, 1.0, 0.0, 0.0, 0.0, 0.0, 0.0, 0.0, 1.0, 0.0, 0.0, 1.0, 0.0, 0.0, 0.0, 0.0, 22.0, 28.0, 27.0, 1
4459, 1.0, 7.0, 0.0070, 0.0070, -0.093, 0.0, 1.0, 0.0, 0.0, 0.0, 0.0, 0.0, 0.0, 1.0, 0.0, 0.0, 1.0, 0.0, 0.0, 0.0, 0.0, 28.0, 28.0, 27.0, 1
4459, 7.0, 7.0, -0.123, -0.123, 0.0070, 0.0, 1.0, 0.0, 0.0, 0.0, 0.0, 0.0, 0.0, 1.0, 0.0, 0.0, 1.0, 0.0, 0.0, 0.0, 0.0, 22.0, 22.0, 28.0, 1
4459, 1.0, 7.0, 0.137, -0.123, 0.0070, 0.0, 0.0, 0.0, 0.0, 1.0, 0.0, 0.0, 0.0, 1.0, 0.0, 0.0, 1.0, 0.0, 0.0, 0.0, 0.0, 3.0, 22.0, 28.0, 1
4459, 1.0, 7.0, 0.136, -0.123, -0.123, 0.0, 0.0, 0.0, 0.0, 1.0, 0.0, 0.0, 0.0, 1.0, 0.0, 0.0, 1.0, 0.0, 0.0, 0.0, 0.0, 3.0, 22.0, 22.0, 1
4459, 7.0, 7.0, -0.123, -0.123, 0.0070, 0.0, 1.0, 0.0, 0.0, 0.0, 0.0, 0.0, 0.0, 1.0, 0.0, 0.0, 1.0, 0.0, 0.0, 0.0, 0.0, 22.0, 22.0, 27.0, 1
4459, 1.0, 7.0, 0.136, -0.123, 0.0070, 0.0, 0.0, 0.0, 0.0, 1.0, 0.0, 0.0, 0.0, 1.0, 0.0, 0.0, 1.0, 0.0, 0.0, 0.0, 0.0, 3.0, 22.0, 27.0, 1
4459, 1.0, 7.0, 0.136, -0.123, -0.123, 0.0, 0.0, 0.0, 0.0, 1.0, 0.0, 0.0, 0.0, 1.0, 0.0, 0.0, 1.0, 0.0, 0.0, 0.0, 0.0, 3.0, 22.0, 22.0, 1
4459, 7.0, 7.0, -0.123, -0.123, 0.0070, 0.0, 1.0, 0.0, 0.0, 0.0, 0.0, 0.0, 0.0, 1.0, 0.0, 0.0, 1.0, 0.0, 0.0, 0.0, 0.0, 22.0, 22.0, 29.0, 1
4459, 1.0, 7.0, 0.136, -0.123, -0.123, 0.0, 0.0, 0.0, 0.0, 1.0, 0.0, 0.0, 0.0, 1.0, 0.0, 0.0, 1.0, 0.0, 0.0, 0.0, 0.0, 3.0, 22.0, 22.0, 1
4459, 7.0, 7.0, -0.123, 0.0070, -0.093, 0.0, 1.0, 0.0, 0.0, 0.0, 0.0, 0.0, 0.0, 1.0, 0.0, 0.0, 1.0, 0.0, 0.0, 0.0, 0.0, 22.0, 29.0, 27.0, 1
4459, 7.0, 7.0, 0.0070, -0.093, 0.0070, 0.0, 1.0, 0.0, 0.0, 0.0, 0.0, 0.0, 0.0, 1.0, 0.0, 0.0, 1.0, 0.0, 0.0, 0.0, 0.0, 28.0, 27.0, 29.0, 1
4459, 1.0, 7.0, 0.0070, 0.0070, -0.123, 0.0, 1.0, 0.0, 0.0, 0.0, 0.0, 0.0, 0.0, 1.0, 0.0, 0.0, 1.0, 0.0, 0.0, 0.0, 0.0, 28.0, 29.0, 22.0, 1
4459, 7.0, 7.0, -0.123, 0.0070, 0.0070, 0.0, 1.0, 0.0, 0.0, 0.0, 0.0, 0.0, 0.0, 1.0, 0.0, 0.0, 1.0, 0.0, 0.0, 0.0, 0.0, 22.0, 28.0, 28.0, 1
4459, 7.0, 7.0, 0.0070, -0.093, 0.0070, 0.0, 1.0, 0.0, 0.0, 0.0, 0.0, 0.0, 0.0, 1.0, 0.0, 0.0, 1.0, 0.0, 0.0, 0.0, 0.0, 27.0, 27.0, 29.0, 1
4459, 7.0, 7.0, 0.0070, -0.123, 0.0070, 0.0, 1.0, 0.0, 0.0, 0.0, 0.0, 0.0, 0.0, 1.0, 0.0, 0.0, 1.0, 0.0, 0.0, 0.0, 0.0, 27.0, 22.0, 28.0, 1
4459, 1.0, 7.0, 0.0070, 0.0070, 0.0070, 0.0, 1.0, 0.0, 0.0, 0.0, 0.0, 0.0, 0.0, 1.0, 0.0, 0.0, 1.0, 0.0, 0.0, 0.0, 0.0, 29.0, 28.0, 28.0, 1
4459, 7.0, 7.0, -0.123, 0.0070, 0.0070, 0.0, 1.0, 0.0, 0.0, 0.0, 0.0, 0.0, 0.0, 1.0, 0.0, 0.0, 1.0, 0.0, 0.0, 0.0, 0.0, 22.0, 27.0, 27.0, 1
4459, 1.0, 7.0, 0.136, -0.123, 0.0070, 0.0, 0.0, 0.0, 0.0, 1.0, 0.0, 0.0, 0.0, 1.0, 0.0, 0.0, 1.0, 0.0, 0.0, 0.0, 0.0, 3.0, 22.0, 28.0, 1
4459, 7.0, 7.0, -0.123, 0.0070, 0.0070, 0.0, 1.0, 0.0, 0.0, 0.0, 0.0, 0.0, 0.0, 1.0, 0.0, 0.0, 1.0, 0.0, 0.0, 0.0, 0.0, 22.0, 27.0, 27.0, 1
4459, 7.0, 7.0, -0.123, 0.0070, 0.0070, 0.0, 1.0, 0.0, 0.0, 0.0, 0.0, 0.0, 0.0, 1.0, 0.0, 0.0, 1.0, 0.0, 0.0, 0.0, 0.0, 22.0, 27.0, 27.0, 1
4459, 1.0, 7.0, 0.137, -0.123, 0.0070, 0.0, 0.0, 0.0, 0.0, 1.0, 0.0, 0.0, 0.0, 1.0, 0.0, 0.0, 1.0, 0.0, 0.0, 0.0, 0.0, 3.0, 22.0, 27.0, 1
4459, 7.0, 7.0, 0.0070, -0.123, 0.0070, 0.0, 1.0, 0.0, 0.0, 0.0, 0.0, 0.0, 0.0, 1.0, 0.0, 0.0, 1.0, 0.0, 0.0, 0.0, 0.0, 27.0, 22.0, 28.0, 1
4459, 1.0, 7.0, 0.0070, 0.0070, -0.123, 0.0, 1.0, 0.0, 0.0, 0.0, 0.0, 0.0, 0.0, 1.0, 0.0, 0.0, 1.0, 0.0, 0.0, 0.0, 0.0, 28.0, 28.0, 22.0, 1
4459, 7.0, 7.0, -0.123, 0.0070, 0.0070, 0.0, 1.0, 0.0, 0.0, 0.0, 0.0, 0.0, 0.0, 1.0, 0.0, 0.0, 1.0, 0.0, 0.0, 0.0, 0.0, 22.0, 28.0, 28.0, 1
4459, 1.0, 7.0, 0.137, -0.123, 0.0070, 0.0, 0.0, 0.0, 0.0, 1.0, 0.0, 0.0, 0.0, 1.0, 0.0, 0.0, 1.0, 0.0, 0.0, 0.0, 0.0, 3.0, 22.0, 27.0, 1
4459, 7.0, 7.0, -0.123, -0.123, 0.0070, 0.0, 1.0, 0.0, 0.0, 0.0, 0.0, 0.0, 0.0, 1.0, 0.0, 0.0, 1.0, 0.0, 0.0, 0.0, 0.0, 22.0, 22.0, 27.0, 1
4459, 7.0, 7.0, -0.123, -0.123, 0.0070, 0.0, 1.0, 0.0, 0.0, 0.0, 0.0, 0.0, 0.0, 1.0, 0.0, 0.0, 1.0, 0.0, 0.0, 0.0, 0.0, 22.0, 22.0, 27.0, 1
4459, 1.0, 7.0, 0.137, -0.123, -0.123, 0.0, 0.0, 0.0, 0.0, 1.0, 0.0, 0.0, 0.0, 1.0, 0.0, 0.0, 1.0, 0.0, 0.0, 0.0, 0.0, 3.0, 22.0, 22.0, 1
4459, 1.0, 7.0, 0.806, -0.123, -0.123, 0.0, 0.0, 0.0, 0.0, 0.0, 0.0, 1.0, 0.0, 1.0, 0.0, 0.0, 1.0, 0.0, 0.0, 0.0, 0.0, 38.0, 22.0, 22.0, 1
4459, 1.0, 7.0, 0.137, -0.123, -0.123, 0.0, 0.0, 0.0, 0.0, 1.0, 0.0, 0.0, 0.0, 1.0, 0.0, 0.0, 1.0, 0.0, 0.0, 0.0, 0.0, 3.0, 22.0, 22.0, 1
4459, 1.0, 7.0, 0.0070, 0.0070, -0.093, 0.0, 1.0, 0.0, 0.0, 0.0, 0.0, 0.0, 0.0, 1.0, 0.0, 0.0, 1.0, 0.0, 0.0, 0.0, 0.0, 28.0, 28.0, 27.0, 1
4459, 1.0, 7.0, 0.0070, 0.0070, -0.093, 0.0, 1.0, 0.0, 0.0, 0.0, 0.0, 0.0, 0.0, 1.0, 0.0, 0.0, 1.0, 0.0, 0.0, 0.0, 0.0, 28.0, 29.0, 27.0, 1
4459, 7.0, 7.0, -0.123, 0.0070, 0.0070, 0.0, 1.0, 0.0, 0.0, 0.0, 0.0, 0.0, 0.0, 1.0, 0.0, 0.0, 1.0, 0.0, 0.0, 0.0, 0.0, 22.0, 27.0, 27.0, 1
4459, 1.0, 7.0, 0.0070, 0.0070, -0.123, 0.0, 1.0, 0.0, 0.0, 0.0, 0.0, 0.0, 0.0, 1.0, 0.0, 0.0, 1.0, 0.0, 0.0, 0.0, 0.0, 28.0, 28.0, 22.0, 1
4459, 1.0, 2.0, -0.123, 0.806, -0.394, 0.0, 1.0, 0.0, 0.0, 0.0, 0.0, 0.0, 0.0, 0.0, 1.0, 0.0, 0.0, 0.0, 0.0, 0.0, 1.0, 22.0, 38.0, 40.0, 1
4459, 1.0, 2.0, -0.123, 0.806, -0.394, 0.0, 1.0, 0.0, 0.0, 0.0, 0.0, 0.0, 0.0, 0.0, 1.0, 0.0, 0.0, 0.0, 0.0, 0.0, 1.0, 22.0, 38.0, 40.0, 1
4459, 1.0, 7.0, 0.0070, 0.0070, -0.123, 0.0, 1.0, 0.0, 0.0, 0.0, 0.0, 0.0, 0.0, 1.0, 0.0, 0.0, 1.0, 0.0, 0.0, 0.0, 0.0, 28.0, 29.0, 22.0, 1
4459, 1.0, 2.0, -0.123, 0.806, -0.394, 0.0, 1.0, 0.0, 0.0, 0.0, 0.0, 0.0, 0.0, 0.0, 1.0, 0.0, 0.0, 0.0, 0.0, 0.0, 1.0, 22.0, 38.0, 40.0, 1
52, 7.0, 7.0, -0.141, -0.141, 0.09, 0.0, 1.0, 0.0, 0.0, 0.0, 0.0, 0.0, 0.0, 1.0, 0.0, 0.0, 1.0, 0.0, 0.0, 0.0, 0.0, 22.0, 22.0, 26.0, 1
52, 1.0, 7.0, 0.12, -0.141, -0.141, 0.0, 0.0, 0.0, 0.0, 1.0, 0.0, 0.0, 0.0, 1.0, 0.0, 0.0, 1.0, 0.0, 0.0, 0.0, 0.0, 3.0, 22.0, 22.0, 1
52, 7.0, 7.0, -0.141, 0.09, 0.09, 0.0, 1.0, 0.0, 0.0, 0.0, 0.0, 0.0, 0.0, 1.0, 0.0, 0.0, 1.0, 0.0, 0.0, 0.0, 0.0, 22.0, 26.0, 26.0, 1
52, 7.0, 7.0, -0.141, 0.09, -0.04, 0.0, 1.0, 0.0, 0.0, 0.0, 0.0, 0.0, 0.0, 1.0, 0.0, 0.0, 0.0, 0.0, 0.0, 0.0, 1.0, 22.0, 26.0, 52.0, 1
52, 7.0, 7.0, -0.141, 0.09, 0.09, 0.0, 1.0, 0.0, 0.0, 0.0, 0.0, 0.0, 0.0, 1.0, 0.0, 0.0, 1.0, 0.0, 0.0, 0.0, 0.0, 22.0, 26.0, 26.0, 1
52, 7.0, 7.0, -0.141, -0.141, 0.09, 0.0, 1.0, 0.0, 0.0, 0.0, 0.0, 0.0, 0.0, 1.0, 0.0, 0.0, 1.0, 0.0, 0.0, 0.0, 0.0, 22.0, 22.0, 26.0, 1
52, 1.0, 7.0, 0.12, -0.141, 0.09, 0.0, 0.0, 0.0, 0.0, 1.0, 0.0, 0.0, 0.0, 1.0, 0.0, 0.0, 1.0, 0.0, 0.0, 0.0, 0.0, 3.0, 22.0, 26.0, 1
52, 1.0, 7.0, 0.12, -0.141, -0.141, 0.0, 0.0, 0.0, 0.0, 1.0, 0.0, 0.0, 0.0, 1.0, 0.0, 0.0, 1.0, 0.0, 0.0, 0.0, 0.0, 3.0, 22.0, 22.0, 1
52, 1.0, 7.0, 0.12, -0.141, -0.141, 0.0, 0.0, 0.0, 0.0, 1.0, 0.0, 0.0, 0.0, 1.0, 0.0, 0.0, 1.0, 0.0, 0.0, 0.0, 0.0, 3.0, 22.0, 22.0, 1
52, 7.0, 7.0, -0.141, -0.141, 0.09, 0.0, 1.0, 0.0, 0.0, 0.0, 0.0, 0.0, 0.0, 1.0, 0.0, 0.0, 1.0, 0.0, 0.0, 0.0, 0.0, 22.0, 22.0, 26.0, 1
52, 1.0, 7.0, 0.12, -0.141, 0.09, 0.0, 0.0, 0.0, 0.0, 1.0, 0.0, 0.0, 0.0, 1.0, 0.0, 0.0, 1.0, 0.0, 0.0, 0.0, 0.0, 3.0, 22.0, 26.0, 1
52, 7.0, 7.0, -0.141, -0.141, -0.14, 0.0, 1.0, 0.0, 0.0, 0.0, 0.0, 0.0, 0.0, 1.0, 0.0, 0.0, 1.0, 0.0, 0.0, 0.0, 0.0, 22.0, 22.0, 22.0, 1
52, 1.0, 7.0, 0.789, -0.141, -0.141, 0.0, 0.0, 0.0, 0.0, 0.0, 0.0, 1.0, 0.0, 1.0, 0.0, 0.0, 1.0, 0.0, 0.0, 0.0, 0.0, 38.0, 22.0, 22.0, 1
52, 1.0, 7.0, 0.12, -0.14, -0.141, 0.0, 0.0, 0.0, 0.0, 1.0, 0.0, 0.0, 0.0, 1.0, 0.0, 0.0, 1.0, 0.0, 0.0, 0.0, 0.0, 3.0, 22.0, 22.0, 1
52, 7.0, 7.0, -0.14, -0.141, 0.09, 0.0, 1.0, 0.0, 0.0, 0.0, 0.0, 0.0, 0.0, 1.0, 0.0, 0.0, 1.0, 0.0, 0.0, 0.0, 0.0, 22.0, 22.0, 26.0, 1
52, 1.0, 7.0, 0.12, -0.141, -0.14, 0.0, 0.0, 0.0, 0.0, 1.0, 0.0, 0.0, 0.0, 1.0, 0.0, 0.0, 1.0, 0.0, 0.0, 0.0, 0.0, 3.0, 22.0, 22.0, 1
52, 7.0, 7.0, -0.141, 0.09, 0.09, 0.0, 1.0, 0.0, 0.0, 0.0, 0.0, 0.0, 0.0, 1.0, 0.0, 0.0, 1.0, 0.0, 0.0, 0.0, 0.0, 22.0, 26.0, 26.0, 1
52, 7.0, 7.0, -0.141, 0.09, 0.09, 0.0, 1.0, 0.0, 0.0, 0.0, 0.0, 0.0, 0.0, 1.0, 0.0, 0.0, 1.0, 0.0, 0.0, 0.0, 0.0, 22.0, 26.0, 26.0, 1
52, 7.0, 7.0, 0.09, 0.09, -0.04, 0.0, 1.0, 0.0, 0.0, 0.0, 0.0, 0.0, 0.0, 1.0, 0.0, 0.0, 0.0, 0.0, 0.0, 0.0, 1.0, 26.0, 26.0, 52.0, 1
52, 7.0, 7.0, -0.141, 0.09, 0.09, 0.0, 1.0, 0.0, 0.0, 0.0, 0.0, 0.0, 0.0, 1.0, 0.0, 0.0, 1.0, 0.0, 0.0, 0.0, 0.0, 22.0, 26.0, 26.0, 1
52, 7.0, 7.0, -0.141, 0.09, -0.04, 0.0, 1.0, 0.0, 0.0, 0.0, 0.0, 0.0, 0.0, 1.0, 0.0, 0.0, 0.0, 0.0, 0.0, 0.0, 1.0, 22.0, 26.0, 52.0, 1
52, 7.0, 7.0, -0.141, 0.09, 0.09, 0.0, 1.0, 0.0, 0.0, 0.0, 0.0, 0.0, 0.0, 1.0, 0.0, 0.0, 1.0, 0.0, 0.0, 0.0, 0.0, 22.0, 26.0, 26.0, 1
52, 1.0, 2.0, -0.141, 0.789, -0.411, 0.0, 1.0, 0.0, 0.0, 0.0, 0.0, 0.0, 0.0, 0.0, 1.0, 0.0, 0.0, 0.0, 0.0, 0.0, 1.0, 22.0, 38.0, 40.0, 1
52, 7.0, 7.0, 0.09, 0.09, -0.04, 0.0, 1.0, 0.0, 0.0, 0.0, 0.0, 0.0, 0.0, 1.0, 0.0, 0.0, 0.0, 0.0, 0.0, 0.0, 1.0, 26.0, 26.0, 52.0, 1
52, 1.0, 2.0, -0.141, 0.789, -0.411, 0.0, 1.0, 0.0, 0.0, 0.0, 0.0, 0.0, 0.0, 0.0, 1.0, 0.0, 0.0, 0.0, 0.0, 0.0, 1.0, 22.0, 38.0, 40.0, 1
49, 1.0, 7.0, 0.152, -0.109, -0.109, 0.0, 0.0, 0.0, 0.0, 1.0, 0.0, 0.0, 0.0, 1.0, 0.0, 0.0, 1.0, 0.0, 0.0, 0.0, 0.0, 3.0, 22.0, 22.0, 1
49, 7.0, 7.0, -0.109, -0.109, -0.079, 0.0, 1.0, 0.0, 0.0, 0.0, 0.0, 0.0, 0.0, 1.0, 0.0, 0.0, 1.0, 0.0, 0.0, 0.0, 0.0, 22.0, 22.0, 27.0, 1
49, 1.0, 7.0, 0.152, -0.109, -0.109, 0.0, 0.0, 0.0, 0.0, 1.0, 0.0, 0.0, 0.0, 1.0, 0.0, 0.0, 1.0, 0.0, 0.0, 0.0, 0.0, 3.0, 22.0, 22.0, 1
49, 7.0, 7.0, -0.109, -0.079, 0.021, 0.0, 1.0, 0.0, 0.0, 0.0, 0.0, 0.0, 0.0, 1.0, 0.0, 0.0, 1.0, 0.0, 0.0, 0.0, 0.0, 22.0, 27.0, 27.0, 1
49, 7.0, 7.0, -0.109, -0.079, -0.079, 0.0, 1.0, 0.0, 0.0, 0.0, 0.0, 0.0, 0.0, 1.0, 0.0, 0.0, 1.0, 0.0, 0.0, 0.0, 0.0, 22.0, 27.0, 27.0, 1
49, 7.0, 7.0, -0.109, 0.021, -0.079, 0.0, 1.0, 0.0, 0.0, 0.0, 0.0, 0.0, 0.0, 1.0, 0.0, 0.0, 1.0, 0.0, 0.0, 0.0, 0.0, 22.0, 27.0, 27.0, 1
49, 7.0, 7.0, -0.109, 0.021, -0.079, 0.0, 1.0, 0.0, 0.0, 0.0, 0.0, 0.0, 0.0, 1.0, 0.0, 0.0, 1.0, 0.0, 0.0, 0.0, 0.0, 22.0, 27.0, 27.0, 1
49, 7.0, 7.0, -0.109, -0.109, 0.021, 0.0, 1.0, 0.0, 0.0, 0.0, 0.0, 0.0, 0.0, 1.0, 0.0, 0.0, 1.0, 0.0, 0.0, 0.0, 0.0, 22.0, 22.0, 27.0, 1
49, 1.0, 7.0, 0.152, -0.109, 0.021, 0.0, 0.0, 0.0, 0.0, 1.0, 0.0, 0.0, 0.0, 1.0, 0.0, 0.0, 1.0, 0.0, 0.0, 0.0, 0.0, 3.0, 22.0, 27.0, 1
49, 1.0, 7.0, 0.152, -0.109, -0.109, 0.0, 0.0, 0.0, 0.0, 1.0, 0.0, 0.0, 0.0, 1.0, 0.0, 0.0, 1.0, 0.0, 0.0, 0.0, 0.0, 3.0, 22.0, 22.0, 1
49, 7.0, 7.0, -0.109, -0.079, -0.079, 0.0, 1.0, 0.0, 0.0, 0.0, 0.0, 0.0, 0.0, 1.0, 0.0, 0.0, 1.0, 0.0, 0.0, 0.0, 0.0, 22.0, 27.0, 27.0, 1
49, 7.0, 7.0, -0.079, -0.079, -0.079, 0.0, 1.0, 0.0, 0.0, 0.0, 0.0, 0.0, 0.0, 1.0, 0.0, 0.0, 1.0, 0.0, 0.0, 0.0, 0.0, 26.0, 27.0, 27.0, 1
49, 7.0, 7.0, -0.109, -0.079, -0.079, 0.0, 1.0, 0.0, 0.0, 0.0, 0.0, 0.0, 0.0, 1.0, 0.0, 0.0, 1.0, 0.0, 0.0, 0.0, 0.0, 22.0, 26.0, 27.0, 1
49, 7.0, 7.0, -0.079, -0.079, -0.079, 0.0, 1.0, 0.0, 0.0, 0.0, 0.0, 0.0, 0.0, 1.0, 0.0, 0.0, 1.0, 0.0, 0.0, 0.0, 0.0, 21.0, 26.0, 27.0, 1
49, 7.0, 7.0, -0.079, -0.109, 0.021, 0.0, 1.0, 0.0, 0.0, 0.0, 0.0, 0.0, 0.0, 1.0, 0.0, 0.0, 1.0, 0.0, 0.0, 0.0, 0.0, 26.0, 22.0, 27.0, 1
49, 1.0, 7.0, 0.822, -0.109, -0.079, 0.0, 0.0, 0.0, 0.0, 0.0, 0.0, 1.0, 0.0, 1.0, 0.0, 0.0, 1.0, 0.0, 0.0, 0.0, 0.0, 38.0, 22.0, 26.0, 1
49, 7.0, 7.0, -0.079, -0.109, 0.021, 0.0, 1.0, 0.0, 0.0, 0.0, 0.0, 0.0, 0.0, 1.0, 0.0, 0.0, 1.0, 0.0, 0.0, 0.0, 0.0, 27.0, 22.0, 27.0, 1
49, 7.0, 7.0, -0.109, 0.021, -0.079, 0.0, 1.0, 0.0, 0.0, 0.0, 0.0, 0.0, 0.0, 1.0, 0.0, 0.0, 1.0, 0.0, 0.0, 0.0, 0.0, 22.0, 27.0, 27.0, 1
49, 7.0, 7.0, -0.109, 0.021, -0.079, 0.0, 1.0, 0.0, 0.0, 0.0, 0.0, 0.0, 0.0, 1.0, 0.0, 0.0, 1.0, 0.0, 0.0, 0.0, 0.0, 22.0, 27.0, 27.0, 1
49, 1.0, 7.0, 0.152, -0.109, -0.079, 0.0, 0.0, 0.0, 0.0, 1.0, 0.0, 0.0, 0.0, 1.0, 0.0, 0.0, 1.0, 0.0, 0.0, 0.0, 0.0, 3.0, 22.0, 27.0, 1
49, 7.0, 7.0, -0.109, -0.079, 0.021, 0.0, 1.0, 0.0, 0.0, 0.0, 0.0, 0.0, 0.0, 1.0, 0.0, 0.0, 1.0, 0.0, 0.0, 0.0, 0.0, 22.0, 27.0, 27.0, 1
49, 7.0, 7.0, -0.079, -0.079, 0.021, 0.0, 1.0, 0.0, 0.0, 0.0, 0.0, 0.0, 0.0, 1.0, 0.0, 0.0, 1.0, 0.0, 0.0, 0.0, 0.0, 27.0, 27.0, 27.0, 1
49, 7.0, 7.0, -0.079, -0.079, -0.079, 0.0, 1.0, 0.0, 0.0, 0.0, 0.0, 0.0, 0.0, 1.0, 0.0, 0.0, 1.0, 0.0, 0.0, 0.0, 0.0, 26.0, 27.0, 27.0, 1
49, 7.0, 7.0, -0.109, -0.079, -0.079, 0.0, 1.0, 0.0, 0.0, 0.0, 0.0, 0.0, 0.0, 1.0, 0.0, 0.0, 1.0, 0.0, 0.0, 0.0, 0.0, 21.0, 27.0, 27.0, 1
49, 1.0, 7.0, 0.152, -0.109, 0.021, 0.0, 0.0, 0.0, 0.0, 1.0, 0.0, 0.0, 0.0, 1.0, 0.0, 0.0, 1.0, 0.0, 0.0, 0.0, 0.0, 3.0, 22.0, 27.0, 1
49, 7.0, 7.0, -0.108, -0.109, 0.021, 0.0, 1.0, 0.0, 0.0, 0.0, 0.0, 0.0, 0.0, 1.0, 0.0, 0.0, 1.0, 0.0, 0.0, 0.0, 0.0, 22.0, 22.0, 27.0, 1
49, 1.0, 7.0, 0.152, -0.108, -0.109, 0.0, 0.0, 0.0, 0.0, 1.0, 0.0, 0.0, 0.0, 1.0, 0.0, 0.0, 1.0, 0.0, 0.0, 0.0, 0.0, 3.0, 22.0, 22.0, 1
49, 7.0, 7.0, -0.109, -0.108, -0.108, 0.0, 1.0, 0.0, 0.0, 0.0, 0.0, 0.0, 0.0, 1.0, 0.0, 0.0, 1.0, 0.0, 0.0, 0.0, 0.0, 22.0, 22.0, 22.0, 1
49, 1.0, 7.0, 0.152, -0.108, -0.108, 0.0, 0.0, 0.0, 0.0, 1.0, 0.0, 0.0, 0.0, 1.0, 0.0, 0.0, 1.0, 0.0, 0.0, 0.0, 0.0, 3.0, 22.0, 22.0, 1
49, 7.0, 7.0, -0.109, -0.108, -0.108, 0.0, 1.0, 0.0, 0.0, 0.0, 0.0, 0.0, 0.0, 1.0, 0.0, 0.0, 1.0, 0.0, 0.0, 0.0, 0.0, 22.0, 22.0, 22.0, 1
49, 1.0, 7.0, 0.152, -0.109, -0.108, 0.0, 0.0, 0.0, 0.0, 1.0, 0.0, 0.0, 0.0, 1.0, 0.0, 0.0, 1.0, 0.0, 0.0, 0.0, 0.0, 3.0, 22.0, 22.0, 1
49, 7.0, 7.0, -0.108, -0.109, -0.079, 0.0, 1.0, 0.0, 0.0, 0.0, 0.0, 0.0, 0.0, 1.0, 0.0, 0.0, 1.0, 0.0, 0.0, 0.0, 0.0, 22.0, 22.0, 27.0, 1
49, 7.0, 7.0, -0.079, -0.079, -0.109, 0.0, 1.0, 0.0, 0.0, 0.0, 0.0, 0.0, 0.0, 1.0, 0.0, 0.0, 1.0, 0.0, 0.0, 0.0, 0.0, 21.0, 26.0, 22.0, 1
49, 7.0, 7.0, -0.079, -0.079, -0.079, 0.0, 1.0, 0.0, 0.0, 0.0, 0.0, 0.0, 0.0, 1.0, 0.0, 0.0, 1.0, 0.0, 0.0, 0.0, 0.0, 21.0, 26.0, 27.0, 1
49, 7.0, 7.0, -0.109, -0.079, -0.079, 0.0, 1.0, 0.0, 0.0, 0.0, 0.0, 0.0, 0.0, 1.0, 0.0, 0.0, 1.0, 0.0, 0.0, 0.0, 0.0, 22.0, 27.0, 27.0, 1
49, 7.0, 7.0, -0.109, -0.079, 0.021, 0.0, 1.0, 0.0, 0.0, 0.0, 0.0, 0.0, 0.0, 1.0, 0.0, 0.0, 1.0, 0.0, 0.0, 0.0, 0.0, 22.0, 27.0, 27.0, 1
49, 7.0, 7.0, -0.109, -0.079, -0.079, 0.0, 1.0, 0.0, 0.0, 0.0, 0.0, 0.0, 0.0, 1.0, 0.0, 0.0, 1.0, 0.0, 0.0, 0.0, 0.0, 21.0, 27.0, 27.0, 1
49, 7.0, 7.0, -0.109, -0.079, -0.079, 0.0, 1.0, 0.0, 0.0, 0.0, 0.0, 0.0, 0.0, 1.0, 0.0, 0.0, 1.0, 0.0, 0.0, 0.0, 0.0, 21.0, 27.0, 27.0, 1
49, 7.0, 7.0, -0.079, -0.109, -0.079, 0.0, 1.0, 0.0, 0.0, 0.0, 0.0, 0.0, 0.0, 1.0, 0.0, 0.0, 1.0, 0.0, 0.0, 0.0, 0.0, 21.0, 21.0, 27.0, 1
49, 1.0, 7.0, 0.152, -0.109, -0.079, 0.0, 0.0, 0.0, 0.0, 1.0, 0.0, 0.0, 0.0, 1.0, 0.0, 0.0, 1.0, 0.0, 0.0, 0.0, 0.0, 3.0, 21.0, 21.0, 1
49, 1.0, 2.0, -0.109, 0.822, -0.378, 0.0, 1.0, 0.0, 0.0, 0.0, 0.0, 0.0, 0.0, 0.0, 1.0, 0.0, 0.0, 0.0, 0.0, 0.0, 1.0, 22.0, 38.0, 40.0, 1
49, 1.0, 7.0, 0.822, -0.109, 0.021, 0.0, 0.0, 0.0, 0.0, 0.0, 0.0, 1.0, 0.0, 1.0, 0.0, 0.0, 1.0, 0.0, 0.0, 0.0, 0.0, 38.0, 22.0, 27.0, 1
49, 1.0, 7.0, 0.822, -0.109, -0.079, 0.0, 0.0, 0.0, 0.0, 0.0, 0.0, 1.0, 0.0, 1.0, 0.0, 0.0, 1.0, 0.0, 0.0, 0.0, 0.0, 38.0, 22.0, 26.0, 1
4907, 1.0, 7.0, 0.144, -0.116, -0.116, 0.0, 0.0, 0.0, 0.0, 1.0, 0.0, 0.0, 0.0, 1.0, 0.0, 0.0, 1.0, 0.0, 0.0, 0.0, 0.0, 3.0, 22.0, 22.0, 1
4907, 7.0, 7.0, -0.116, -0.116, 0.014, 0.0, 1.0, 0.0, 0.0, 0.0, 0.0, 0.0, 0.0, 1.0, 0.0, 0.0, 1.0, 0.0, 0.0, 0.0, 0.0, 22.0, 22.0, 29.0, 1
4907, 1.0, 7.0, 0.144, -0.116, -0.116, 0.0, 0.0, 0.0, 0.0, 1.0, 0.0, 0.0, 0.0, 1.0, 0.0, 0.0, 1.0, 0.0, 0.0, 0.0, 0.0, 3.0, 22.0, 22.0, 1
4907, 1.0, 7.0, 0.014, 0.014, -0.116, 0.0, 1.0, 0.0, 0.0, 0.0, 0.0, 0.0, 0.0, 1.0, 0.0, 0.0, 1.0, 0.0, 0.0, 0.0, 0.0, 29.0, 29.0, 22.0, 1
4907, 7.0, 7.0, -0.116, -0.116, 0.014, 0.0, 1.0, 0.0, 0.0, 0.0, 0.0, 0.0, 0.0, 1.0, 0.0, 0.0, 1.0, 0.0, 0.0, 0.0, 0.0, 22.0, 22.0, 29.0, 1
4907, 1.0, 7.0, 0.144, -0.116, 0.014, 0.0, 0.0, 0.0, 0.0, 1.0, 0.0, 0.0, 0.0, 1.0, 0.0, 0.0, 1.0, 0.0, 0.0, 0.0, 0.0, 3.0, 22.0, 29.0, 1
4907, 1.0, 7.0, 0.813, -0.116, -0.116, 0.0, 0.0, 0.0, 0.0, 0.0, 0.0, 1.0, 0.0, 1.0, 0.0, 0.0, 1.0, 0.0, 0.0, 0.0, 0.0, 38.0, 22.0, 22.0, 1
4907, 1.0, 7.0, 0.144, -0.116, -0.116, 0.0, 0.0, 0.0, 0.0, 1.0, 0.0, 0.0, 0.0, 1.0, 0.0, 0.0, 1.0, 0.0, 0.0, 0.0, 0.0, 3.0, 22.0, 22.0, 1
4907, 7.0, 7.0, -0.116, -0.116, 0.014, 0.0, 1.0, 0.0, 0.0, 0.0, 0.0, 0.0, 0.0, 1.0, 0.0, 0.0, 1.0, 0.0, 0.0, 0.0, 0.0, 22.0, 22.0, 29.0, 1
4907, 1.0, 7.0, 0.144, -0.116, 0.014, 0.0, 0.0, 0.0, 0.0, 1.0, 0.0, 0.0, 0.0, 1.0, 0.0, 0.0, 1.0, 0.0, 0.0, 0.0, 0.0, 3.0, 22.0, 29.0, 1
4907, 1.0, 7.0, 0.144, -0.116, -0.116, 0.0, 0.0, 0.0, 0.0, 1.0, 0.0, 0.0, 0.0, 1.0, 0.0, 0.0, 1.0, 0.0, 0.0, 0.0, 0.0, 3.0, 22.0, 22.0, 1
4907, 1.0, 7.0, 0.814, -0.116, -0.116, 0.0, 0.0, 0.0, 0.0, 0.0, 0.0, 1.0, 0.0, 1.0, 0.0, 0.0, 1.0, 0.0, 0.0, 0.0, 0.0, 38.0, 22.0, 22.0, 1
4907, 1.0, 7.0, 0.813, -0.116, -0.116, 0.0, 0.0, 0.0, 0.0, 0.0, 0.0, 1.0, 0.0, 1.0, 0.0, 0.0, 1.0, 0.0, 0.0, 0.0, 0.0, 38.0, 22.0, 22.0, 1
4907, 7.0, 7.0, -0.116, -0.116, 0.014, 0.0, 1.0, 0.0, 0.0, 0.0, 0.0, 0.0, 0.0, 1.0, 0.0, 0.0, 1.0, 0.0, 0.0, 0.0, 0.0, 22.0, 22.0, 29.0, 1
4907, 1.0, 7.0, 0.144, -0.116, -0.116, 0.0, 0.0, 0.0, 0.0, 1.0, 0.0, 0.0, 0.0, 1.0, 0.0, 0.0, 1.0, 0.0, 0.0, 0.0, 0.0, 3.0, 22.0, 22.0, 1
4907, 1.0, 7.0, 0.014, 0.014, -0.116, 0.0, 1.0, 0.0, 0.0, 0.0, 0.0, 0.0, 0.0, 1.0, 0.0, 0.0, 1.0, 0.0, 0.0, 0.0, 0.0, 29.0, 29.0, 22.0, 1
4907, 1.0, 7.0, 0.014, 0.014, -0.116, 0.0, 1.0, 0.0, 0.0, 0.0, 0.0, 0.0, 0.0, 1.0, 0.0, 0.0, 1.0, 0.0, 0.0, 0.0, 0.0, 29.0, 29.0, 22.0, 1
4907, 1.0, 7.0, 0.014, 0.014, -0.116, 0.0, 1.0, 0.0, 0.0, 0.0, 0.0, 0.0, 0.0, 1.0, 0.0, 0.0, 1.0, 0.0, 0.0, 0.0, 0.0, 29.0, 29.0, 22.0, 1
4907, 1.0, 2.0, -0.116, 0.813, -0.386, 0.0, 1.0, 0.0, 0.0, 0.0, 0.0, 0.0, 0.0, 0.0, 1.0, 0.0, 0.0, 0.0, 0.0, 0.0, 1.0, 22.0, 38.0, 40.0, 1
4907, 1.0, 2.0, -0.116, 0.813, -0.386, 0.0, 1.0, 0.0, 0.0, 0.0, 0.0, 0.0, 0.0, 0.0, 1.0, 0.0, 0.0, 0.0, 0.0, 0.0, 1.0, 22.0, 38.0, 40.0, 1
4907, 1.0, 2.0, -0.116, 0.813, -0.386, 0.0, 1.0, 0.0, 0.0, 0.0, 0.0, 0.0, 0.0, 0.0, 1.0, 0.0, 0.0, 0.0, 0.0, 0.0, 1.0, 22.0, 38.0, 40.0, 1
4907, 1.0, 2.0, -0.116, 0.813, -0.386, 0.0, 1.0, 0.0, 0.0, 0.0, 0.0, 0.0, 0.0, 0.0, 1.0, 0.0, 0.0, 0.0, 0.0, 0.0, 1.0, 22.0, 38.0, 40.0, 1
4907, 1.0, 2.0, -0.116, 0.814, -0.386, 0.0, 1.0, 0.0, 0.0, 0.0, 0.0, 0.0, 0.0, 0.0, 1.0, 0.0, 0.0, 0.0, 0.0, 0.0, 1.0, 22.0, 38.0, 40.0, 1
4907, 1.0, 2.0, -0.116, 0.814, -0.386, 0.0, 1.0, 0.0, 0.0, 0.0, 0.0, 0.0, 0.0, 0.0, 1.0, 0.0, 0.0, 0.0, 0.0, 0.0, 1.0, 22.0, 38.0, 40.0, 1
2447, 1.0, 7.0, 0.139, -0.122, -0.122, 0.0, 0.0, 0.0, 0.0, 1.0, 0.0, 0.0, 0.0, 1.0, 0.0, 0.0, 1.0, 0.0, 0.0, 0.0, 0.0, 3.0, 22.0, 22.0, 1
2447, 7.0, 7.0, -0.122, -0.122, 0.108, 0.0, 1.0, 0.0, 0.0, 0.0, 0.0, 0.0, 0.0, 1.0, 0.0, 0.0, 1.0, 0.0, 0.0, 0.0, 0.0, 22.0, 22.0, 22.0, 1
2447, 1.0, 7.0, 0.108, -0.122, -0.122, 0.0, 1.0, 0.0, 0.0, 0.0, 0.0, 0.0, 0.0, 1.0, 0.0, 0.0, 1.0, 0.0, 0.0, 0.0, 0.0, 10.0, 22.0, 22.0, 1
2447, 1.0, 7.0, -0.191, 0.108, -0.122, 0.0, 1.0, 0.0, 0.0, 0.0, 0.0, 0.0, 0.0, 1.0, 0.0, 0.0, 1.0, 0.0, 0.0, 0.0, 0.0, 16.0, 22.0, 22.0, 1
2447, 7.0, 7.0, -0.122, -0.122, 0.108, 0.0, 1.0, 0.0, 0.0, 0.0, 0.0, 0.0, 0.0, 1.0, 0.0, 0.0, 1.0, 0.0, 0.0, 0.0, 0.0, 22.0, 22.0, 22.0, 1
2447, 1.0, 7.0, 0.139, -0.122, 0.108, 0.0, 0.0, 0.0, 0.0, 1.0, 0.0, 0.0, 0.0, 1.0, 0.0, 0.0, 1.0, 0.0, 0.0, 0.0, 0.0, 3.0, 22.0, 22.0, 1
2447, 1.0, 7.0, 0.809, -0.122, -0.122, 0.0, 0.0, 0.0, 0.0, 0.0, 0.0, 1.0, 0.0, 1.0, 0.0, 0.0, 1.0, 0.0, 0.0, 0.0, 0.0, 38.0, 22.0, 22.0, 1
2447, 1.0, 7.0, 0.139, -0.122, -0.122, 0.0, 0.0, 0.0, 0.0, 1.0, 0.0, 0.0, 0.0, 1.0, 0.0, 0.0, 1.0, 0.0, 0.0, 0.0, 0.0, 3.0, 22.0, 22.0, 1
2447, 1.0, 1.0, -0.191, 0.108, -0.122, 0.0, 1.0, 0.0, 0.0, 0.0, 0.0, 0.0, 0.0, 1.0, 0.0, 0.0, 1.0, 0.0, 0.0, 0.0, 0.0, 16.0, 10.0, 22.0, 1
2447, 1.0, 1.0, -0.122, 0.108, 0.058, 0.0, 1.0, 0.0, 0.0, 0.0, 0.0, 0.0, 0.0, 1.0, 0.0, 0.0, 0.0, 0.0, 1.0, 0.0, 0.0, 22.0, 10.0, 3.0, 1
2447, 1.0, 1.0, -0.122, 0.108, 0.058, 0.0, 1.0, 0.0, 0.0, 0.0, 0.0, 0.0, 0.0, 1.0, 0.0, 0.0, 0.0, 0.0, 1.0, 0.0, 0.0, 22.0, 10.0, 3.0, 1
2447, 1.0, 1.0, 0.108, -0.191, 0.108, 0.0, 1.0, 0.0, 0.0, 0.0, 0.0, 0.0, 0.0, 1.0, 0.0, 0.0, 0.0, 0.0, 1.0, 0.0, 0.0, 10.0, 16.0, 3.0, 1
2447, 1.0, 2.0, 0.108, -0.191, -0.191, 0.0, 1.0, 0.0, 0.0, 0.0, 0.0, 0.0, 0.0, 1.0, 0.0, 0.0, 1.0, 0.0, 0.0, 0.0, 0.0, 10.0, 16.0, 16.0, 1
2447, 1.0, 2.0, 0.108, -0.191, -0.191, 0.0, 1.0, 0.0, 0.0, 0.0, 0.0, 0.0, 0.0, 1.0, 0.0, 0.0, 1.0, 0.0, 0.0, 0.0, 0.0, 22.0, 16.0, 16.0, 1
2447, 1.0, 1.0, 0.108, -0.191, 0.108, 0.0, 1.0, 0.0, 0.0, 0.0, 0.0, 0.0, 0.0, 1.0, 0.0, 0.0, 0.0, 0.0, 1.0, 0.0, 0.0, 22.0, 16.0, 3.0, 1
2447, 1.0, 2.0, 0.108, -0.191, -0.191, 0.0, 0.0, 0.0, 0.0, 1.0, 0.0, 0.0, 0.0, 1.0, 0.0, 0.0, 1.0, 0.0, 0.0, 0.0, 0.0, 3.0, 16.0, 16.0, 1
2447, 1.0, 2.0, -0.122, 0.809, -0.391, 0.0, 1.0, 0.0, 0.0, 0.0, 0.0, 0.0, 0.0, 0.0, 1.0, 0.0, 0.0, 0.0, 0.0, 0.0, 1.0, 22.0, 38.0, 40.0, 1
2447, 1.0, 2.0, 0.108, -0.191, -0.191, 0.0, 1.0, 0.0, 0.0, 0.0, 0.0, 0.0, 0.0, 1.0, 0.0, 0.0, 1.0, 0.0, 0.0, 0.0, 0.0, 10.0, 16.0, 16.0, 1
2447, 1.0, 2.0, -0.122, 0.809, -0.391, 0.0, 1.0, 0.0, 0.0, 0.0, 0.0, 0.0, 0.0, 0.0, 1.0, 0.0, 0.0, 0.0, 0.0, 0.0, 1.0, 22.0, 38.0, 40.0, 1
2166, 1.0, 7.0, 0.143, -0.117, -0.117, 0.0, 0.0, 0.0, 0.0, 1.0, 0.0, 0.0, 0.0, 1.0, 0.0, 0.0, 1.0, 0.0, 0.0, 0.0, 0.0, 3.0, 22.0, 22.0, 1
2166, 7.0, 7.0, -0.117, -0.117, -0.087, 0.0, 1.0, 0.0, 0.0, 0.0, 0.0, 0.0, 0.0, 1.0, 0.0, 0.0, 1.0, 0.0, 0.0, 0.0, 0.0, 22.0, 22.0, 195.0, 1
2166, 1.0, 7.0, 0.142, -0.117, -0.117, 0.0, 0.0, 0.0, 0.0, 1.0, 0.0, 0.0, 0.0, 1.0, 0.0, 0.0, 1.0, 0.0, 0.0, 0.0, 0.0, 3.0, 22.0, 22.0, 1
2166, 7.0, 7.0, -0.117, -0.087, 0.013, 0.0, 1.0, 0.0, 0.0, 0.0, 0.0, 0.0, 0.0, 1.0, 0.0, 0.0, 1.0, 0.0, 0.0, 0.0, 0.0, 22.0, 195.0, 195.0, 1
2166, 7.0, 7.0, -0.117, -0.087, -0.087, 0.0, 1.0, 0.0, 0.0, 0.0, 0.0, 0.0, 0.0, 1.0, 0.0, 0.0, 1.0, 0.0, 0.0, 0.0, 0.0, 22.0, 195.0, 27.0, 1
2166, 7.0, 7.0, -0.117, 0.013, -0.087, 0.0, 1.0, 0.0, 0.0, 0.0, 0.0, 0.0, 0.0, 1.0, 0.0, 0.0, 1.0, 0.0, 0.0, 0.0, 0.0, 22.0, 195.0, 195.0, 1
2166, 7.0, 7.0, -0.117, 0.013, -0.087, 0.0, 1.0, 0.0, 0.0, 0.0, 0.0, 0.0, 0.0, 1.0, 0.0, 0.0, 1.0, 0.0, 0.0, 0.0, 0.0, 22.0, 195.0, 195.0, 1
2166, 7.0, 7.0, -0.117, -0.117, 0.013, 0.0, 1.0, 0.0, 0.0, 0.0, 0.0, 0.0, 0.0, 1.0, 0.0, 0.0, 1.0, 0.0, 0.0, 0.0, 0.0, 22.0, 22.0, 195.0, 1
2166, 1.0, 7.0, 0.142, -0.117, 0.013, 0.0, 0.0, 0.0, 0.0, 1.0, 0.0, 0.0, 0.0, 1.0, 0.0, 0.0, 1.0, 0.0, 0.0, 0.0, 0.0, 3.0, 22.0, 195.0, 1
2166, 1.0, 7.0, 0.142, -0.117, -0.117, 0.0, 0.0, 0.0, 0.0, 1.0, 0.0, 0.0, 0.0, 1.0, 0.0, 0.0, 1.0, 0.0, 0.0, 0.0, 0.0, 3.0, 22.0, 22.0, 1
2166, 7.0, 7.0, 0.013, -0.087, -0.087, 0.0, 1.0, 0.0, 0.0, 0.0, 0.0, 0.0, 0.0, 1.0, 0.0, 0.0, 1.0, 0.0, 0.0, 0.0, 0.0, 27.0, 27.0, 195.0, 1
2166, 7.0, 7.0, -0.117, -0.087, -0.087, 0.0, 1.0, 0.0, 0.0, 0.0, 0.0, 0.0, 0.0, 1.0, 0.0, 0.0, 1.0, 0.0, 0.0, 0.0, 0.0, 22.0, 27.0, 195.0, 1
2166, 7.0, 7.0, -0.117, 0.013, -0.087, 0.0, 1.0, 0.0, 0.0, 0.0, 0.0, 0.0, 0.0, 1.0, 0.0, 0.0, 1.0, 0.0, 0.0, 0.0, 0.0, 22.0, 27.0, 27.0, 1
2166, 7.0, 7.0, -0.117, 0.013, -0.087, 0.0, 1.0, 0.0, 0.0, 0.0, 0.0, 0.0, 0.0, 1.0, 0.0, 0.0, 1.0, 0.0, 0.0, 0.0, 0.0, 22.0, 27.0, 27.0, 1
2166, 7.0, 7.0, -0.117, -0.117, 0.013, 0.0, 1.0, 0.0, 0.0, 0.0, 0.0, 0.0, 0.0, 1.0, 0.0, 0.0, 1.0, 0.0, 0.0, 0.0, 0.0, 22.0, 22.0, 27.0, 1
2166, 1.0, 7.0, 0.143, -0.117, 0.013, 0.0, 0.0, 0.0, 0.0, 1.0, 0.0, 0.0, 0.0, 1.0, 0.0, 0.0, 1.0, 0.0, 0.0, 0.0, 0.0, 3.0, 22.0, 27.0, 1
2166, 1.0, 7.0, 0.812, -0.117, -0.117, 0.0, 0.0, 0.0, 0.0, 0.0, 0.0, 1.0, 0.0, 1.0, 0.0, 0.0, 1.0, 0.0, 0.0, 0.0, 0.0, 38.0, 22.0, 22.0, 1
2166, 7.0, 7.0, -0.117, -0.117, 0.013, 0.0, 1.0, 0.0, 0.0, 0.0, 0.0, 0.0, 0.0, 1.0, 0.0, 0.0, 1.0, 0.0, 0.0, 0.0, 0.0, 22.0, 22.0, 195.0, 1
2166, 7.0, 7.0, -0.117, -0.117, -0.087, 0.0, 1.0, 0.0, 0.0, 0.0, 0.0, 0.0, 0.0, 1.0, 0.0, 0.0, 1.0, 0.0, 0.0, 0.0, 0.0, 22.0, 22.0, 27.0, 1
2166, 7.0, 7.0, -0.117, 0.013, -0.087, 0.0, 1.0, 0.0, 0.0, 0.0, 0.0, 0.0, 0.0, 1.0, 0.0, 0.0, 1.0, 0.0, 0.0, 0.0, 0.0, 22.0, 195.0, 195.0, 1
2166, 1.0, 7.0, 0.142, -0.117, -0.117, 0.0, 0.0, 0.0, 0.0, 1.0, 0.0, 0.0, 0.0, 1.0, 0.0, 0.0, 1.0, 0.0, 0.0, 0.0, 0.0, 3.0, 22.0, 22.0, 1
2166, 1.0, 7.0, 0.143, -0.117, -0.087, 0.0, 0.0, 0.0, 0.0, 1.0, 0.0, 0.0, 0.0, 1.0, 0.0, 0.0, 1.0, 0.0, 0.0, 0.0, 0.0, 3.0, 22.0, 27.0, 1
2166, 7.0, 7.0, -0.117, -0.117, 0.013, 0.0, 1.0, 0.0, 0.0, 0.0, 0.0, 0.0, 0.0, 1.0, 0.0, 0.0, 1.0, 0.0, 0.0, 0.0, 0.0, 22.0, 22.0, 27.0, 1
2166, 1.0, 7.0, 0.142, -0.117, -0.117, 0.0, 0.0, 0.0, 0.0, 1.0, 0.0, 0.0, 0.0, 1.0, 0.0, 0.0, 1.0, 0.0, 0.0, 0.0, 0.0, 3.0, 22.0, 22.0, 1
2166, 7.0, 7.0, -0.117, 0.013, -0.087, 0.0, 1.0, 0.0, 0.0, 0.0, 0.0, 0.0, 0.0, 1.0, 0.0, 0.0, 1.0, 0.0, 0.0, 0.0, 0.0, 22.0, 27.0, 27.0, 1
2166, 1.0, 7.0, 0.143, -0.117, -0.117, 0.0, 0.0, 0.0, 0.0, 1.0, 0.0, 0.0, 0.0, 1.0, 0.0, 0.0, 1.0, 0.0, 0.0, 0.0, 0.0, 3.0, 22.0, 22.0, 1
2166, 1.0, 7.0, 0.812, -0.117, -0.117, 0.0, 0.0, 0.0, 0.0, 0.0, 0.0, 1.0, 0.0, 1.0, 0.0, 0.0, 1.0, 0.0, 0.0, 0.0, 0.0, 38.0, 22.0, 22.0, 1
2166, 1.0, 7.0, 0.812, -0.117, 0.013, 0.0, 0.0, 0.0, 0.0, 0.0, 0.0, 1.0, 0.0, 1.0, 0.0, 0.0, 1.0, 0.0, 0.0, 0.0, 0.0, 38.0, 22.0, 195.0, 1
2166, 1.0, 2.0, -0.117, 0.812, -0.388, 0.0, 1.0, 0.0, 0.0, 0.0, 0.0, 0.0, 0.0, 0.0, 1.0, 0.0, 0.0, 0.0, 0.0, 0.0, 1.0, 22.0, 38.0, 40.0, 1
2166, 1.0, 2.0, -0.117, 0.812, -0.388, 0.0, 1.0, 0.0, 0.0, 0.0, 0.0, 0.0, 0.0, 0.0, 1.0, 0.0, 0.0, 0.0, 0.0, 0.0, 1.0, 22.0, 38.0, 40.0, 1
