@relation mutagenesis-chains
@attribute Chains-bag-id {5262, 5148, 1274, 3073, 2589, 4459, 251, 2308, 5500, 1483, 4728, 5291, 1522, 2487, 49, 5187, 955, 52, 3307, 4907, 5378, 2168, 2179, 1174, 371, 4364, 136, 2817, 2246, 5319, 256, 4880, 3769, 1705, 5399, 4267, 2232, 2096, 5156, 5117, 401, 1322, 4014, 5292, 3695, 2370, 965, 5481, 1885, 2810, 1406, 2187, 4839, 2693, 3556, 3597, 748, 201, 79, 4169, 4251, 4933, 2748, 1442, 3057, 5207, 4077, 3243, 3962, 4993, 3980, 4531, 3191, 2492, 1961, 3503, 4890, 1415, 2875, 2972, 2205, 4638, 5200, 3001, 2642, 1950, 3771, 3443, 4524, 4504, 2841, 4986, 3399, 2195, 2665, 4716, 4886, 1494, 4002, 2521, 2519, 1434, 518, 2345, 3974, 1077, 4418, 364, 3439, 2166, 447, 5122, 4403, 1300, 3937, 1180, 534, 4090, 1165, 3349, 4429, 5180, 2714, 512, 2280, 3438, 1832, 4401, 3883, 4, 2165, 2139, 1410, 972, 1430, 4398, 2802, 1807, 4140, 5278, 3601, 580, 2421, 3265, 3350, 1636, 1136, 1433, 5160, 916, 2943, 2282, 4368, 5424, 4805, 3396, 3585, 263, 495, 4629, 2586, 2826, 2813, 5379, 1604, 572, 2648, 4772, 958, 2889, 472, 4710, 1154, 4271, 3495, 2447, 1480, 5146, 2852, 1665, 4945, 3129, 3232, 4520, 1248, 4458, 3103, 4835}
@attribute Bond1 real [1.0, 7.0]
@attribute Bond2 real [1.0, 7.0]
@attribute Charge1 real [-0.781, 1.002]
@attribute Charge2 real [-0.781, 1.002]
@attribute Charge3 real [-0.755, 0.597]
@attribute E1=br real [0.0, 1.0]
@attribute E1=c real [0.0, 1.0]
@attribute E1=cl real [0.0, 1.0]
@attribute E1=f real [0.0, 1.0]
@attribute E1=h real [0.0, 1.0]
@attribute E1=i real [0.0, 1.0]
@attribute E1=n real [0.0, 1.0]
@attribute E1=o real [0.0, 1.0]
@attribute E2=c real [0.0, 1.0]
@attribute E2=n real [0.0, 1.0]
@attribute E2=o real [0.0, 1.0]
@attribute E3=c real [0.0, 1.0]
@attribute E3=f real [0.0, 1.0]
@attribute E3=h real [0.0, 1.0]
@attribute E3=n real [0.0, 1.0]
@attribute E3=o real [0.0, 1.0]
@attribute Q1 real [1.0, 232.0]
@attribute Q2 real [10.0, 232.0]
@attribute Q3 real [1.0, 195.0]
@attribute Class {0, 1}
@inputs Chains-bag-id, Bond1, Bond2, Charge1, Charge2, Charge3, E1=br, E1=c, E1=cl, E1=f, E1=h, E1=i, E1=n, E1=o, E2=c, E2=n, E2=o, E3=c, E3=f, E3=h, E3=n, E3=o, Q1, Q2, Q3
@outputs Class
@data
1807, 7.0, 7.0, -0.107, -0.107, 0.323, 0.0, 1.0, 0.0, 0.0, 0.0, 0.0, 0.0, 0.0, 1.0, 0.0, 0.0, 1.0, 0.0, 0.0, 0.0, 0.0, 22.0, 22.0, 26.0, 0
1807, 1.0, 7.0, 0.823, -0.107, -0.107, 0.0, 0.0, 0.0, 0.0, 0.0, 0.0, 1.0, 0.0, 1.0, 0.0, 0.0, 1.0, 0.0, 0.0, 0.0, 0.0, 38.0, 22.0, 22.0, 0
1807, 7.0, 7.0, -0.107, 0.323, 0.123, 0.0, 1.0, 0.0, 0.0, 0.0, 0.0, 0.0, 0.0, 1.0, 0.0, 0.0, 1.0, 0.0, 0.0, 0.0, 0.0, 22.0, 26.0, 26.0, 0
1807, 7.0, 7.0, -0.107, 0.323, -0.517, 0.0, 1.0, 0.0, 0.0, 0.0, 0.0, 0.0, 0.0, 1.0, 0.0, 0.0, 0.0, 0.0, 0.0, 1.0, 0.0, 22.0, 26.0, 34.0, 0
1807, 7.0, 7.0, -0.107, 0.123, 0.323, 0.0, 1.0, 0.0, 0.0, 0.0, 0.0, 0.0, 0.0, 1.0, 0.0, 0.0, 1.0, 0.0, 0.0, 0.0, 0.0, 22.0, 26.0, 26.0, 0
1807, 7.0, 7.0, -0.107, 0.123, 0.323, 0.0, 1.0, 0.0, 0.0, 0.0, 0.0, 0.0, 0.0, 1.0, 0.0, 0.0, 1.0, 0.0, 0.0, 0.0, 0.0, 21.0, 26.0, 26.0, 0
1807, 7.0, 7.0, -0.107, -0.107, 0.123, 0.0, 1.0, 0.0, 0.0, 0.0, 0.0, 0.0, 0.0, 1.0, 0.0, 0.0, 1.0, 0.0, 0.0, 0.0, 0.0, 22.0, 22.0, 26.0, 0
1807, 1.0, 7.0, 0.123, -0.107, 0.123, 0.0, 0.0, 0.0, 0.0, 1.0, 0.0, 0.0, 0.0, 1.0, 0.0, 0.0, 1.0, 0.0, 0.0, 0.0, 0.0, 3.0, 22.0, 26.0, 0
1807, 1.0, 7.0, 0.153, -0.107, -0.107, 0.0, 0.0, 0.0, 0.0, 1.0, 0.0, 0.0, 0.0, 1.0, 0.0, 0.0, 1.0, 0.0, 0.0, 0.0, 0.0, 3.0, 22.0, 22.0, 0
1807, 1.0, 7.0, 0.153, -0.107, -0.107, 0.0, 0.0, 0.0, 0.0, 1.0, 0.0, 0.0, 0.0, 1.0, 0.0, 0.0, 1.0, 0.0, 0.0, 0.0, 0.0, 3.0, 22.0, 22.0, 0
1807, 7.0, 7.0, 0.323, -0.517, -0.377, 0.0, 1.0, 0.0, 0.0, 0.0, 0.0, 0.0, 0.0, 0.0, 1.0, 0.0, 0.0, 0.0, 0.0, 1.0, 0.0, 26.0, 34.0, 34.0, 0
1807, 1.0, 7.0, 0.113, -0.517, 0.323, 0.0, 1.0, 0.0, 0.0, 0.0, 0.0, 0.0, 0.0, 0.0, 1.0, 0.0, 1.0, 0.0, 0.0, 0.0, 0.0, 10.0, 34.0, 26.0, 0
1807, 7.0, 7.0, -0.107, -0.377, -0.517, 0.0, 1.0, 0.0, 0.0, 0.0, 0.0, 0.0, 0.0, 0.0, 1.0, 0.0, 0.0, 0.0, 0.0, 1.0, 0.0, 21.0, 34.0, 34.0, 0
1807, 7.0, 7.0, 0.123, -0.107, -0.377, 0.0, 1.0, 0.0, 0.0, 0.0, 0.0, 0.0, 0.0, 1.0, 0.0, 0.0, 0.0, 0.0, 0.0, 1.0, 0.0, 26.0, 21.0, 34.0, 0
1807, 1.0, 7.0, 0.153, -0.107, 0.123, 0.0, 0.0, 0.0, 0.0, 1.0, 0.0, 0.0, 0.0, 1.0, 0.0, 0.0, 1.0, 0.0, 0.0, 0.0, 0.0, 3.0, 21.0, 26.0, 0
1807, 7.0, 7.0, -0.107, -0.377, -0.517, 0.0, 1.0, 0.0, 0.0, 0.0, 0.0, 0.0, 0.0, 0.0, 1.0, 0.0, 0.0, 0.0, 0.0, 1.0, 0.0, 21.0, 34.0, 34.0, 0
1807, 1.0, 1.0, 0.073, 0.113, -0.517, 0.0, 0.0, 0.0, 0.0, 1.0, 0.0, 0.0, 0.0, 1.0, 0.0, 0.0, 0.0, 0.0, 0.0, 1.0, 0.0, 3.0, 10.0, 34.0, 0
1807, 1.0, 1.0, 0.073, 0.113, -0.517, 0.0, 0.0, 0.0, 0.0, 1.0, 0.0, 0.0, 0.0, 1.0, 0.0, 0.0, 0.0, 0.0, 0.0, 1.0, 0.0, 3.0, 10.0, 34.0, 0
1807, 1.0, 2.0, -0.107, 0.823, -0.377, 0.0, 1.0, 0.0, 0.0, 0.0, 0.0, 0.0, 0.0, 0.0, 1.0, 0.0, 0.0, 0.0, 0.0, 0.0, 1.0, 22.0, 38.0, 40.0, 0
1807, 1.0, 1.0, 0.073, 0.113, -0.517, 0.0, 0.0, 0.0, 0.0, 1.0, 0.0, 0.0, 0.0, 1.0, 0.0, 0.0, 0.0, 0.0, 0.0, 1.0, 0.0, 3.0, 10.0, 34.0, 0
1807, 1.0, 2.0, -0.107, 0.823, -0.377, 0.0, 1.0, 0.0, 0.0, 0.0, 0.0, 0.0, 0.0, 0.0, 1.0, 0.0, 0.0, 0.0, 0.0, 0.0, 1.0, 22.0, 38.0, 40.0, 0
4805, 1.0, 7.0, 0.13, -0.13, -0.13, 0.0, 0.0, 0.0, 0.0, 1.0, 0.0, 0.0, 0.0, 1.0, 0.0, 0.0, 1.0, 0.0, 0.0, 0.0, 0.0, 3.0, 22.0, 22.0, 0
4805, 1.0, 7.0, 0.13, -0.13, -0.13, 0.0, 0.0, 0.0, 0.0, 1.0, 0.0, 0.0, 0.0, 1.0, 0.0, 0.0, 1.0, 0.0, 0.0, 0.0, 0.0, 3.0, 22.0, 22.0, 0
4805, 7.0, 7.0, -0.13, -0.13, 0.18, 0.0, 1.0, 0.0, 0.0, 0.0, 0.0, 0.0, 0.0, 1.0, 0.0, 0.0, 1.0, 0.0, 0.0, 0.0, 0.0, 22.0, 22.0, 22.0, 0
4805, 1.0, 7.0, 0.8, -0.13, -0.13, 0.0, 0.0, 0.0, 0.0, 0.0, 0.0, 1.0, 0.0, 1.0, 0.0, 0.0, 1.0, 0.0, 0.0, 0.0, 0.0, 38.0, 22.0, 22.0, 0
4805, 1.0, 7.0, -0.23, 0.18, -0.13, 0.0, 0.0, 0.0, 0.0, 0.0, 0.0, 0.0, 1.0, 1.0, 0.0, 0.0, 1.0, 0.0, 0.0, 0.0, 0.0, 50.0, 22.0, 22.0, 0
4805, 7.0, 7.0, -0.13, -0.13, 0.18, 0.0, 1.0, 0.0, 0.0, 0.0, 0.0, 0.0, 0.0, 1.0, 0.0, 0.0, 1.0, 0.0, 0.0, 0.0, 0.0, 22.0, 22.0, 22.0, 0
4805, 1.0, 7.0, 0.13, -0.13, 0.18, 0.0, 0.0, 0.0, 0.0, 1.0, 0.0, 0.0, 0.0, 1.0, 0.0, 0.0, 1.0, 0.0, 0.0, 0.0, 0.0, 3.0, 22.0, 22.0, 0
4805, 1.0, 7.0, 0.13, -0.13, -0.13, 0.0, 0.0, 0.0, 0.0, 1.0, 0.0, 0.0, 0.0, 1.0, 0.0, 0.0, 1.0, 0.0, 0.0, 0.0, 0.0, 3.0, 22.0, 22.0, 0
4805, 1.0, 7.0, -0.23, 0.18, -0.13, 0.0, 0.0, 0.0, 0.0, 0.0, 0.0, 0.0, 1.0, 1.0, 0.0, 0.0, 1.0, 0.0, 0.0, 0.0, 0.0, 50.0, 22.0, 22.0, 0
4805, 1.0, 7.0, -0.23, 0.18, -0.13, 0.0, 0.0, 0.0, 0.0, 0.0, 0.0, 0.0, 1.0, 1.0, 0.0, 0.0, 1.0, 0.0, 0.0, 0.0, 0.0, 50.0, 22.0, 22.0, 0
4805, 7.0, 7.0, -0.13, -0.13, 0.18, 0.0, 1.0, 0.0, 0.0, 0.0, 0.0, 0.0, 0.0, 1.0, 0.0, 0.0, 1.0, 0.0, 0.0, 0.0, 0.0, 22.0, 22.0, 22.0, 0
4805, 1.0, 7.0, 0.13, -0.13, 0.18, 0.0, 0.0, 0.0, 0.0, 1.0, 0.0, 0.0, 0.0, 1.0, 0.0, 0.0, 1.0, 0.0, 0.0, 0.0, 0.0, 3.0, 22.0, 22.0, 0
4805, 1.0, 7.0, 0.13, -0.13, -0.13, 0.0, 0.0, 0.0, 0.0, 1.0, 0.0, 0.0, 0.0, 1.0, 0.0, 0.0, 1.0, 0.0, 0.0, 0.0, 0.0, 3.0, 22.0, 22.0, 0
4805, 1.0, 7.0, 0.13, -0.13, -0.13, 0.0, 0.0, 0.0, 0.0, 1.0, 0.0, 0.0, 0.0, 1.0, 0.0, 0.0, 1.0, 0.0, 0.0, 0.0, 0.0, 3.0, 22.0, 22.0, 0
4805, 1.0, 7.0, 0.13, -0.13, -0.13, 0.0, 0.0, 0.0, 0.0, 1.0, 0.0, 0.0, 0.0, 1.0, 0.0, 0.0, 1.0, 0.0, 0.0, 0.0, 0.0, 3.0, 22.0, 22.0, 0
4805, 7.0, 7.0, -0.13, -0.13, 0.18, 0.0, 1.0, 0.0, 0.0, 0.0, 0.0, 0.0, 0.0, 1.0, 0.0, 0.0, 1.0, 0.0, 0.0, 0.0, 0.0, 22.0, 22.0, 22.0, 0
4805, 1.0, 7.0, -0.23, 0.18, -0.13, 0.0, 0.0, 0.0, 0.0, 0.0, 0.0, 0.0, 1.0, 1.0, 0.0, 0.0, 1.0, 0.0, 0.0, 0.0, 0.0, 50.0, 22.0, 22.0, 0
4805, 1.0, 7.0, 0.13, -0.13, -0.13, 0.0, 0.0, 0.0, 0.0, 1.0, 0.0, 0.0, 0.0, 1.0, 0.0, 0.0, 1.0, 0.0, 0.0, 0.0, 0.0, 3.0, 22.0, 22.0, 0
4805, 1.0, 2.0, -0.13, 0.8, -0.4, 0.0, 1.0, 0.0, 0.0, 0.0, 0.0, 0.0, 0.0, 0.0, 1.0, 0.0, 0.0, 0.0, 0.0, 0.0, 1.0, 22.0, 38.0, 40.0, 0
4805, 1.0, 2.0, -0.13, 0.8, -0.4, 0.0, 1.0, 0.0, 0.0, 0.0, 0.0, 0.0, 0.0, 0.0, 1.0, 0.0, 0.0, 0.0, 0.0, 0.0, 1.0, 22.0, 38.0, 40.0, 0
4710, 7.0, 7.0, -0.128, -0.128, 0.202, 0.0, 1.0, 0.0, 0.0, 0.0, 0.0, 0.0, 0.0, 1.0, 0.0, 0.0, 1.0, 0.0, 0.0, 0.0, 0.0, 22.0, 22.0, 22.0, 0
4710, 1.0, 7.0, 0.132, -0.128, -0.128, 0.0, 0.0, 0.0, 0.0, 1.0, 0.0, 0.0, 0.0, 1.0, 0.0, 0.0, 1.0, 0.0, 0.0, 0.0, 0.0, 3.0, 22.0, 22.0, 0
4710, 7.0, 7.0, -0.128, 0.202, 0.0020, 0.0, 1.0, 0.0, 0.0, 0.0, 0.0, 0.0, 0.0, 1.0, 0.0, 0.0, 1.0, 0.0, 0.0, 0.0, 0.0, 22.0, 22.0, 22.0, 0
4710, 1.0, 7.0, -0.398, 0.202, -0.128, 0.0, 0.0, 0.0, 0.0, 0.0, 0.0, 1.0, 0.0, 1.0, 0.0, 0.0, 1.0, 0.0, 0.0, 0.0, 0.0, 32.0, 22.0, 22.0, 0
4710, 7.0, 7.0, -0.128, 0.0020, 0.202, 0.0, 1.0, 0.0, 0.0, 0.0, 0.0, 0.0, 0.0, 1.0, 0.0, 0.0, 1.0, 0.0, 0.0, 0.0, 0.0, 22.0, 22.0, 22.0, 0
4710, 1.0, 7.0, 0.551, 0.0020, 0.202, 0.0, 1.0, 0.0, 0.0, 0.0, 0.0, 0.0, 0.0, 1.0, 0.0, 0.0, 1.0, 0.0, 0.0, 0.0, 0.0, 14.0, 22.0, 22.0, 0
4710, 7.0, 7.0, -0.128, -0.128, 0.0020, 0.0, 1.0, 0.0, 0.0, 0.0, 0.0, 0.0, 0.0, 1.0, 0.0, 0.0, 1.0, 0.0, 0.0, 0.0, 0.0, 22.0, 22.0, 22.0, 0
4710, 1.0, 7.0, 0.132, -0.128, 0.0020, 0.0, 0.0, 0.0, 0.0, 1.0, 0.0, 0.0, 0.0, 1.0, 0.0, 0.0, 1.0, 0.0, 0.0, 0.0, 0.0, 3.0, 22.0, 22.0, 0
4710, 1.0, 7.0, 0.801, -0.128, -0.128, 0.0, 0.0, 0.0, 0.0, 0.0, 0.0, 1.0, 0.0, 1.0, 0.0, 0.0, 1.0, 0.0, 0.0, 0.0, 0.0, 38.0, 22.0, 22.0, 0
4710, 1.0, 7.0, 0.132, -0.128, -0.128, 0.0, 0.0, 0.0, 0.0, 1.0, 0.0, 0.0, 0.0, 1.0, 0.0, 0.0, 1.0, 0.0, 0.0, 0.0, 0.0, 3.0, 22.0, 22.0, 0
4710, 1.0, 1.0, 0.601, -0.398, 0.202, 0.0, 1.0, 0.0, 0.0, 0.0, 0.0, 0.0, 0.0, 0.0, 1.0, 0.0, 1.0, 0.0, 0.0, 0.0, 0.0, 14.0, 32.0, 22.0, 0
4710, 1.0, 1.0, 0.202, -0.398, 0.252, 0.0, 1.0, 0.0, 0.0, 0.0, 0.0, 0.0, 0.0, 0.0, 1.0, 0.0, 0.0, 0.0, 1.0, 0.0, 0.0, 22.0, 32.0, 1.0, 0
4710, 1.0, 1.0, 0.551, 0.601, -0.398, 0.0, 1.0, 0.0, 0.0, 0.0, 0.0, 0.0, 0.0, 1.0, 0.0, 0.0, 0.0, 0.0, 0.0, 1.0, 0.0, 14.0, 14.0, 32.0, 0
4710, 1.0, 2.0, -0.398, 0.601, -0.549, 0.0, 0.0, 0.0, 0.0, 0.0, 0.0, 1.0, 0.0, 1.0, 0.0, 0.0, 0.0, 0.0, 0.0, 0.0, 1.0, 32.0, 14.0, 40.0, 0
4710, 1.0, 1.0, 0.601, 0.551, 0.0020, 0.0, 1.0, 0.0, 0.0, 0.0, 0.0, 0.0, 0.0, 1.0, 0.0, 0.0, 1.0, 0.0, 0.0, 0.0, 0.0, 14.0, 14.0, 22.0, 0
4710, 1.0, 2.0, 0.601, 0.551, -0.549, 0.0, 1.0, 0.0, 0.0, 0.0, 0.0, 0.0, 0.0, 1.0, 0.0, 0.0, 0.0, 0.0, 0.0, 0.0, 1.0, 14.0, 14.0, 40.0, 0
4710, 1.0, 7.0, 0.551, 0.0020, 0.202, 0.0, 1.0, 0.0, 0.0, 0.0, 0.0, 0.0, 0.0, 1.0, 0.0, 0.0, 1.0, 0.0, 0.0, 0.0, 0.0, 14.0, 22.0, 22.0, 0
4710, 1.0, 7.0, 0.551, 0.0020, -0.128, 0.0, 1.0, 0.0, 0.0, 0.0, 0.0, 0.0, 0.0, 1.0, 0.0, 0.0, 1.0, 0.0, 0.0, 0.0, 0.0, 14.0, 22.0, 22.0, 0
4710, 1.0, 2.0, -0.128, 0.801, -0.399, 0.0, 1.0, 0.0, 0.0, 0.0, 0.0, 0.0, 0.0, 0.0, 1.0, 0.0, 0.0, 0.0, 0.0, 0.0, 1.0, 22.0, 38.0, 40.0, 0
4710, 1.0, 2.0, -0.128, 0.801, -0.398, 0.0, 1.0, 0.0, 0.0, 0.0, 0.0, 0.0, 0.0, 0.0, 1.0, 0.0, 0.0, 0.0, 0.0, 0.0, 1.0, 22.0, 38.0, 40.0, 0
4710, 1.0, 2.0, -0.128, 0.801, -0.399, 0.0, 1.0, 0.0, 0.0, 0.0, 0.0, 0.0, 0.0, 0.0, 1.0, 0.0, 0.0, 0.0, 0.0, 0.0, 1.0, 22.0, 38.0, 40.0, 0
4710, 2.0, 2.0, -0.399, 0.801, -0.398, 0.0, 0.0, 0.0, 0.0, 0.0, 0.0, 0.0, 1.0, 0.0, 1.0, 0.0, 0.0, 0.0, 0.0, 0.0, 1.0, 40.0, 38.0, 40.0, 0
1410, 7.0, 7.0, -0.068, -0.068, -0.038, 0.0, 1.0, 0.0, 0.0, 0.0, 0.0, 0.0, 0.0, 1.0, 0.0, 0.0, 1.0, 0.0, 0.0, 0.0, 0.0, 22.0, 22.0, 26.0, 0
1410, 1.0, 7.0, 0.191, -0.068, -0.068, 0.0, 0.0, 0.0, 0.0, 1.0, 0.0, 0.0, 0.0, 1.0, 0.0, 0.0, 1.0, 0.0, 0.0, 0.0, 0.0, 3.0, 22.0, 22.0, 0
1410, 7.0, 7.0, -0.068, -0.038, -0.038, 0.0, 1.0, 0.0, 0.0, 0.0, 0.0, 0.0, 0.0, 1.0, 0.0, 0.0, 1.0, 0.0, 0.0, 0.0, 0.0, 22.0, 26.0, 26.0, 0
1410, 7.0, 7.0, -0.068, -0.038, -0.479, 0.0, 1.0, 0.0, 0.0, 0.0, 0.0, 0.0, 0.0, 1.0, 0.0, 0.0, 0.0, 0.0, 0.0, 1.0, 0.0, 22.0, 26.0, 34.0, 0
1410, 7.0, 7.0, -0.068, -0.038, -0.038, 0.0, 1.0, 0.0, 0.0, 0.0, 0.0, 0.0, 0.0, 1.0, 0.0, 0.0, 1.0, 0.0, 0.0, 0.0, 0.0, 22.0, 26.0, 26.0, 0
1410, 7.0, 7.0, -0.038, -0.038, -0.479, 0.0, 1.0, 0.0, 0.0, 0.0, 0.0, 0.0, 0.0, 1.0, 0.0, 0.0, 0.0, 0.0, 0.0, 1.0, 0.0, 26.0, 26.0, 34.0, 0
1410, 7.0, 7.0, -0.068, -0.068, -0.038, 0.0, 1.0, 0.0, 0.0, 0.0, 0.0, 0.0, 0.0, 1.0, 0.0, 0.0, 1.0, 0.0, 0.0, 0.0, 0.0, 22.0, 22.0, 26.0, 0
1410, 1.0, 7.0, 0.191, -0.068, -0.038, 0.0, 0.0, 0.0, 0.0, 1.0, 0.0, 0.0, 0.0, 1.0, 0.0, 0.0, 1.0, 0.0, 0.0, 0.0, 0.0, 3.0, 22.0, 26.0, 0
1410, 1.0, 7.0, 0.861, -0.068, -0.068, 0.0, 0.0, 0.0, 0.0, 0.0, 0.0, 1.0, 0.0, 1.0, 0.0, 0.0, 1.0, 0.0, 0.0, 0.0, 0.0, 38.0, 22.0, 22.0, 0
1410, 1.0, 7.0, 0.191, -0.068, -0.068, 0.0, 0.0, 0.0, 0.0, 1.0, 0.0, 0.0, 0.0, 1.0, 0.0, 0.0, 1.0, 0.0, 0.0, 0.0, 0.0, 3.0, 22.0, 22.0, 0
1410, 7.0, 7.0, 0.062, -0.479, -0.038, 0.0, 1.0, 0.0, 0.0, 0.0, 0.0, 0.0, 0.0, 0.0, 1.0, 0.0, 1.0, 0.0, 0.0, 0.0, 0.0, 21.0, 34.0, 26.0, 0
1410, 1.0, 7.0, 0.152, 0.062, -0.479, 0.0, 1.0, 0.0, 0.0, 0.0, 0.0, 0.0, 0.0, 1.0, 0.0, 0.0, 0.0, 0.0, 0.0, 1.0, 0.0, 10.0, 21.0, 34.0, 0
1410, 7.0, 7.0, 0.062, -0.479, -0.038, 0.0, 1.0, 0.0, 0.0, 0.0, 0.0, 0.0, 0.0, 0.0, 1.0, 0.0, 1.0, 0.0, 0.0, 0.0, 0.0, 21.0, 34.0, 26.0, 0
1410, 1.0, 7.0, 0.152, 0.062, -0.479, 0.0, 1.0, 0.0, 0.0, 0.0, 0.0, 0.0, 0.0, 1.0, 0.0, 0.0, 0.0, 0.0, 0.0, 1.0, 0.0, 10.0, 21.0, 34.0, 0
1410, 1.0, 1.0, 0.062, 0.152, 0.112, 0.0, 1.0, 0.0, 0.0, 0.0, 0.0, 0.0, 0.0, 1.0, 0.0, 0.0, 0.0, 0.0, 1.0, 0.0, 0.0, 21.0, 10.0, 3.0, 0
1410, 1.0, 1.0, 0.062, 0.152, 0.112, 0.0, 1.0, 0.0, 0.0, 0.0, 0.0, 0.0, 0.0, 1.0, 0.0, 0.0, 0.0, 0.0, 1.0, 0.0, 0.0, 21.0, 10.0, 3.0, 0
1410, 1.0, 2.0, -0.068, 0.861, -0.339, 0.0, 1.0, 0.0, 0.0, 0.0, 0.0, 0.0, 0.0, 0.0, 1.0, 0.0, 0.0, 0.0, 0.0, 0.0, 1.0, 22.0, 38.0, 40.0, 0
1410, 1.0, 1.0, 0.062, 0.152, 0.112, 0.0, 1.0, 0.0, 0.0, 0.0, 0.0, 0.0, 0.0, 1.0, 0.0, 0.0, 0.0, 0.0, 1.0, 0.0, 0.0, 21.0, 10.0, 3.0, 0
1410, 1.0, 2.0, -0.068, 0.861, -0.339, 0.0, 1.0, 0.0, 0.0, 0.0, 0.0, 0.0, 0.0, 0.0, 1.0, 0.0, 0.0, 0.0, 0.0, 0.0, 1.0, 22.0, 38.0, 40.0, 0
958, 7.0, 7.0, -0.111, -0.111, -0.081, 0.0, 1.0, 0.0, 0.0, 0.0, 0.0, 0.0, 0.0, 1.0, 0.0, 0.0, 1.0, 0.0, 0.0, 0.0, 0.0, 22.0, 22.0, 27.0, 0
958, 1.0, 7.0, 0.818, -0.111, -0.111, 0.0, 0.0, 0.0, 0.0, 0.0, 0.0, 1.0, 0.0, 1.0, 0.0, 0.0, 1.0, 0.0, 0.0, 0.0, 0.0, 38.0, 22.0, 22.0, 0
958, 7.0, 7.0, -0.111, -0.081, 0.019, 0.0, 1.0, 0.0, 0.0, 0.0, 0.0, 0.0, 0.0, 1.0, 0.0, 0.0, 1.0, 0.0, 0.0, 0.0, 0.0, 22.0, 27.0, 27.0, 0
958, 7.0, 7.0, -0.111, -0.081, -0.752, 0.0, 1.0, 0.0, 0.0, 0.0, 0.0, 0.0, 0.0, 1.0, 0.0, 0.0, 0.0, 0.0, 0.0, 1.0, 0.0, 22.0, 27.0, 35.0, 0
958, 7.0, 7.0, -0.111, 0.019, -0.081, 0.0, 1.0, 0.0, 0.0, 0.0, 0.0, 0.0, 0.0, 1.0, 0.0, 0.0, 1.0, 0.0, 0.0, 0.0, 0.0, 22.0, 27.0, 27.0, 0
958, 7.0, 7.0, -0.111, 0.019, -0.081, 0.0, 1.0, 0.0, 0.0, 0.0, 0.0, 0.0, 0.0, 1.0, 0.0, 0.0, 1.0, 0.0, 0.0, 0.0, 0.0, 22.0, 27.0, 27.0, 0
958, 7.0, 7.0, 0.198, -0.111, 0.019, 0.0, 1.0, 0.0, 0.0, 0.0, 0.0, 0.0, 0.0, 1.0, 0.0, 0.0, 1.0, 0.0, 0.0, 0.0, 0.0, 22.0, 22.0, 27.0, 0
958, 1.0, 7.0, 0.149, -0.111, 0.019, 0.0, 0.0, 0.0, 0.0, 1.0, 0.0, 0.0, 0.0, 1.0, 0.0, 0.0, 1.0, 0.0, 0.0, 0.0, 0.0, 3.0, 22.0, 27.0, 0
958, 1.0, 7.0, -0.212, 0.198, -0.111, 0.0, 0.0, 0.0, 0.0, 0.0, 0.0, 0.0, 1.0, 1.0, 0.0, 0.0, 1.0, 0.0, 0.0, 0.0, 0.0, 50.0, 22.0, 22.0, 0
958, 7.0, 7.0, -0.111, -0.111, 0.198, 0.0, 1.0, 0.0, 0.0, 0.0, 0.0, 0.0, 0.0, 1.0, 0.0, 0.0, 1.0, 0.0, 0.0, 0.0, 0.0, 22.0, 22.0, 22.0, 0
958, 1.0, 7.0, 0.149, -0.111, 0.198, 0.0, 0.0, 0.0, 0.0, 1.0, 0.0, 0.0, 0.0, 1.0, 0.0, 0.0, 1.0, 0.0, 0.0, 0.0, 0.0, 3.0, 22.0, 22.0, 0
958, 7.0, 7.0, 0.268, -0.752, -0.081, 0.0, 1.0, 0.0, 0.0, 0.0, 0.0, 0.0, 0.0, 0.0, 1.0, 0.0, 1.0, 0.0, 0.0, 0.0, 0.0, 22.0, 35.0, 27.0, 0
958, 7.0, 7.0, -0.111, 0.268, -0.752, 0.0, 1.0, 0.0, 0.0, 0.0, 0.0, 0.0, 0.0, 1.0, 0.0, 0.0, 0.0, 0.0, 0.0, 1.0, 0.0, 22.0, 22.0, 35.0, 0
958, 1.0, 7.0, 0.149, 0.268, -0.752, 0.0, 0.0, 0.0, 0.0, 1.0, 0.0, 0.0, 0.0, 1.0, 0.0, 0.0, 0.0, 0.0, 0.0, 1.0, 0.0, 3.0, 22.0, 35.0, 0
958, 7.0, 7.0, -0.111, -0.111, 0.268, 0.0, 1.0, 0.0, 0.0, 0.0, 0.0, 0.0, 0.0, 1.0, 0.0, 0.0, 1.0, 0.0, 0.0, 0.0, 0.0, 22.0, 22.0, 22.0, 0
958, 1.0, 7.0, 0.149, -0.111, 0.268, 0.0, 0.0, 0.0, 0.0, 1.0, 0.0, 0.0, 0.0, 1.0, 0.0, 0.0, 1.0, 0.0, 0.0, 0.0, 0.0, 3.0, 22.0, 22.0, 0
958, 1.0, 7.0, 0.149, -0.111, -0.111, 0.0, 0.0, 0.0, 0.0, 1.0, 0.0, 0.0, 0.0, 1.0, 0.0, 0.0, 1.0, 0.0, 0.0, 0.0, 0.0, 3.0, 22.0, 22.0, 0
958, 7.0, 7.0, -0.111, -0.111, 0.019, 0.0, 1.0, 0.0, 0.0, 0.0, 0.0, 0.0, 0.0, 1.0, 0.0, 0.0, 1.0, 0.0, 0.0, 0.0, 0.0, 22.0, 22.0, 27.0, 0
958, 1.0, 2.0, -0.111, 0.818, -0.382, 0.0, 1.0, 0.0, 0.0, 0.0, 0.0, 0.0, 0.0, 0.0, 1.0, 0.0, 0.0, 0.0, 0.0, 0.0, 1.0, 22.0, 38.0, 40.0, 0
958, 7.0, 7.0, -0.111, 0.019, -0.081, 0.0, 1.0, 0.0, 0.0, 0.0, 0.0, 0.0, 0.0, 1.0, 0.0, 0.0, 1.0, 0.0, 0.0, 0.0, 0.0, 22.0, 27.0, 27.0, 0
958, 1.0, 1.0, 0.109, -0.212, 0.198, 0.0, 1.0, 0.0, 0.0, 0.0, 0.0, 0.0, 0.0, 0.0, 0.0, 1.0, 1.0, 0.0, 0.0, 0.0, 0.0, 10.0, 50.0, 22.0, 0
958, 1.0, 2.0, -0.111, 0.818, -0.382, 0.0, 1.0, 0.0, 0.0, 0.0, 0.0, 0.0, 0.0, 0.0, 1.0, 0.0, 0.0, 0.0, 0.0, 0.0, 1.0, 22.0, 38.0, 40.0, 0
958, 1.0, 1.0, 0.069, 0.109, -0.212, 0.0, 0.0, 0.0, 0.0, 1.0, 0.0, 0.0, 0.0, 1.0, 0.0, 0.0, 0.0, 0.0, 0.0, 0.0, 1.0, 3.0, 10.0, 50.0, 0
958, 1.0, 1.0, 0.069, 0.109, -0.212, 0.0, 0.0, 0.0, 0.0, 1.0, 0.0, 0.0, 0.0, 1.0, 0.0, 0.0, 0.0, 0.0, 0.0, 0.0, 1.0, 3.0, 10.0, 50.0, 0
958, 1.0, 1.0, 0.069, 0.109, -0.212, 0.0, 0.0, 0.0, 0.0, 1.0, 0.0, 0.0, 0.0, 1.0, 0.0, 0.0, 0.0, 0.0, 0.0, 0.0, 1.0, 3.0, 10.0, 50.0, 0
4090, 7.0, 7.0, -0.118, -0.118, 0.012, 0.0, 1.0, 0.0, 0.0, 0.0, 0.0, 0.0, 0.0, 1.0, 0.0, 0.0, 1.0, 0.0, 0.0, 0.0, 0.0, 22.0, 22.0, 27.0, 0
4090, 1.0, 7.0, 0.142, -0.118, -0.118, 0.0, 0.0, 0.0, 0.0, 1.0, 0.0, 0.0, 0.0, 1.0, 0.0, 0.0, 1.0, 0.0, 0.0, 0.0, 0.0, 3.0, 22.0, 22.0, 0
4090, 7.0, 7.0, -0.118, 0.012, 0.012, 0.0, 1.0, 0.0, 0.0, 0.0, 0.0, 0.0, 0.0, 1.0, 0.0, 0.0, 1.0, 0.0, 0.0, 0.0, 0.0, 22.0, 27.0, 27.0, 0
4090, 7.0, 7.0, -0.118, 0.012, 0.012, 0.0, 1.0, 0.0, 0.0, 0.0, 0.0, 0.0, 0.0, 1.0, 0.0, 0.0, 1.0, 0.0, 0.0, 0.0, 0.0, 22.0, 27.0, 27.0, 0
4090, 7.0, 7.0, -0.118, 0.012, 0.012, 0.0, 1.0, 0.0, 0.0, 0.0, 0.0, 0.0, 0.0, 1.0, 0.0, 0.0, 1.0, 0.0, 0.0, 0.0, 0.0, 22.0, 27.0, 27.0, 0
4090, 7.0, 7.0, -0.118, -0.118, 0.012, 0.0, 1.0, 0.0, 0.0, 0.0, 0.0, 0.0, 0.0, 1.0, 0.0, 0.0, 1.0, 0.0, 0.0, 0.0, 0.0, 22.0, 22.0, 27.0, 0
4090, 1.0, 7.0, 0.142, -0.118, 0.012, 0.0, 0.0, 0.0, 0.0, 1.0, 0.0, 0.0, 0.0, 1.0, 0.0, 0.0, 1.0, 0.0, 0.0, 0.0, 0.0, 3.0, 22.0, 27.0, 0
4090, 1.0, 7.0, 0.142, -0.118, -0.118, 0.0, 0.0, 0.0, 0.0, 1.0, 0.0, 0.0, 0.0, 1.0, 0.0, 0.0, 1.0, 0.0, 0.0, 0.0, 0.0, 3.0, 22.0, 22.0, 0
4090, 1.0, 7.0, 0.142, -0.118, -0.118, 0.0, 0.0, 0.0, 0.0, 1.0, 0.0, 0.0, 0.0, 1.0, 0.0, 0.0, 1.0, 0.0, 0.0, 0.0, 0.0, 3.0, 22.0, 22.0, 0
4090, 7.0, 7.0, -0.118, -0.118, 0.012, 0.0, 1.0, 0.0, 0.0, 0.0, 0.0, 0.0, 0.0, 1.0, 0.0, 0.0, 1.0, 0.0, 0.0, 0.0, 0.0, 22.0, 22.0, 27.0, 0
4090, 1.0, 7.0, 0.142, -0.118, 0.012, 0.0, 0.0, 0.0, 0.0, 1.0, 0.0, 0.0, 0.0, 1.0, 0.0, 0.0, 1.0, 0.0, 0.0, 0.0, 0.0, 3.0, 22.0, 27.0, 0
4090, 1.0, 7.0, 0.811, -0.118, -0.118, 0.0, 0.0, 0.0, 0.0, 0.0, 0.0, 1.0, 0.0, 1.0, 0.0, 0.0, 1.0, 0.0, 0.0, 0.0, 0.0, 38.0, 22.0, 22.0, 0
4090, 1.0, 7.0, 0.142, -0.118, -0.118, 0.0, 0.0, 0.0, 0.0, 1.0, 0.0, 0.0, 0.0, 1.0, 0.0, 0.0, 1.0, 0.0, 0.0, 0.0, 0.0, 3.0, 22.0, 22.0, 0
4090, 7.0, 7.0, -0.118, -0.118, 0.012, 0.0, 1.0, 0.0, 0.0, 0.0, 0.0, 0.0, 0.0, 1.0, 0.0, 0.0, 1.0, 0.0, 0.0, 0.0, 0.0, 22.0, 22.0, 27.0, 0
4090, 1.0, 7.0, 0.811, -0.118, -0.118, 0.0, 0.0, 0.0, 0.0, 0.0, 0.0, 1.0, 0.0, 1.0, 0.0, 0.0, 1.0, 0.0, 0.0, 0.0, 0.0, 38.0, 22.0, 22.0, 0
4090, 7.0, 7.0, -0.118, 0.012, 0.012, 0.0, 1.0, 0.0, 0.0, 0.0, 0.0, 0.0, 0.0, 1.0, 0.0, 0.0, 1.0, 0.0, 0.0, 0.0, 0.0, 22.0, 27.0, 27.0, 0
4090, 1.0, 7.0, 0.811, -0.118, -0.118, 0.0, 0.0, 0.0, 0.0, 0.0, 0.0, 1.0, 0.0, 1.0, 0.0, 0.0, 1.0, 0.0, 0.0, 0.0, 0.0, 38.0, 22.0, 22.0, 0
4090, 1.0, 7.0, 0.811, -0.118, 0.012, 0.0, 0.0, 0.0, 0.0, 0.0, 0.0, 1.0, 0.0, 1.0, 0.0, 0.0, 1.0, 0.0, 0.0, 0.0, 0.0, 38.0, 22.0, 27.0, 0
4090, 1.0, 2.0, -0.118, 0.811, -0.389, 0.0, 1.0, 0.0, 0.0, 0.0, 0.0, 0.0, 0.0, 0.0, 1.0, 0.0, 0.0, 0.0, 0.0, 0.0, 1.0, 22.0, 38.0, 40.0, 0
4090, 1.0, 2.0, -0.118, 0.811, -0.388, 0.0, 1.0, 0.0, 0.0, 0.0, 0.0, 0.0, 0.0, 0.0, 1.0, 0.0, 0.0, 0.0, 0.0, 0.0, 1.0, 22.0, 38.0, 40.0, 0
4090, 2.0, 2.0, -0.389, 0.811, -0.388, 0.0, 0.0, 0.0, 0.0, 0.0, 0.0, 0.0, 1.0, 0.0, 1.0, 0.0, 0.0, 0.0, 0.0, 0.0, 1.0, 40.0, 38.0, 40.0, 0
4090, 1.0, 2.0, -0.118, 0.811, -0.388, 0.0, 1.0, 0.0, 0.0, 0.0, 0.0, 0.0, 0.0, 0.0, 1.0, 0.0, 0.0, 0.0, 0.0, 0.0, 1.0, 22.0, 38.0, 40.0, 0
4090, 1.0, 2.0, -0.118, 0.811, -0.389, 0.0, 1.0, 0.0, 0.0, 0.0, 0.0, 0.0, 0.0, 0.0, 1.0, 0.0, 0.0, 0.0, 0.0, 0.0, 1.0, 22.0, 38.0, 40.0, 0
4090, 2.0, 2.0, -0.389, 0.811, -0.388, 0.0, 0.0, 0.0, 0.0, 0.0, 0.0, 0.0, 1.0, 0.0, 1.0, 0.0, 0.0, 0.0, 0.0, 0.0, 1.0, 40.0, 38.0, 40.0, 0
2345, 7.0, 7.0, -0.125, -0.125, 0.0050, 0.0, 1.0, 0.0, 0.0, 0.0, 0.0, 0.0, 0.0, 1.0, 0.0, 0.0, 1.0, 0.0, 0.0, 0.0, 0.0, 22.0, 22.0, 27.0, 1
2345, 1.0, 7.0, 0.135, -0.125, -0.125, 0.0, 0.0, 0.0, 0.0, 1.0, 0.0, 0.0, 0.0, 1.0, 0.0, 0.0, 1.0, 0.0, 0.0, 0.0, 0.0, 3.0, 22.0, 22.0, 1
2345, 7.0, 7.0, -0.125, 0.0050, 0.0050, 0.0, 1.0, 0.0, 0.0, 0.0, 0.0, 0.0, 0.0, 1.0, 0.0, 0.0, 1.0, 0.0, 0.0, 0.0, 0.0, 22.0, 27.0, 27.0, 1
2345, 7.0, 7.0, -0.125, 0.0050, 0.0050, 0.0, 1.0, 0.0, 0.0, 0.0, 0.0, 0.0, 0.0, 1.0, 0.0, 0.0, 1.0, 0.0, 0.0, 0.0, 0.0, 22.0, 27.0, 27.0, 1
2345, 7.0, 7.0, -0.125, 0.0050, 0.0050, 0.0, 1.0, 0.0, 0.0, 0.0, 0.0, 0.0, 0.0, 1.0, 0.0, 0.0, 1.0, 0.0, 0.0, 0.0, 0.0, 22.0, 27.0, 27.0, 1
2345, 7.0, 7.0, -0.125, -0.125, 0.0050, 0.0, 1.0, 0.0, 0.0, 0.0, 0.0, 0.0, 0.0, 1.0, 0.0, 0.0, 1.0, 0.0, 0.0, 0.0, 0.0, 22.0, 22.0, 27.0, 1
2345, 1.0, 7.0, 0.135, -0.125, 0.0050, 0.0, 0.0, 0.0, 0.0, 1.0, 0.0, 0.0, 0.0, 1.0, 0.0, 0.0, 1.0, 0.0, 0.0, 0.0, 0.0, 3.0, 22.0, 27.0, 1
2345, 1.0, 7.0, 0.135, -0.125, -0.125, 0.0, 0.0, 0.0, 0.0, 1.0, 0.0, 0.0, 0.0, 1.0, 0.0, 0.0, 1.0, 0.0, 0.0, 0.0, 0.0, 3.0, 22.0, 22.0, 1
2345, 1.0, 7.0, 0.135, -0.125, -0.125, 0.0, 0.0, 0.0, 0.0, 1.0, 0.0, 0.0, 0.0, 1.0, 0.0, 0.0, 1.0, 0.0, 0.0, 0.0, 0.0, 3.0, 22.0, 22.0, 1
2345, 1.0, 7.0, 0.135, -0.125, 0.0050, 0.0, 0.0, 0.0, 0.0, 1.0, 0.0, 0.0, 0.0, 1.0, 0.0, 0.0, 1.0, 0.0, 0.0, 0.0, 0.0, 3.0, 22.0, 27.0, 1
2345, 7.0, 7.0, -0.125, 0.0050, 0.0050, 0.0, 1.0, 0.0, 0.0, 0.0, 0.0, 0.0, 0.0, 1.0, 0.0, 0.0, 1.0, 0.0, 0.0, 0.0, 0.0, 22.0, 27.0, 27.0, 1
2345, 7.0, 7.0, -0.125, 0.0050, 0.0050, 0.0, 1.0, 0.0, 0.0, 0.0, 0.0, 0.0, 0.0, 1.0, 0.0, 0.0, 1.0, 0.0, 0.0, 0.0, 0.0, 22.0, 27.0, 27.0, 1
2345, 7.0, 7.0, -0.125, 0.0050, 0.0050, 0.0, 1.0, 0.0, 0.0, 0.0, 0.0, 0.0, 0.0, 1.0, 0.0, 0.0, 1.0, 0.0, 0.0, 0.0, 0.0, 22.0, 27.0, 27.0, 1
2345, 1.0, 7.0, 0.135, -0.125, 0.0050, 0.0, 0.0, 0.0, 0.0, 1.0, 0.0, 0.0, 0.0, 1.0, 0.0, 0.0, 1.0, 0.0, 0.0, 0.0, 0.0, 3.0, 22.0, 27.0, 1
2345, 7.0, 7.0, -0.125, 0.0050, 0.0050, 0.0, 1.0, 0.0, 0.0, 0.0, 0.0, 0.0, 0.0, 1.0, 0.0, 0.0, 1.0, 0.0, 0.0, 0.0, 0.0, 22.0, 27.0, 27.0, 1
2345, 7.0, 7.0, -0.125, -0.125, 0.0050, 0.0, 1.0, 0.0, 0.0, 0.0, 0.0, 0.0, 0.0, 1.0, 0.0, 0.0, 1.0, 0.0, 0.0, 0.0, 0.0, 22.0, 22.0, 27.0, 1
2345, 1.0, 7.0, 0.135, -0.125, -0.125, 0.0, 0.0, 0.0, 0.0, 1.0, 0.0, 0.0, 0.0, 1.0, 0.0, 0.0, 1.0, 0.0, 0.0, 0.0, 0.0, 3.0, 22.0, 22.0, 1
2345, 1.0, 7.0, 0.135, -0.125, 0.0050, 0.0, 0.0, 0.0, 0.0, 1.0, 0.0, 0.0, 0.0, 1.0, 0.0, 0.0, 1.0, 0.0, 0.0, 0.0, 0.0, 3.0, 22.0, 27.0, 1
2345, 7.0, 7.0, -0.125, -0.125, 0.0050, 0.0, 1.0, 0.0, 0.0, 0.0, 0.0, 0.0, 0.0, 1.0, 0.0, 0.0, 1.0, 0.0, 0.0, 0.0, 0.0, 22.0, 22.0, 27.0, 1
2345, 1.0, 7.0, 0.805, -0.125, -0.125, 0.0, 0.0, 0.0, 0.0, 0.0, 0.0, 1.0, 0.0, 1.0, 0.0, 0.0, 1.0, 0.0, 0.0, 0.0, 0.0, 38.0, 22.0, 22.0, 1
2345, 7.0, 7.0, -0.125, 0.0050, 0.0050, 0.0, 1.0, 0.0, 0.0, 0.0, 0.0, 0.0, 0.0, 1.0, 0.0, 0.0, 1.0, 0.0, 0.0, 0.0, 0.0, 22.0, 27.0, 27.0, 1
2345, 1.0, 7.0, 0.135, -0.125, -0.125, 0.0, 0.0, 0.0, 0.0, 1.0, 0.0, 0.0, 0.0, 1.0, 0.0, 0.0, 1.0, 0.0, 0.0, 0.0, 0.0, 3.0, 22.0, 22.0, 1
2345, 1.0, 2.0, -0.125, 0.805, -0.395, 0.0, 1.0, 0.0, 0.0, 0.0, 0.0, 0.0, 0.0, 0.0, 1.0, 0.0, 0.0, 0.0, 0.0, 0.0, 1.0, 22.0, 38.0, 40.0, 1
2345, 1.0, 2.0, -0.125, 0.805, -0.395, 0.0, 1.0, 0.0, 0.0, 0.0, 0.0, 0.0, 0.0, 0.0, 1.0, 0.0, 0.0, 0.0, 0.0, 0.0, 1.0, 22.0, 38.0, 40.0, 1
2345, 1.0, 2.0, -0.125, 0.805, -0.395, 0.0, 1.0, 0.0, 0.0, 0.0, 0.0, 0.0, 0.0, 0.0, 1.0, 0.0, 0.0, 0.0, 0.0, 0.0, 1.0, 22.0, 38.0, 40.0, 1
3307, 7.0, 7.0, -0.121, -0.121, 0.0090, 0.0, 1.0, 0.0, 0.0, 0.0, 0.0, 0.0, 0.0, 1.0, 0.0, 0.0, 1.0, 0.0, 0.0, 0.0, 0.0, 22.0, 22.0, 27.0, 1
3307, 1.0, 7.0, 0.138, -0.121, -0.121, 0.0, 0.0, 0.0, 0.0, 1.0, 0.0, 0.0, 0.0, 1.0, 0.0, 0.0, 1.0, 0.0, 0.0, 0.0, 0.0, 3.0, 22.0, 22.0, 1
3307, 7.0, 7.0, -0.121, 0.0090, -0.091, 0.0, 1.0, 0.0, 0.0, 0.0, 0.0, 0.0, 0.0, 1.0, 0.0, 0.0, 1.0, 0.0, 0.0, 0.0, 0.0, 22.0, 27.0, 27.0, 1
3307, 7.0, 7.0, -0.091, -0.091, 0.0090, 0.0, 1.0, 0.0, 0.0, 0.0, 0.0, 0.0, 0.0, 1.0, 0.0, 0.0, 1.0, 0.0, 0.0, 0.0, 0.0, 27.0, 27.0, 27.0, 1
3307, 7.0, 7.0, -0.122, 0.0090, -0.091, 0.0, 1.0, 0.0, 0.0, 0.0, 0.0, 0.0, 0.0, 1.0, 0.0, 0.0, 1.0, 0.0, 0.0, 0.0, 0.0, 22.0, 27.0, 27.0, 1
3307, 7.0, 7.0, 0.0090, 0.0090, -0.091, 0.0, 1.0, 0.0, 0.0, 0.0, 0.0, 0.0, 0.0, 1.0, 0.0, 0.0, 1.0, 0.0, 0.0, 0.0, 0.0, 22.0, 27.0, 27.0, 1
3307, 7.0, 7.0, -0.121, -0.122, 0.0090, 0.0, 1.0, 0.0, 0.0, 0.0, 0.0, 0.0, 0.0, 1.0, 0.0, 0.0, 1.0, 0.0, 0.0, 0.0, 0.0, 22.0, 22.0, 27.0, 1
3307, 1.0, 7.0, 0.138, -0.122, 0.0090, 0.0, 0.0, 0.0, 0.0, 1.0, 0.0, 0.0, 0.0, 1.0, 0.0, 0.0, 1.0, 0.0, 0.0, 0.0, 0.0, 3.0, 22.0, 27.0, 1
3307, 7.0, 7.0, -0.122, -0.121, -0.121, 0.0, 1.0, 0.0, 0.0, 0.0, 0.0, 0.0, 0.0, 1.0, 0.0, 0.0, 1.0, 0.0, 0.0, 0.0, 0.0, 22.0, 22.0, 22.0, 1
3307, 1.0, 7.0, 0.138, -0.121, -0.122, 0.0, 0.0, 0.0, 0.0, 1.0, 0.0, 0.0, 0.0, 1.0, 0.0, 0.0, 1.0, 0.0, 0.0, 0.0, 0.0, 3.0, 22.0, 22.0, 1
3307, 7.0, 7.0, -0.121, -0.121, 0.0090, 0.0, 1.0, 0.0, 0.0, 0.0, 0.0, 0.0, 0.0, 1.0, 0.0, 0.0, 1.0, 0.0, 0.0, 0.0, 0.0, 22.0, 22.0, 27.0, 1
3307, 1.0, 7.0, 0.138, -0.121, 0.0090, 0.0, 0.0, 0.0, 0.0, 1.0, 0.0, 0.0, 0.0, 1.0, 0.0, 0.0, 1.0, 0.0, 0.0, 0.0, 0.0, 3.0, 22.0, 27.0, 1
3307, 7.0, 7.0, -0.121, -0.121, 0.0090, 0.0, 1.0, 0.0, 0.0, 0.0, 0.0, 0.0, 0.0, 1.0, 0.0, 0.0, 1.0, 0.0, 0.0, 0.0, 0.0, 22.0, 22.0, 27.0, 1
3307, 1.0, 7.0, 0.138, -0.121, -0.121, 0.0, 0.0, 0.0, 0.0, 1.0, 0.0, 0.0, 0.0, 1.0, 0.0, 0.0, 1.0, 0.0, 0.0, 0.0, 0.0, 3.0, 22.0, 22.0, 1
3307, 7.0, 7.0, -0.121, 0.0090, -0.091, 0.0, 1.0, 0.0, 0.0, 0.0, 0.0, 0.0, 0.0, 1.0, 0.0, 0.0, 1.0, 0.0, 0.0, 0.0, 0.0, 22.0, 27.0, 27.0, 1
3307, 7.0, 7.0, -0.091, -0.091, 0.0090, 0.0, 1.0, 0.0, 0.0, 0.0, 0.0, 0.0, 0.0, 1.0, 0.0, 0.0, 1.0, 0.0, 0.0, 0.0, 0.0, 27.0, 27.0, 27.0, 1
3307, 7.0, 7.0, -0.091, -0.091, 0.0090, 0.0, 1.0, 0.0, 0.0, 0.0, 0.0, 0.0, 0.0, 1.0, 0.0, 0.0, 1.0, 0.0, 0.0, 0.0, 0.0, 27.0, 27.0, 27.0, 1
3307, 7.0, 7.0, -0.091, -0.091, 0.0090, 0.0, 1.0, 0.0, 0.0, 0.0, 0.0, 0.0, 0.0, 1.0, 0.0, 0.0, 1.0, 0.0, 0.0, 0.0, 0.0, 27.0, 27.0, 27.0, 1
3307, 7.0, 7.0, -0.122, 0.0090, -0.091, 0.0, 1.0, 0.0, 0.0, 0.0, 0.0, 0.0, 0.0, 1.0, 0.0, 0.0, 1.0, 0.0, 0.0, 0.0, 0.0, 22.0, 27.0, 27.0, 1
3307, 7.0, 7.0, 0.0090, 0.0090, -0.091, 0.0, 1.0, 0.0, 0.0, 0.0, 0.0, 0.0, 0.0, 1.0, 0.0, 0.0, 1.0, 0.0, 0.0, 0.0, 0.0, 22.0, 27.0, 27.0, 1
3307, 1.0, 7.0, -0.091, 0.0090, 0.0090, 0.0, 1.0, 0.0, 0.0, 0.0, 0.0, 0.0, 0.0, 1.0, 0.0, 0.0, 1.0, 0.0, 0.0, 0.0, 0.0, 10.0, 22.0, 27.0, 1
3307, 7.0, 7.0, 0.0090, 0.0090, 0.0090, 0.0, 1.0, 0.0, 0.0, 0.0, 0.0, 0.0, 0.0, 1.0, 0.0, 0.0, 1.0, 0.0, 0.0, 0.0, 0.0, 22.0, 22.0, 27.0, 1
3307, 1.0, 7.0, -0.091, 0.0090, 0.0090, 0.0, 1.0, 0.0, 0.0, 0.0, 0.0, 0.0, 0.0, 1.0, 0.0, 0.0, 1.0, 0.0, 0.0, 0.0, 0.0, 10.0, 22.0, 22.0, 1
3307, 7.0, 7.0, 0.0090, 0.0090, 0.0090, 0.0, 1.0, 0.0, 0.0, 0.0, 0.0, 0.0, 0.0, 1.0, 0.0, 0.0, 1.0, 0.0, 0.0, 0.0, 0.0, 22.0, 22.0, 27.0, 1
3307, 7.0, 7.0, 0.0090, 0.0090, -0.091, 0.0, 1.0, 0.0, 0.0, 0.0, 0.0, 0.0, 0.0, 1.0, 0.0, 0.0, 1.0, 0.0, 0.0, 0.0, 0.0, 22.0, 27.0, 27.0, 1
3307, 7.0, 7.0, -0.122, 0.0090, 0.0090, 0.0, 1.0, 0.0, 0.0, 0.0, 0.0, 0.0, 0.0, 1.0, 0.0, 0.0, 1.0, 0.0, 0.0, 0.0, 0.0, 22.0, 27.0, 22.0, 1
3307, 1.0, 7.0, 0.138, -0.121, 0.0090, 0.0, 0.0, 0.0, 0.0, 1.0, 0.0, 0.0, 0.0, 1.0, 0.0, 0.0, 1.0, 0.0, 0.0, 0.0, 0.0, 3.0, 22.0, 27.0, 1
3307, 7.0, 7.0, -0.121, -0.121, 0.0090, 0.0, 1.0, 0.0, 0.0, 0.0, 0.0, 0.0, 0.0, 1.0, 0.0, 0.0, 1.0, 0.0, 0.0, 0.0, 0.0, 22.0, 22.0, 27.0, 1
3307, 1.0, 7.0, 0.138, -0.121, -0.121, 0.0, 0.0, 0.0, 0.0, 1.0, 0.0, 0.0, 0.0, 1.0, 0.0, 0.0, 1.0, 0.0, 0.0, 0.0, 0.0, 3.0, 22.0, 22.0, 1
3307, 7.0, 7.0, -0.122, -0.121, -0.121, 0.0, 1.0, 0.0, 0.0, 0.0, 0.0, 0.0, 0.0, 1.0, 0.0, 0.0, 1.0, 0.0, 0.0, 0.0, 0.0, 22.0, 22.0, 22.0, 1
3307, 1.0, 7.0, 0.808, -0.122, -0.121, 0.0, 0.0, 0.0, 0.0, 0.0, 0.0, 1.0, 0.0, 1.0, 0.0, 0.0, 1.0, 0.0, 0.0, 0.0, 0.0, 38.0, 22.0, 22.0, 1
3307, 7.0, 7.0, -0.121, -0.122, 0.0090, 0.0, 1.0, 0.0, 0.0, 0.0, 0.0, 0.0, 0.0, 1.0, 0.0, 0.0, 1.0, 0.0, 0.0, 0.0, 0.0, 22.0, 22.0, 27.0, 1
3307, 1.0, 1.0, -0.091, -0.091, 0.0090, 0.0, 1.0, 0.0, 0.0, 0.0, 0.0, 0.0, 0.0, 1.0, 0.0, 0.0, 1.0, 0.0, 0.0, 0.0, 0.0, 10.0, 10.0, 22.0, 1
3307, 1.0, 1.0, 0.0090, -0.091, 0.059, 0.0, 1.0, 0.0, 0.0, 0.0, 0.0, 0.0, 0.0, 1.0, 0.0, 0.0, 0.0, 0.0, 1.0, 0.0, 0.0, 22.0, 10.0, 3.0, 1
3307, 7.0, 7.0, -0.122, 0.0090, 0.0090, 0.0, 1.0, 0.0, 0.0, 0.0, 0.0, 0.0, 0.0, 1.0, 0.0, 0.0, 1.0, 0.0, 0.0, 0.0, 0.0, 22.0, 27.0, 22.0, 1
3307, 7.0, 7.0, -0.122, 0.0090, -0.091, 0.0, 1.0, 0.0, 0.0, 0.0, 0.0, 0.0, 0.0, 1.0, 0.0, 0.0, 1.0, 0.0, 0.0, 0.0, 0.0, 22.0, 27.0, 27.0, 1
3307, 1.0, 1.0, -0.091, -0.091, 0.059, 0.0, 1.0, 0.0, 0.0, 0.0, 0.0, 0.0, 0.0, 1.0, 0.0, 0.0, 0.0, 0.0, 1.0, 0.0, 0.0, 10.0, 10.0, 3.0, 1
3307, 1.0, 1.0, -0.091, -0.091, 0.059, 0.0, 1.0, 0.0, 0.0, 0.0, 0.0, 0.0, 0.0, 1.0, 0.0, 0.0, 0.0, 0.0, 1.0, 0.0, 0.0, 10.0, 10.0, 3.0, 1
3307, 1.0, 1.0, 0.0090, -0.091, 0.059, 0.0, 1.0, 0.0, 0.0, 0.0, 0.0, 0.0, 0.0, 1.0, 0.0, 0.0, 0.0, 0.0, 1.0, 0.0, 0.0, 22.0, 10.0, 3.0, 1
3307, 1.0, 1.0, -0.091, -0.091, 0.059, 0.0, 1.0, 0.0, 0.0, 0.0, 0.0, 0.0, 0.0, 1.0, 0.0, 0.0, 0.0, 0.0, 1.0, 0.0, 0.0, 10.0, 10.0, 3.0, 1
3307, 1.0, 1.0, -0.091, -0.091, 0.059, 0.0, 1.0, 0.0, 0.0, 0.0, 0.0, 0.0, 0.0, 1.0, 0.0, 0.0, 0.0, 0.0, 1.0, 0.0, 0.0, 10.0, 10.0, 3.0, 1
3307, 1.0, 1.0, -0.091, -0.091, 0.059, 0.0, 1.0, 0.0, 0.0, 0.0, 0.0, 0.0, 0.0, 1.0, 0.0, 0.0, 0.0, 0.0, 1.0, 0.0, 0.0, 10.0, 10.0, 3.0, 1
3307, 1.0, 1.0, -0.091, -0.091, 0.059, 0.0, 1.0, 0.0, 0.0, 0.0, 0.0, 0.0, 0.0, 1.0, 0.0, 0.0, 0.0, 0.0, 1.0, 0.0, 0.0, 10.0, 10.0, 3.0, 1
3307, 1.0, 1.0, -0.091, -0.091, 0.0090, 0.0, 1.0, 0.0, 0.0, 0.0, 0.0, 0.0, 0.0, 1.0, 0.0, 0.0, 1.0, 0.0, 0.0, 0.0, 0.0, 10.0, 10.0, 22.0, 1
3307, 1.0, 2.0, -0.122, 0.808, -0.392, 0.0, 1.0, 0.0, 0.0, 0.0, 0.0, 0.0, 0.0, 0.0, 1.0, 0.0, 0.0, 0.0, 0.0, 0.0, 1.0, 22.0, 38.0, 40.0, 1
3307, 1.0, 2.0, -0.122, 0.808, -0.392, 0.0, 1.0, 0.0, 0.0, 0.0, 0.0, 0.0, 0.0, 0.0, 1.0, 0.0, 0.0, 0.0, 0.0, 0.0, 1.0, 22.0, 38.0, 40.0, 1
3307, 1.0, 7.0, -0.091, 0.0090, 0.0090, 0.0, 1.0, 0.0, 0.0, 0.0, 0.0, 0.0, 0.0, 1.0, 0.0, 0.0, 1.0, 0.0, 0.0, 0.0, 0.0, 10.0, 22.0, 27.0, 1
3307, 1.0, 7.0, -0.091, 0.0090, 0.0090, 0.0, 1.0, 0.0, 0.0, 0.0, 0.0, 0.0, 0.0, 1.0, 0.0, 0.0, 1.0, 0.0, 0.0, 0.0, 0.0, 10.0, 22.0, 22.0, 1
201, 7.0, 7.0, -0.109, -0.109, 0.021, 0.0, 1.0, 0.0, 0.0, 0.0, 0.0, 0.0, 0.0, 1.0, 0.0, 0.0, 1.0, 0.0, 0.0, 0.0, 0.0, 22.0, 22.0, 27.0, 1
201, 1.0, 7.0, 0.152, -0.109, -0.109, 0.0, 0.0, 0.0, 0.0, 1.0, 0.0, 0.0, 0.0, 1.0, 0.0, 0.0, 1.0, 0.0, 0.0, 0.0, 0.0, 3.0, 22.0, 22.0, 1
201, 7.0, 7.0, -0.109, 0.021, -0.079, 0.0, 1.0, 0.0, 0.0, 0.0, 0.0, 0.0, 0.0, 1.0, 0.0, 0.0, 1.0, 0.0, 0.0, 0.0, 0.0, 22.0, 27.0, 195.0, 1
201, 7.0, 7.0, -0.109, 0.021, -0.108, 0.0, 1.0, 0.0, 0.0, 0.0, 0.0, 0.0, 0.0, 1.0, 0.0, 0.0, 1.0, 0.0, 0.0, 0.0, 0.0, 22.0, 27.0, 22.0, 1
201, 7.0, 7.0, 0.021, -0.079, -0.079, 0.0, 1.0, 0.0, 0.0, 0.0, 0.0, 0.0, 0.0, 1.0, 0.0, 0.0, 1.0, 0.0, 0.0, 0.0, 0.0, 27.0, 195.0, 195.0, 1
201, 7.0, 7.0, 0.021, -0.079, -0.079, 0.0, 1.0, 0.0, 0.0, 0.0, 0.0, 0.0, 0.0, 1.0, 0.0, 0.0, 1.0, 0.0, 0.0, 0.0, 0.0, 27.0, 195.0, 195.0, 1
201, 7.0, 7.0, -0.109, -0.079, -0.079, 0.0, 1.0, 0.0, 0.0, 0.0, 0.0, 0.0, 0.0, 1.0, 0.0, 0.0, 1.0, 0.0, 0.0, 0.0, 0.0, 22.0, 195.0, 195.0, 1
201, 7.0, 7.0, -0.079, -0.079, -0.079, 0.0, 1.0, 0.0, 0.0, 0.0, 0.0, 0.0, 0.0, 1.0, 0.0, 0.0, 1.0, 0.0, 0.0, 0.0, 0.0, 27.0, 195.0, 195.0, 1
201, 7.0, 7.0, -0.109, -0.109, -0.079, 0.0, 1.0, 0.0, 0.0, 0.0, 0.0, 0.0, 0.0, 1.0, 0.0, 0.0, 1.0, 0.0, 0.0, 0.0, 0.0, 22.0, 22.0, 195.0, 1
201, 1.0, 7.0, 0.152, -0.109, -0.079, 0.0, 0.0, 0.0, 0.0, 1.0, 0.0, 0.0, 0.0, 1.0, 0.0, 0.0, 1.0, 0.0, 0.0, 0.0, 0.0, 3.0, 22.0, 195.0, 1
201, 1.0, 7.0, 0.152, -0.109, -0.109, 0.0, 0.0, 0.0, 0.0, 1.0, 0.0, 0.0, 0.0, 1.0, 0.0, 0.0, 1.0, 0.0, 0.0, 0.0, 0.0, 3.0, 22.0, 22.0, 1
201, 7.0, 7.0, -0.109, -0.108, 0.021, 0.0, 1.0, 0.0, 0.0, 0.0, 0.0, 0.0, 0.0, 1.0, 0.0, 0.0, 1.0, 0.0, 0.0, 0.0, 0.0, 22.0, 22.0, 27.0, 1
201, 1.0, 7.0, 0.152, -0.108, 0.021, 0.0, 0.0, 0.0, 0.0, 1.0, 0.0, 0.0, 0.0, 1.0, 0.0, 0.0, 1.0, 0.0, 0.0, 0.0, 0.0, 3.0, 22.0, 27.0, 1
201, 7.0, 7.0, -0.108, -0.109, 0.021, 0.0, 1.0, 0.0, 0.0, 0.0, 0.0, 0.0, 0.0, 1.0, 0.0, 0.0, 1.0, 0.0, 0.0, 0.0, 0.0, 22.0, 22.0, 27.0, 1
201, 1.0, 7.0, 0.152, -0.109, -0.108, 0.0, 0.0, 0.0, 0.0, 1.0, 0.0, 0.0, 0.0, 1.0, 0.0, 0.0, 1.0, 0.0, 0.0, 0.0, 0.0, 3.0, 22.0, 22.0, 1
201, 7.0, 7.0, -0.109, 0.021, -0.079, 0.0, 1.0, 0.0, 0.0, 0.0, 0.0, 0.0, 0.0, 1.0, 0.0, 0.0, 1.0, 0.0, 0.0, 0.0, 0.0, 22.0, 27.0, 195.0, 1
201, 7.0, 7.0, 0.021, -0.079, -0.079, 0.0, 1.0, 0.0, 0.0, 0.0, 0.0, 0.0, 0.0, 1.0, 0.0, 0.0, 1.0, 0.0, 0.0, 0.0, 0.0, 27.0, 195.0, 195.0, 1
201, 7.0, 7.0, 0.021, -0.079, -0.079, 0.0, 1.0, 0.0, 0.0, 0.0, 0.0, 0.0, 0.0, 1.0, 0.0, 0.0, 1.0, 0.0, 0.0, 0.0, 0.0, 27.0, 195.0, 195.0, 1
201, 7.0, 7.0, -0.079, -0.079, -0.079, 0.0, 1.0, 0.0, 0.0, 0.0, 0.0, 0.0, 0.0, 1.0, 0.0, 0.0, 1.0, 0.0, 0.0, 0.0, 0.0, 27.0, 195.0, 195.0, 1
201, 7.0, 7.0, 0.021, -0.079, -0.079, 0.0, 1.0, 0.0, 0.0, 0.0, 0.0, 0.0, 0.0, 1.0, 0.0, 0.0, 1.0, 0.0, 0.0, 0.0, 0.0, 27.0, 195.0, 195.0, 1
201, 7.0, 7.0, -0.079, -0.079, -0.079, 0.0, 1.0, 0.0, 0.0, 0.0, 0.0, 0.0, 0.0, 1.0, 0.0, 0.0, 1.0, 0.0, 0.0, 0.0, 0.0, 27.0, 27.0, 195.0, 1
201, 7.0, 7.0, -0.109, -0.079, -0.079, 0.0, 1.0, 0.0, 0.0, 0.0, 0.0, 0.0, 0.0, 1.0, 0.0, 0.0, 1.0, 0.0, 0.0, 0.0, 0.0, 22.0, 195.0, 195.0, 1
201, 7.0, 7.0, -0.079, -0.079, -0.079, 0.0, 1.0, 0.0, 0.0, 0.0, 0.0, 0.0, 0.0, 1.0, 0.0, 0.0, 1.0, 0.0, 0.0, 0.0, 0.0, 27.0, 27.0, 195.0, 1
201, 7.0, 7.0, -0.109, -0.079, -0.079, 0.0, 1.0, 0.0, 0.0, 0.0, 0.0, 0.0, 0.0, 1.0, 0.0, 0.0, 1.0, 0.0, 0.0, 0.0, 0.0, 22.0, 27.0, 195.0, 1
201, 7.0, 7.0, -0.109, -0.079, -0.079, 0.0, 1.0, 0.0, 0.0, 0.0, 0.0, 0.0, 0.0, 1.0, 0.0, 0.0, 1.0, 0.0, 0.0, 0.0, 0.0, 22.0, 195.0, 27.0, 1
201, 7.0, 7.0, -0.109, -0.079, -0.079, 0.0, 1.0, 0.0, 0.0, 0.0, 0.0, 0.0, 0.0, 1.0, 0.0, 0.0, 1.0, 0.0, 0.0, 0.0, 0.0, 22.0, 27.0, 27.0, 1
201, 7.0, 7.0, -0.108, -0.109, 0.021, 0.0, 1.0, 0.0, 0.0, 0.0, 0.0, 0.0, 0.0, 1.0, 0.0, 0.0, 1.0, 0.0, 0.0, 0.0, 0.0, 22.0, 22.0, 27.0, 1
201, 7.0, 7.0, -0.079, -0.079, -0.079, 0.0, 1.0, 0.0, 0.0, 0.0, 0.0, 0.0, 0.0, 1.0, 0.0, 0.0, 1.0, 0.0, 0.0, 0.0, 0.0, 27.0, 195.0, 195.0, 1
201, 1.0, 7.0, 0.152, -0.108, -0.109, 0.0, 0.0, 0.0, 0.0, 1.0, 0.0, 0.0, 0.0, 1.0, 0.0, 0.0, 1.0, 0.0, 0.0, 0.0, 0.0, 3.0, 22.0, 22.0, 1
201, 1.0, 7.0, 0.822, -0.109, 0.021, 0.0, 0.0, 0.0, 0.0, 0.0, 0.0, 1.0, 0.0, 1.0, 0.0, 0.0, 1.0, 0.0, 0.0, 0.0, 0.0, 38.0, 22.0, 27.0, 1
201, 1.0, 7.0, 0.152, -0.109, -0.108, 0.0, 0.0, 0.0, 0.0, 1.0, 0.0, 0.0, 0.0, 1.0, 0.0, 0.0, 1.0, 0.0, 0.0, 0.0, 0.0, 3.0, 22.0, 22.0, 1
201, 7.0, 7.0, -0.108, -0.109, -0.079, 0.0, 1.0, 0.0, 0.0, 0.0, 0.0, 0.0, 0.0, 1.0, 0.0, 0.0, 1.0, 0.0, 0.0, 0.0, 0.0, 22.0, 22.0, 195.0, 1
201, 7.0, 7.0, -0.109, -0.109, -0.079, 0.0, 1.0, 0.0, 0.0, 0.0, 0.0, 0.0, 0.0, 1.0, 0.0, 0.0, 1.0, 0.0, 0.0, 0.0, 0.0, 22.0, 22.0, 27.0, 1
201, 1.0, 7.0, 0.152, -0.109, -0.079, 0.0, 0.0, 0.0, 0.0, 1.0, 0.0, 0.0, 0.0, 1.0, 0.0, 0.0, 1.0, 0.0, 0.0, 0.0, 0.0, 3.0, 22.0, 27.0, 1
201, 7.0, 7.0, -0.109, -0.079, -0.079, 0.0, 1.0, 0.0, 0.0, 0.0, 0.0, 0.0, 0.0, 1.0, 0.0, 0.0, 1.0, 0.0, 0.0, 0.0, 0.0, 22.0, 195.0, 27.0, 1
201, 7.0, 7.0, -0.109, -0.079, -0.079, 0.0, 1.0, 0.0, 0.0, 0.0, 0.0, 0.0, 0.0, 1.0, 0.0, 0.0, 1.0, 0.0, 0.0, 0.0, 0.0, 22.0, 195.0, 195.0, 1
201, 7.0, 7.0, -0.109, -0.109, -0.079, 0.0, 1.0, 0.0, 0.0, 0.0, 0.0, 0.0, 0.0, 1.0, 0.0, 0.0, 1.0, 0.0, 0.0, 0.0, 0.0, 22.0, 22.0, 27.0, 1
201, 1.0, 7.0, 0.152, -0.109, -0.109, 0.0, 0.0, 0.0, 0.0, 1.0, 0.0, 0.0, 0.0, 1.0, 0.0, 0.0, 1.0, 0.0, 0.0, 0.0, 0.0, 3.0, 22.0, 22.0, 1
201, 1.0, 7.0, 0.152, -0.109, -0.109, 0.0, 0.0, 0.0, 0.0, 1.0, 0.0, 0.0, 0.0, 1.0, 0.0, 0.0, 1.0, 0.0, 0.0, 0.0, 0.0, 3.0, 22.0, 22.0, 1
201, 1.0, 7.0, 0.152, -0.109, -0.109, 0.0, 0.0, 0.0, 0.0, 1.0, 0.0, 0.0, 0.0, 1.0, 0.0, 0.0, 1.0, 0.0, 0.0, 0.0, 0.0, 3.0, 22.0, 22.0, 1
201, 1.0, 2.0, -0.109, 0.822, -0.378, 0.0, 1.0, 0.0, 0.0, 0.0, 0.0, 0.0, 0.0, 0.0, 1.0, 0.0, 0.0, 0.0, 0.0, 0.0, 1.0, 22.0, 38.0, 40.0, 1
201, 1.0, 2.0, -0.109, 0.822, -0.378, 0.0, 1.0, 0.0, 0.0, 0.0, 0.0, 0.0, 0.0, 0.0, 1.0, 0.0, 0.0, 0.0, 0.0, 0.0, 1.0, 22.0, 38.0, 40.0, 1
201, 7.0, 7.0, -0.109, -0.079, -0.079, 0.0, 1.0, 0.0, 0.0, 0.0, 0.0, 0.0, 0.0, 1.0, 0.0, 0.0, 1.0, 0.0, 0.0, 0.0, 0.0, 22.0, 27.0, 195.0, 1
201, 7.0, 7.0, -0.109, -0.079, -0.079, 0.0, 1.0, 0.0, 0.0, 0.0, 0.0, 0.0, 0.0, 1.0, 0.0, 0.0, 1.0, 0.0, 0.0, 0.0, 0.0, 22.0, 27.0, 27.0, 1
5319, 1.0, 7.0, 0.133, -0.127, -0.127, 0.0, 0.0, 0.0, 0.0, 1.0, 0.0, 0.0, 0.0, 1.0, 0.0, 0.0, 1.0, 0.0, 0.0, 0.0, 0.0, 3.0, 22.0, 22.0, 1
5319, 7.0, 7.0, -0.127, -0.127, 0.0030, 0.0, 1.0, 0.0, 0.0, 0.0, 0.0, 0.0, 0.0, 1.0, 0.0, 0.0, 1.0, 0.0, 0.0, 0.0, 0.0, 22.0, 22.0, 29.0, 1
5319, 1.0, 7.0, 0.0030, -0.127, -0.127, 0.0, 1.0, 0.0, 0.0, 0.0, 0.0, 0.0, 0.0, 1.0, 0.0, 0.0, 1.0, 0.0, 0.0, 0.0, 0.0, 10.0, 22.0, 22.0, 1
5319, 1.0, 7.0, 0.0030, 0.0030, -0.127, 0.0, 1.0, 0.0, 0.0, 0.0, 0.0, 0.0, 0.0, 1.0, 0.0, 0.0, 1.0, 0.0, 0.0, 0.0, 0.0, 29.0, 29.0, 22.0, 1
5319, 7.0, 7.0, -0.127, -0.127, 0.0030, 0.0, 1.0, 0.0, 0.0, 0.0, 0.0, 0.0, 0.0, 1.0, 0.0, 0.0, 1.0, 0.0, 0.0, 0.0, 0.0, 22.0, 22.0, 29.0, 1
5319, 1.0, 7.0, 0.133, -0.127, 0.0030, 0.0, 0.0, 0.0, 0.0, 1.0, 0.0, 0.0, 0.0, 1.0, 0.0, 0.0, 1.0, 0.0, 0.0, 0.0, 0.0, 3.0, 22.0, 29.0, 1
5319, 1.0, 7.0, 0.133, -0.127, -0.127, 0.0, 0.0, 0.0, 0.0, 1.0, 0.0, 0.0, 0.0, 1.0, 0.0, 0.0, 1.0, 0.0, 0.0, 0.0, 0.0, 3.0, 22.0, 22.0, 1
5319, 1.0, 7.0, 0.802, -0.127, -0.127, 0.0, 0.0, 0.0, 0.0, 0.0, 0.0, 1.0, 0.0, 1.0, 0.0, 0.0, 1.0, 0.0, 0.0, 0.0, 0.0, 38.0, 22.0, 22.0, 1
5319, 7.0, 7.0, -0.127, -0.127, 0.203, 0.0, 1.0, 0.0, 0.0, 0.0, 0.0, 0.0, 0.0, 1.0, 0.0, 0.0, 1.0, 0.0, 0.0, 0.0, 0.0, 22.0, 22.0, 22.0, 1
5319, 1.0, 7.0, 0.133, -0.127, -0.127, 0.0, 0.0, 0.0, 0.0, 1.0, 0.0, 0.0, 0.0, 1.0, 0.0, 0.0, 1.0, 0.0, 0.0, 0.0, 0.0, 3.0, 22.0, 22.0, 1
5319, 1.0, 7.0, -0.398, 0.203, -0.127, 0.0, 0.0, 0.0, 0.0, 0.0, 0.0, 1.0, 0.0, 1.0, 0.0, 0.0, 1.0, 0.0, 0.0, 0.0, 0.0, 32.0, 22.0, 22.0, 1
5319, 7.0, 7.0, -0.127, -0.127, 0.203, 0.0, 1.0, 0.0, 0.0, 0.0, 0.0, 0.0, 0.0, 1.0, 0.0, 0.0, 1.0, 0.0, 0.0, 0.0, 0.0, 22.0, 22.0, 22.0, 1
5319, 1.0, 7.0, 0.133, -0.127, 0.203, 0.0, 0.0, 0.0, 0.0, 1.0, 0.0, 0.0, 0.0, 1.0, 0.0, 0.0, 1.0, 0.0, 0.0, 0.0, 0.0, 3.0, 22.0, 22.0, 1
5319, 7.0, 7.0, -0.127, -0.127, 0.0030, 0.0, 1.0, 0.0, 0.0, 0.0, 0.0, 0.0, 0.0, 1.0, 0.0, 0.0, 1.0, 0.0, 0.0, 0.0, 0.0, 22.0, 22.0, 29.0, 1
5319, 1.0, 7.0, 0.133, -0.127, -0.127, 0.0, 0.0, 0.0, 0.0, 1.0, 0.0, 0.0, 0.0, 1.0, 0.0, 0.0, 1.0, 0.0, 0.0, 0.0, 0.0, 3.0, 22.0, 22.0, 1
5319, 1.0, 7.0, 0.0030, 0.0030, -0.127, 0.0, 1.0, 0.0, 0.0, 0.0, 0.0, 0.0, 0.0, 1.0, 0.0, 0.0, 1.0, 0.0, 0.0, 0.0, 0.0, 29.0, 29.0, 22.0, 1
5319, 1.0, 7.0, 0.0030, -0.127, 0.0030, 0.0, 1.0, 0.0, 0.0, 0.0, 0.0, 0.0, 0.0, 1.0, 0.0, 0.0, 1.0, 0.0, 0.0, 0.0, 0.0, 10.0, 22.0, 29.0, 1
5319, 7.0, 7.0, -0.127, -0.127, 0.0030, 0.0, 1.0, 0.0, 0.0, 0.0, 0.0, 0.0, 0.0, 1.0, 0.0, 0.0, 1.0, 0.0, 0.0, 0.0, 0.0, 22.0, 22.0, 29.0, 1
5319, 1.0, 7.0, 0.0030, 0.0030, -0.127, 0.0, 1.0, 0.0, 0.0, 0.0, 0.0, 0.0, 0.0, 1.0, 0.0, 0.0, 1.0, 0.0, 0.0, 0.0, 0.0, 29.0, 29.0, 22.0, 1
5319, 1.0, 7.0, 0.0030, 0.0030, -0.127, 0.0, 1.0, 0.0, 0.0, 0.0, 0.0, 0.0, 0.0, 1.0, 0.0, 0.0, 1.0, 0.0, 0.0, 0.0, 0.0, 29.0, 29.0, 22.0, 1
5319, 1.0, 1.0, -0.127, 0.0030, 0.053, 0.0, 1.0, 0.0, 0.0, 0.0, 0.0, 0.0, 0.0, 1.0, 0.0, 0.0, 0.0, 0.0, 1.0, 0.0, 0.0, 22.0, 10.0, 3.0, 1
5319, 1.0, 1.0, -0.127, 0.0030, 0.053, 0.0, 1.0, 0.0, 0.0, 0.0, 0.0, 0.0, 0.0, 1.0, 0.0, 0.0, 0.0, 0.0, 1.0, 0.0, 0.0, 22.0, 10.0, 3.0, 1
5319, 1.0, 7.0, 0.0030, -0.127, 0.0030, 0.0, 1.0, 0.0, 0.0, 0.0, 0.0, 0.0, 0.0, 1.0, 0.0, 0.0, 1.0, 0.0, 0.0, 0.0, 0.0, 10.0, 22.0, 29.0, 1
5319, 1.0, 7.0, 0.0030, -0.127, -0.127, 0.0, 1.0, 0.0, 0.0, 0.0, 0.0, 0.0, 0.0, 1.0, 0.0, 0.0, 1.0, 0.0, 0.0, 0.0, 0.0, 10.0, 22.0, 22.0, 1
5319, 1.0, 2.0, -0.127, 0.802, -0.398, 0.0, 1.0, 0.0, 0.0, 0.0, 0.0, 0.0, 0.0, 0.0, 1.0, 0.0, 0.0, 0.0, 0.0, 0.0, 1.0, 22.0, 38.0, 40.0, 1
5319, 1.0, 2.0, -0.127, 0.802, -0.397, 0.0, 1.0, 0.0, 0.0, 0.0, 0.0, 0.0, 0.0, 0.0, 1.0, 0.0, 0.0, 0.0, 0.0, 0.0, 1.0, 22.0, 38.0, 40.0, 1
5319, 1.0, 2.0, -0.127, 0.802, -0.398, 0.0, 1.0, 0.0, 0.0, 0.0, 0.0, 0.0, 0.0, 0.0, 1.0, 0.0, 0.0, 0.0, 0.0, 0.0, 1.0, 22.0, 38.0, 40.0, 1
5319, 2.0, 2.0, -0.398, 0.802, -0.397, 0.0, 0.0, 0.0, 0.0, 0.0, 0.0, 0.0, 1.0, 0.0, 1.0, 0.0, 0.0, 0.0, 0.0, 0.0, 1.0, 40.0, 38.0, 40.0, 1
5319, 1.0, 1.0, 0.203, -0.398, 0.253, 0.0, 1.0, 0.0, 0.0, 0.0, 0.0, 0.0, 0.0, 0.0, 1.0, 0.0, 0.0, 0.0, 1.0, 0.0, 0.0, 22.0, 32.0, 1.0, 1
5319, 1.0, 1.0, 0.602, -0.398, 0.203, 0.0, 1.0, 0.0, 0.0, 0.0, 0.0, 0.0, 0.0, 0.0, 1.0, 0.0, 1.0, 0.0, 0.0, 0.0, 0.0, 14.0, 32.0, 22.0, 1
5319, 1.0, 2.0, -0.398, 0.602, -0.548, 0.0, 0.0, 0.0, 0.0, 0.0, 0.0, 1.0, 0.0, 1.0, 0.0, 0.0, 0.0, 0.0, 0.0, 0.0, 1.0, 32.0, 14.0, 40.0, 1
5319, 1.0, 1.0, 1.002, 0.602, -0.398, 0.0, 1.0, 0.0, 0.0, 0.0, 0.0, 0.0, 0.0, 1.0, 0.0, 0.0, 0.0, 0.0, 0.0, 1.0, 0.0, 232.0, 14.0, 32.0, 1
5319, 1.0, 1.0, 0.602, 1.002, -0.297, 0.0, 1.0, 0.0, 0.0, 0.0, 0.0, 0.0, 0.0, 1.0, 0.0, 0.0, 0.0, 1.0, 0.0, 0.0, 0.0, 14.0, 232.0, 92.0, 1
5319, 1.0, 1.0, 0.602, 1.002, -0.297, 0.0, 1.0, 0.0, 0.0, 0.0, 0.0, 0.0, 0.0, 1.0, 0.0, 0.0, 0.0, 1.0, 0.0, 0.0, 0.0, 14.0, 232.0, 92.0, 1
5319, 1.0, 1.0, 0.602, 1.002, -0.297, 0.0, 1.0, 0.0, 0.0, 0.0, 0.0, 0.0, 0.0, 1.0, 0.0, 0.0, 0.0, 1.0, 0.0, 0.0, 0.0, 14.0, 232.0, 92.0, 1
4014, 1.0, 7.0, 0.141, -0.118, -0.118, 0.0, 0.0, 0.0, 0.0, 1.0, 0.0, 0.0, 0.0, 1.0, 0.0, 0.0, 1.0, 0.0, 0.0, 0.0, 0.0, 3.0, 22.0, 22.0, 1
4014, 7.0, 7.0, -0.118, -0.118, 0.012, 0.0, 1.0, 0.0, 0.0, 0.0, 0.0, 0.0, 0.0, 1.0, 0.0, 0.0, 1.0, 0.0, 0.0, 0.0, 0.0, 22.0, 22.0, 29.0, 1
4014, 1.0, 7.0, 0.012, -0.118, -0.118, 0.0, 1.0, 0.0, 0.0, 0.0, 0.0, 0.0, 0.0, 1.0, 0.0, 0.0, 1.0, 0.0, 0.0, 0.0, 0.0, 10.0, 22.0, 22.0, 1
4014, 1.0, 7.0, 0.012, 0.012, -0.118, 0.0, 1.0, 0.0, 0.0, 0.0, 0.0, 0.0, 0.0, 1.0, 0.0, 0.0, 1.0, 0.0, 0.0, 0.0, 0.0, 29.0, 29.0, 22.0, 1
4014, 7.0, 7.0, -0.118, -0.118, 0.012, 0.0, 1.0, 0.0, 0.0, 0.0, 0.0, 0.0, 0.0, 1.0, 0.0, 0.0, 1.0, 0.0, 0.0, 0.0, 0.0, 22.0, 22.0, 29.0, 1
4014, 1.0, 7.0, 0.141, -0.118, 0.012, 0.0, 0.0, 0.0, 0.0, 1.0, 0.0, 0.0, 0.0, 1.0, 0.0, 0.0, 1.0, 0.0, 0.0, 0.0, 0.0, 3.0, 22.0, 29.0, 1
4014, 1.0, 7.0, 0.141, -0.118, -0.118, 0.0, 0.0, 0.0, 0.0, 1.0, 0.0, 0.0, 0.0, 1.0, 0.0, 0.0, 1.0, 0.0, 0.0, 0.0, 0.0, 3.0, 22.0, 22.0, 1
4014, 1.0, 7.0, 0.141, -0.118, -0.118, 0.0, 0.0, 0.0, 0.0, 1.0, 0.0, 0.0, 0.0, 1.0, 0.0, 0.0, 1.0, 0.0, 0.0, 0.0, 0.0, 3.0, 22.0, 22.0, 1
4014, 1.0, 7.0, 0.141, -0.118, -0.118, 0.0, 0.0, 0.0, 0.0, 1.0, 0.0, 0.0, 0.0, 1.0, 0.0, 0.0, 1.0, 0.0, 0.0, 0.0, 0.0, 3.0, 22.0, 22.0, 1
4014, 1.0, 7.0, 0.811, -0.118, -0.118, 0.0, 0.0, 0.0, 0.0, 0.0, 0.0, 1.0, 0.0, 1.0, 0.0, 0.0, 1.0, 0.0, 0.0, 0.0, 0.0, 38.0, 22.0, 22.0, 1
4014, 1.0, 7.0, 0.141, -0.118, -0.118, 0.0, 0.0, 0.0, 0.0, 1.0, 0.0, 0.0, 0.0, 1.0, 0.0, 0.0, 1.0, 0.0, 0.0, 0.0, 0.0, 3.0, 22.0, 22.0, 1
4014, 7.0, 7.0, -0.118, -0.118, 0.012, 0.0, 1.0, 0.0, 0.0, 0.0, 0.0, 0.0, 0.0, 1.0, 0.0, 0.0, 1.0, 0.0, 0.0, 0.0, 0.0, 22.0, 22.0, 29.0, 1
4014, 1.0, 7.0, 0.141, -0.118, -0.118, 0.0, 0.0, 0.0, 0.0, 1.0, 0.0, 0.0, 0.0, 1.0, 0.0, 0.0, 1.0, 0.0, 0.0, 0.0, 0.0, 3.0, 22.0, 22.0, 1
4014, 1.0, 7.0, 0.012, 0.012, -0.118, 0.0, 1.0, 0.0, 0.0, 0.0, 0.0, 0.0, 0.0, 1.0, 0.0, 0.0, 1.0, 0.0, 0.0, 0.0, 0.0, 29.0, 29.0, 22.0, 1
4014, 7.0, 7.0, -0.118, -0.118, 0.012, 0.0, 1.0, 0.0, 0.0, 0.0, 0.0, 0.0, 0.0, 1.0, 0.0, 0.0, 1.0, 0.0, 0.0, 0.0, 0.0, 22.0, 22.0, 29.0, 1
4014, 1.0, 7.0, 0.012, -0.118, 0.012, 0.0, 1.0, 0.0, 0.0, 0.0, 0.0, 0.0, 0.0, 1.0, 0.0, 0.0, 1.0, 0.0, 0.0, 0.0, 0.0, 10.0, 22.0, 29.0, 1
4014, 1.0, 7.0, 0.012, 0.012, -0.118, 0.0, 1.0, 0.0, 0.0, 0.0, 0.0, 0.0, 0.0, 1.0, 0.0, 0.0, 1.0, 0.0, 0.0, 0.0, 0.0, 29.0, 29.0, 22.0, 1
4014, 1.0, 7.0, 0.012, 0.012, -0.118, 0.0, 1.0, 0.0, 0.0, 0.0, 0.0, 0.0, 0.0, 1.0, 0.0, 0.0, 1.0, 0.0, 0.0, 0.0, 0.0, 29.0, 29.0, 22.0, 1
4014, 1.0, 1.0, -0.118, 0.012, 0.062, 0.0, 1.0, 0.0, 0.0, 0.0, 0.0, 0.0, 0.0, 1.0, 0.0, 0.0, 0.0, 0.0, 1.0, 0.0, 0.0, 22.0, 10.0, 3.0, 1
4014, 1.0, 1.0, -0.118, 0.012, 0.062, 0.0, 1.0, 0.0, 0.0, 0.0, 0.0, 0.0, 0.0, 1.0, 0.0, 0.0, 0.0, 0.0, 1.0, 0.0, 0.0, 22.0, 10.0, 3.0, 1
4014, 1.0, 7.0, 0.012, -0.118, 0.012, 0.0, 1.0, 0.0, 0.0, 0.0, 0.0, 0.0, 0.0, 1.0, 0.0, 0.0, 1.0, 0.0, 0.0, 0.0, 0.0, 10.0, 22.0, 29.0, 1
4014, 1.0, 7.0, 0.012, -0.118, -0.118, 0.0, 1.0, 0.0, 0.0, 0.0, 0.0, 0.0, 0.0, 1.0, 0.0, 0.0, 1.0, 0.0, 0.0, 0.0, 0.0, 10.0, 22.0, 22.0, 1
4014, 1.0, 2.0, -0.118, 0.811, -0.389, 0.0, 1.0, 0.0, 0.0, 0.0, 0.0, 0.0, 0.0, 0.0, 1.0, 0.0, 0.0, 0.0, 0.0, 0.0, 1.0, 22.0, 38.0, 40.0, 1
4014, 1.0, 2.0, -0.118, 0.811, -0.389, 0.0, 1.0, 0.0, 0.0, 0.0, 0.0, 0.0, 0.0, 0.0, 1.0, 0.0, 0.0, 0.0, 0.0, 0.0, 1.0, 22.0, 38.0, 40.0, 1
4014, 1.0, 2.0, -0.118, 0.811, -0.389, 0.0, 1.0, 0.0, 0.0, 0.0, 0.0, 0.0, 0.0, 0.0, 1.0, 0.0, 0.0, 0.0, 0.0, 0.0, 1.0, 22.0, 38.0, 40.0, 1
4907, 1.0, 7.0, 0.144, -0.116, -0.116, 0.0, 0.0, 0.0, 0.0, 1.0, 0.0, 0.0, 0.0, 1.0, 0.0, 0.0, 1.0, 0.0, 0.0, 0.0, 0.0, 3.0, 22.0, 22.0, 1
4907, 7.0, 7.0, -0.116, -0.116, 0.014, 0.0, 1.0, 0.0, 0.0, 0.0, 0.0, 0.0, 0.0, 1.0, 0.0, 0.0, 1.0, 0.0, 0.0, 0.0, 0.0, 22.0, 22.0, 29.0, 1
4907, 1.0, 7.0, 0.144, -0.116, -0.116, 0.0, 0.0, 0.0, 0.0, 1.0, 0.0, 0.0, 0.0, 1.0, 0.0, 0.0, 1.0, 0.0, 0.0, 0.0, 0.0, 3.0, 22.0, 22.0, 1
4907, 1.0, 7.0, 0.014, 0.014, -0.116, 0.0, 1.0, 0.0, 0.0, 0.0, 0.0, 0.0, 0.0, 1.0, 0.0, 0.0, 1.0, 0.0, 0.0, 0.0, 0.0, 29.0, 29.0, 22.0, 1
4907, 7.0, 7.0, -0.116, -0.116, 0.014, 0.0, 1.0, 0.0, 0.0, 0.0, 0.0, 0.0, 0.0, 1.0, 0.0, 0.0, 1.0, 0.0, 0.0, 0.0, 0.0, 22.0, 22.0, 29.0, 1
4907, 1.0, 7.0, 0.144, -0.116, 0.014, 0.0, 0.0, 0.0, 0.0, 1.0, 0.0, 0.0, 0.0, 1.0, 0.0, 0.0, 1.0, 0.0, 0.0, 0.0, 0.0, 3.0, 22.0, 29.0, 1
4907, 1.0, 7.0, 0.813, -0.116, -0.116, 0.0, 0.0, 0.0, 0.0, 0.0, 0.0, 1.0, 0.0, 1.0, 0.0, 0.0, 1.0, 0.0, 0.0, 0.0, 0.0, 38.0, 22.0, 22.0, 1
4907, 1.0, 7.0, 0.144, -0.116, -0.116, 0.0, 0.0, 0.0, 0.0, 1.0, 0.0, 0.0, 0.0, 1.0, 0.0, 0.0, 1.0, 0.0, 0.0, 0.0, 0.0, 3.0, 22.0, 22.0, 1
4907, 7.0, 7.0, -0.116, -0.116, 0.014, 0.0, 1.0, 0.0, 0.0, 0.0, 0.0, 0.0, 0.0, 1.0, 0.0, 0.0, 1.0, 0.0, 0.0, 0.0, 0.0, 22.0, 22.0, 29.0, 1
4907, 1.0, 7.0, 0.144, -0.116, 0.014, 0.0, 0.0, 0.0, 0.0, 1.0, 0.0, 0.0, 0.0, 1.0, 0.0, 0.0, 1.0, 0.0, 0.0, 0.0, 0.0, 3.0, 22.0, 29.0, 1
4907, 1.0, 7.0, 0.144, -0.116, -0.116, 0.0, 0.0, 0.0, 0.0, 1.0, 0.0, 0.0, 0.0, 1.0, 0.0, 0.0, 1.0, 0.0, 0.0, 0.0, 0.0, 3.0, 22.0, 22.0, 1
4907, 1.0, 7.0, 0.814, -0.116, -0.116, 0.0, 0.0, 0.0, 0.0, 0.0, 0.0, 1.0, 0.0, 1.0, 0.0, 0.0, 1.0, 0.0, 0.0, 0.0, 0.0, 38.0, 22.0, 22.0, 1
4907, 1.0, 7.0, 0.813, -0.116, -0.116, 0.0, 0.0, 0.0, 0.0, 0.0, 0.0, 1.0, 0.0, 1.0, 0.0, 0.0, 1.0, 0.0, 0.0, 0.0, 0.0, 38.0, 22.0, 22.0, 1
4907, 7.0, 7.0, -0.116, -0.116, 0.014, 0.0, 1.0, 0.0, 0.0, 0.0, 0.0, 0.0, 0.0, 1.0, 0.0, 0.0, 1.0, 0.0, 0.0, 0.0, 0.0, 22.0, 22.0, 29.0, 1
4907, 1.0, 7.0, 0.144, -0.116, -0.116, 0.0, 0.0, 0.0, 0.0, 1.0, 0.0, 0.0, 0.0, 1.0, 0.0, 0.0, 1.0, 0.0, 0.0, 0.0, 0.0, 3.0, 22.0, 22.0, 1
4907, 1.0, 7.0, 0.014, 0.014, -0.116, 0.0, 1.0, 0.0, 0.0, 0.0, 0.0, 0.0, 0.0, 1.0, 0.0, 0.0, 1.0, 0.0, 0.0, 0.0, 0.0, 29.0, 29.0, 22.0, 1
4907, 1.0, 7.0, 0.014, 0.014, -0.116, 0.0, 1.0, 0.0, 0.0, 0.0, 0.0, 0.0, 0.0, 1.0, 0.0, 0.0, 1.0, 0.0, 0.0, 0.0, 0.0, 29.0, 29.0, 22.0, 1
4907, 1.0, 7.0, 0.014, 0.014, -0.116, 0.0, 1.0, 0.0, 0.0, 0.0, 0.0, 0.0, 0.0, 1.0, 0.0, 0.0, 1.0, 0.0, 0.0, 0.0, 0.0, 29.0, 29.0, 22.0, 1
4907, 1.0, 2.0, -0.116, 0.813, -0.386, 0.0, 1.0, 0.0, 0.0, 0.0, 0.0, 0.0, 0.0, 0.0, 1.0, 0.0, 0.0, 0.0, 0.0, 0.0, 1.0, 22.0, 38.0, 40.0, 1
4907, 1.0, 2.0, -0.116, 0.813, -0.386, 0.0, 1.0, 0.0, 0.0, 0.0, 0.0, 0.0, 0.0, 0.0, 1.0, 0.0, 0.0, 0.0, 0.0, 0.0, 1.0, 22.0, 38.0, 40.0, 1
4907, 1.0, 2.0, -0.116, 0.813, -0.386, 0.0, 1.0, 0.0, 0.0, 0.0, 0.0, 0.0, 0.0, 0.0, 1.0, 0.0, 0.0, 0.0, 0.0, 0.0, 1.0, 22.0, 38.0, 40.0, 1
4907, 1.0, 2.0, -0.116, 0.813, -0.386, 0.0, 1.0, 0.0, 0.0, 0.0, 0.0, 0.0, 0.0, 0.0, 1.0, 0.0, 0.0, 0.0, 0.0, 0.0, 1.0, 22.0, 38.0, 40.0, 1
4907, 1.0, 2.0, -0.116, 0.814, -0.386, 0.0, 1.0, 0.0, 0.0, 0.0, 0.0, 0.0, 0.0, 0.0, 1.0, 0.0, 0.0, 0.0, 0.0, 0.0, 1.0, 22.0, 38.0, 40.0, 1
4907, 1.0, 2.0, -0.116, 0.814, -0.386, 0.0, 1.0, 0.0, 0.0, 0.0, 0.0, 0.0, 0.0, 0.0, 1.0, 0.0, 0.0, 0.0, 0.0, 0.0, 1.0, 22.0, 38.0, 40.0, 1
5292, 1.0, 7.0, 0.152, -0.107, -0.107, 0.0, 0.0, 0.0, 0.0, 1.0, 0.0, 0.0, 0.0, 1.0, 0.0, 0.0, 1.0, 0.0, 0.0, 0.0, 0.0, 3.0, 22.0, 22.0, 1
5292, 7.0, 7.0, -0.107, -0.107, 0.023, 0.0, 1.0, 0.0, 0.0, 0.0, 0.0, 0.0, 0.0, 1.0, 0.0, 0.0, 1.0, 0.0, 0.0, 0.0, 0.0, 22.0, 22.0, 29.0, 1
5292, 1.0, 7.0, 0.023, -0.107, -0.107, 0.0, 1.0, 0.0, 0.0, 0.0, 0.0, 0.0, 0.0, 1.0, 0.0, 0.0, 1.0, 0.0, 0.0, 0.0, 0.0, 10.0, 22.0, 22.0, 1
5292, 1.0, 7.0, 0.023, 0.023, -0.107, 0.0, 1.0, 0.0, 0.0, 0.0, 0.0, 0.0, 0.0, 1.0, 0.0, 0.0, 1.0, 0.0, 0.0, 0.0, 0.0, 29.0, 29.0, 22.0, 1
5292, 7.0, 7.0, -0.107, -0.107, 0.023, 0.0, 1.0, 0.0, 0.0, 0.0, 0.0, 0.0, 0.0, 1.0, 0.0, 0.0, 1.0, 0.0, 0.0, 0.0, 0.0, 22.0, 22.0, 29.0, 1
5292, 1.0, 7.0, 0.152, -0.107, 0.023, 0.0, 0.0, 0.0, 0.0, 1.0, 0.0, 0.0, 0.0, 1.0, 0.0, 0.0, 1.0, 0.0, 0.0, 0.0, 0.0, 3.0, 22.0, 29.0, 1
5292, 1.0, 7.0, 0.153, -0.107, -0.107, 0.0, 0.0, 0.0, 0.0, 1.0, 0.0, 0.0, 0.0, 1.0, 0.0, 0.0, 1.0, 0.0, 0.0, 0.0, 0.0, 3.0, 22.0, 22.0, 1
5292, 1.0, 7.0, 0.822, -0.107, -0.107, 0.0, 0.0, 0.0, 0.0, 0.0, 0.0, 1.0, 0.0, 1.0, 0.0, 0.0, 1.0, 0.0, 0.0, 0.0, 0.0, 38.0, 22.0, 22.0, 1
5292, 1.0, 7.0, 0.153, -0.107, -0.107, 0.0, 0.0, 0.0, 0.0, 1.0, 0.0, 0.0, 0.0, 1.0, 0.0, 0.0, 1.0, 0.0, 0.0, 0.0, 0.0, 3.0, 22.0, 22.0, 1
5292, 1.0, 7.0, -0.127, -0.107, -0.107, 1.0, 0.0, 0.0, 0.0, 0.0, 0.0, 0.0, 0.0, 1.0, 0.0, 0.0, 1.0, 0.0, 0.0, 0.0, 0.0, 94.0, 22.0, 22.0, 1
5292, 1.0, 7.0, 0.153, -0.107, -0.107, 0.0, 0.0, 0.0, 0.0, 1.0, 0.0, 0.0, 0.0, 1.0, 0.0, 0.0, 1.0, 0.0, 0.0, 0.0, 0.0, 3.0, 22.0, 22.0, 1
5292, 7.0, 7.0, -0.107, -0.107, 0.023, 0.0, 1.0, 0.0, 0.0, 0.0, 0.0, 0.0, 0.0, 1.0, 0.0, 0.0, 1.0, 0.0, 0.0, 0.0, 0.0, 22.0, 22.0, 29.0, 1
5292, 1.0, 7.0, 0.153, -0.107, -0.107, 0.0, 0.0, 0.0, 0.0, 1.0, 0.0, 0.0, 0.0, 1.0, 0.0, 0.0, 1.0, 0.0, 0.0, 0.0, 0.0, 3.0, 22.0, 22.0, 1
5292, 1.0, 7.0, 0.023, 0.023, -0.107, 0.0, 1.0, 0.0, 0.0, 0.0, 0.0, 0.0, 0.0, 1.0, 0.0, 0.0, 1.0, 0.0, 0.0, 0.0, 0.0, 29.0, 29.0, 22.0, 1
5292, 7.0, 7.0, -0.107, -0.107, 0.023, 0.0, 1.0, 0.0, 0.0, 0.0, 0.0, 0.0, 0.0, 1.0, 0.0, 0.0, 1.0, 0.0, 0.0, 0.0, 0.0, 22.0, 22.0, 29.0, 1
5292, 1.0, 7.0, 0.023, -0.107, 0.023, 0.0, 1.0, 0.0, 0.0, 0.0, 0.0, 0.0, 0.0, 1.0, 0.0, 0.0, 1.0, 0.0, 0.0, 0.0, 0.0, 10.0, 22.0, 29.0, 1
5292, 1.0, 7.0, 0.023, 0.023, -0.107, 0.0, 1.0, 0.0, 0.0, 0.0, 0.0, 0.0, 0.0, 1.0, 0.0, 0.0, 1.0, 0.0, 0.0, 0.0, 0.0, 29.0, 29.0, 22.0, 1
5292, 1.0, 7.0, 0.023, 0.023, -0.107, 0.0, 1.0, 0.0, 0.0, 0.0, 0.0, 0.0, 0.0, 1.0, 0.0, 0.0, 1.0, 0.0, 0.0, 0.0, 0.0, 29.0, 29.0, 22.0, 1
5292, 1.0, 1.0, -0.107, 0.023, 0.073, 0.0, 1.0, 0.0, 0.0, 0.0, 0.0, 0.0, 0.0, 1.0, 0.0, 0.0, 0.0, 0.0, 1.0, 0.0, 0.0, 22.0, 10.0, 3.0, 1
5292, 1.0, 1.0, -0.107, 0.023, 0.073, 0.0, 1.0, 0.0, 0.0, 0.0, 0.0, 0.0, 0.0, 1.0, 0.0, 0.0, 0.0, 0.0, 1.0, 0.0, 0.0, 22.0, 10.0, 3.0, 1
5292, 1.0, 1.0, -0.107, 0.023, 0.073, 0.0, 1.0, 0.0, 0.0, 0.0, 0.0, 0.0, 0.0, 1.0, 0.0, 0.0, 0.0, 0.0, 1.0, 0.0, 0.0, 22.0, 10.0, 3.0, 1
5292, 1.0, 1.0, -0.107, 0.023, 0.073, 0.0, 1.0, 0.0, 0.0, 0.0, 0.0, 0.0, 0.0, 1.0, 0.0, 0.0, 0.0, 0.0, 1.0, 0.0, 0.0, 22.0, 10.0, 3.0, 1
5292, 1.0, 2.0, -0.107, 0.822, -0.378, 0.0, 1.0, 0.0, 0.0, 0.0, 0.0, 0.0, 0.0, 0.0, 1.0, 0.0, 0.0, 0.0, 0.0, 0.0, 1.0, 22.0, 38.0, 40.0, 1
5292, 1.0, 2.0, -0.107, 0.822, -0.378, 0.0, 1.0, 0.0, 0.0, 0.0, 0.0, 0.0, 0.0, 0.0, 1.0, 0.0, 0.0, 0.0, 0.0, 0.0, 1.0, 22.0, 38.0, 40.0, 1
5292, 1.0, 2.0, -0.107, 0.822, -0.378, 0.0, 1.0, 0.0, 0.0, 0.0, 0.0, 0.0, 0.0, 0.0, 1.0, 0.0, 0.0, 0.0, 0.0, 0.0, 1.0, 22.0, 38.0, 40.0, 1
371, 7.0, 7.0, -0.122, -0.122, 0.0080, 0.0, 1.0, 0.0, 0.0, 0.0, 0.0, 0.0, 0.0, 1.0, 0.0, 0.0, 1.0, 0.0, 0.0, 0.0, 0.0, 22.0, 22.0, 27.0, 1
371, 1.0, 7.0, 0.138, -0.122, -0.122, 0.0, 0.0, 0.0, 0.0, 1.0, 0.0, 0.0, 0.0, 1.0, 0.0, 0.0, 1.0, 0.0, 0.0, 0.0, 0.0, 3.0, 22.0, 22.0, 1
371, 7.0, 7.0, -0.122, 0.0080, -0.092, 0.0, 1.0, 0.0, 0.0, 0.0, 0.0, 0.0, 0.0, 1.0, 0.0, 0.0, 1.0, 0.0, 0.0, 0.0, 0.0, 22.0, 27.0, 27.0, 1
371, 7.0, 7.0, 0.0080, -0.092, 0.0080, 0.0, 1.0, 0.0, 0.0, 0.0, 0.0, 0.0, 0.0, 1.0, 0.0, 0.0, 1.0, 0.0, 0.0, 0.0, 0.0, 27.0, 27.0, 28.0, 1
371, 7.0, 7.0, 0.0080, -0.092, 0.0080, 0.0, 1.0, 0.0, 0.0, 0.0, 0.0, 0.0, 0.0, 1.0, 0.0, 0.0, 1.0, 0.0, 0.0, 0.0, 0.0, 27.0, 27.0, 29.0, 1
371, 7.0, 7.0, -0.122, 0.0080, -0.092, 0.0, 1.0, 0.0, 0.0, 0.0, 0.0, 0.0, 0.0, 1.0, 0.0, 0.0, 1.0, 0.0, 0.0, 0.0, 0.0, 22.0, 28.0, 27.0, 1
371, 1.0, 7.0, 0.0080, 0.0080, -0.092, 0.0, 1.0, 0.0, 0.0, 0.0, 0.0, 0.0, 0.0, 1.0, 0.0, 0.0, 1.0, 0.0, 0.0, 0.0, 0.0, 28.0, 28.0, 27.0, 1
371, 7.0, 7.0, -0.122, -0.122, 0.0080, 0.0, 1.0, 0.0, 0.0, 0.0, 0.0, 0.0, 0.0, 1.0, 0.0, 0.0, 1.0, 0.0, 0.0, 0.0, 0.0, 22.0, 22.0, 28.0, 1
371, 1.0, 7.0, 0.138, -0.122, 0.0080, 0.0, 0.0, 0.0, 0.0, 1.0, 0.0, 0.0, 0.0, 1.0, 0.0, 0.0, 1.0, 0.0, 0.0, 0.0, 0.0, 3.0, 22.0, 28.0, 1
371, 1.0, 7.0, 0.139, -0.122, -0.122, 0.0, 0.0, 0.0, 0.0, 1.0, 0.0, 0.0, 0.0, 1.0, 0.0, 0.0, 1.0, 0.0, 0.0, 0.0, 0.0, 3.0, 22.0, 22.0, 1
371, 7.0, 7.0, -0.122, -0.122, 0.0080, 0.0, 1.0, 0.0, 0.0, 0.0, 0.0, 0.0, 0.0, 1.0, 0.0, 0.0, 1.0, 0.0, 0.0, 0.0, 0.0, 22.0, 22.0, 27.0, 1
371, 1.0, 7.0, 0.139, -0.122, 0.0080, 0.0, 0.0, 0.0, 0.0, 1.0, 0.0, 0.0, 0.0, 1.0, 0.0, 0.0, 1.0, 0.0, 0.0, 0.0, 0.0, 3.0, 22.0, 27.0, 1
371, 1.0, 7.0, 0.809, -0.122, -0.122, 0.0, 0.0, 0.0, 0.0, 0.0, 0.0, 1.0, 0.0, 1.0, 0.0, 0.0, 1.0, 0.0, 0.0, 0.0, 0.0, 38.0, 22.0, 22.0, 1
371, 7.0, 7.0, -0.122, -0.122, 0.0080, 0.0, 1.0, 0.0, 0.0, 0.0, 0.0, 0.0, 0.0, 1.0, 0.0, 0.0, 1.0, 0.0, 0.0, 0.0, 0.0, 22.0, 22.0, 29.0, 1
371, 1.0, 7.0, 0.138, -0.122, -0.122, 0.0, 0.0, 0.0, 0.0, 1.0, 0.0, 0.0, 0.0, 1.0, 0.0, 0.0, 1.0, 0.0, 0.0, 0.0, 0.0, 3.0, 22.0, 22.0, 1
371, 7.0, 7.0, -0.122, 0.0080, -0.092, 0.0, 1.0, 0.0, 0.0, 0.0, 0.0, 0.0, 0.0, 1.0, 0.0, 0.0, 1.0, 0.0, 0.0, 0.0, 0.0, 22.0, 29.0, 27.0, 1
371, 7.0, 7.0, 0.0080, -0.092, 0.0080, 0.0, 1.0, 0.0, 0.0, 0.0, 0.0, 0.0, 0.0, 1.0, 0.0, 0.0, 1.0, 0.0, 0.0, 0.0, 0.0, 28.0, 27.0, 29.0, 1
371, 1.0, 7.0, 0.0080, 0.0080, -0.122, 0.0, 1.0, 0.0, 0.0, 0.0, 0.0, 0.0, 0.0, 1.0, 0.0, 0.0, 1.0, 0.0, 0.0, 0.0, 0.0, 28.0, 29.0, 22.0, 1
371, 7.0, 7.0, -0.122, 0.0080, 0.0080, 0.0, 1.0, 0.0, 0.0, 0.0, 0.0, 0.0, 0.0, 1.0, 0.0, 0.0, 1.0, 0.0, 0.0, 0.0, 0.0, 22.0, 28.0, 28.0, 1
371, 7.0, 7.0, 0.0080, -0.092, 0.0080, 0.0, 1.0, 0.0, 0.0, 0.0, 0.0, 0.0, 0.0, 1.0, 0.0, 0.0, 1.0, 0.0, 0.0, 0.0, 0.0, 27.0, 27.0, 29.0, 1
371, 7.0, 7.0, -0.122, -0.122, 0.0080, 0.0, 1.0, 0.0, 0.0, 0.0, 0.0, 0.0, 0.0, 1.0, 0.0, 0.0, 1.0, 0.0, 0.0, 0.0, 0.0, 22.0, 22.0, 28.0, 1
371, 1.0, 7.0, 0.0080, 0.0080, 0.0080, 0.0, 1.0, 0.0, 0.0, 0.0, 0.0, 0.0, 0.0, 1.0, 0.0, 0.0, 1.0, 0.0, 0.0, 0.0, 0.0, 29.0, 28.0, 28.0, 1
371, 1.0, 7.0, 0.139, -0.122, -0.122, 0.0, 0.0, 0.0, 0.0, 1.0, 0.0, 0.0, 0.0, 1.0, 0.0, 0.0, 1.0, 0.0, 0.0, 0.0, 0.0, 3.0, 22.0, 22.0, 1
371, 1.0, 7.0, 0.138, -0.122, 0.0080, 0.0, 0.0, 0.0, 0.0, 1.0, 0.0, 0.0, 0.0, 1.0, 0.0, 0.0, 1.0, 0.0, 0.0, 0.0, 0.0, 3.0, 22.0, 28.0, 1
371, 7.0, 7.0, -0.122, -0.122, 0.0080, 0.0, 1.0, 0.0, 0.0, 0.0, 0.0, 0.0, 0.0, 1.0, 0.0, 0.0, 1.0, 0.0, 0.0, 0.0, 0.0, 22.0, 22.0, 28.0, 1
371, 1.0, 7.0, 0.138, -0.122, -0.122, 0.0, 0.0, 0.0, 0.0, 1.0, 0.0, 0.0, 0.0, 1.0, 0.0, 0.0, 1.0, 0.0, 0.0, 0.0, 0.0, 3.0, 22.0, 22.0, 1
371, 7.0, 7.0, -0.122, 0.0080, 0.0080, 0.0, 1.0, 0.0, 0.0, 0.0, 0.0, 0.0, 0.0, 1.0, 0.0, 0.0, 1.0, 0.0, 0.0, 0.0, 0.0, 22.0, 28.0, 28.0, 1
371, 1.0, 7.0, 0.138, -0.122, -0.122, 0.0, 0.0, 0.0, 0.0, 1.0, 0.0, 0.0, 0.0, 1.0, 0.0, 0.0, 1.0, 0.0, 0.0, 0.0, 0.0, 3.0, 22.0, 22.0, 1
371, 1.0, 7.0, 0.0080, 0.0080, -0.122, 0.0, 1.0, 0.0, 0.0, 0.0, 0.0, 0.0, 0.0, 1.0, 0.0, 0.0, 1.0, 0.0, 0.0, 0.0, 0.0, 28.0, 28.0, 22.0, 1
371, 1.0, 7.0, 0.0080, 0.0080, -0.122, 0.0, 1.0, 0.0, 0.0, 0.0, 0.0, 0.0, 0.0, 1.0, 0.0, 0.0, 1.0, 0.0, 0.0, 0.0, 0.0, 28.0, 28.0, 22.0, 1
371, 1.0, 2.0, -0.122, 0.809, -0.391, 0.0, 1.0, 0.0, 0.0, 0.0, 0.0, 0.0, 0.0, 0.0, 1.0, 0.0, 0.0, 0.0, 0.0, 0.0, 1.0, 22.0, 38.0, 40.0, 1
371, 1.0, 7.0, 0.0080, 0.0080, -0.092, 0.0, 1.0, 0.0, 0.0, 0.0, 0.0, 0.0, 0.0, 1.0, 0.0, 0.0, 1.0, 0.0, 0.0, 0.0, 0.0, 28.0, 28.0, 27.0, 1
371, 1.0, 7.0, 0.0080, 0.0080, -0.092, 0.0, 1.0, 0.0, 0.0, 0.0, 0.0, 0.0, 0.0, 1.0, 0.0, 0.0, 1.0, 0.0, 0.0, 0.0, 0.0, 28.0, 29.0, 27.0, 1
371, 1.0, 7.0, 0.0080, 0.0080, -0.122, 0.0, 1.0, 0.0, 0.0, 0.0, 0.0, 0.0, 0.0, 1.0, 0.0, 0.0, 1.0, 0.0, 0.0, 0.0, 0.0, 28.0, 29.0, 22.0, 1
371, 1.0, 2.0, -0.122, 0.809, -0.391, 0.0, 1.0, 0.0, 0.0, 0.0, 0.0, 0.0, 0.0, 0.0, 1.0, 0.0, 0.0, 0.0, 0.0, 0.0, 1.0, 22.0, 38.0, 40.0, 1
371, 1.0, 2.0, -0.122, 0.809, -0.391, 0.0, 1.0, 0.0, 0.0, 0.0, 0.0, 0.0, 0.0, 0.0, 1.0, 0.0, 0.0, 0.0, 0.0, 0.0, 1.0, 22.0, 38.0, 40.0, 1
3556, 7.0, 7.0, -0.118, -0.118, 0.012, 0.0, 1.0, 0.0, 0.0, 0.0, 0.0, 0.0, 0.0, 1.0, 0.0, 0.0, 1.0, 0.0, 0.0, 0.0, 0.0, 22.0, 22.0, 27.0, 1
3556, 1.0, 7.0, 0.141, -0.118, -0.118, 0.0, 0.0, 0.0, 0.0, 1.0, 0.0, 0.0, 0.0, 1.0, 0.0, 0.0, 1.0, 0.0, 0.0, 0.0, 0.0, 3.0, 22.0, 22.0, 1
3556, 7.0, 7.0, -0.118, 0.012, -0.089, 0.0, 1.0, 0.0, 0.0, 0.0, 0.0, 0.0, 0.0, 1.0, 0.0, 0.0, 1.0, 0.0, 0.0, 0.0, 0.0, 22.0, 27.0, 27.0, 1
3556, 7.0, 7.0, -0.089, -0.089, 0.012, 0.0, 1.0, 0.0, 0.0, 0.0, 0.0, 0.0, 0.0, 1.0, 0.0, 0.0, 1.0, 0.0, 0.0, 0.0, 0.0, 27.0, 27.0, 27.0, 1
3556, 7.0, 7.0, -0.118, 0.012, -0.089, 0.0, 1.0, 0.0, 0.0, 0.0, 0.0, 0.0, 0.0, 1.0, 0.0, 0.0, 1.0, 0.0, 0.0, 0.0, 0.0, 22.0, 27.0, 27.0, 1
3556, 7.0, 7.0, 0.012, 0.012, -0.089, 0.0, 1.0, 0.0, 0.0, 0.0, 0.0, 0.0, 0.0, 1.0, 0.0, 0.0, 1.0, 0.0, 0.0, 0.0, 0.0, 22.0, 27.0, 27.0, 1
3556, 7.0, 7.0, -0.118, -0.118, 0.012, 0.0, 1.0, 0.0, 0.0, 0.0, 0.0, 0.0, 0.0, 1.0, 0.0, 0.0, 1.0, 0.0, 0.0, 0.0, 0.0, 22.0, 22.0, 27.0, 1
3556, 1.0, 7.0, 0.811, -0.118, 0.012, 0.0, 0.0, 0.0, 0.0, 0.0, 0.0, 1.0, 0.0, 1.0, 0.0, 0.0, 1.0, 0.0, 0.0, 0.0, 0.0, 38.0, 22.0, 27.0, 1
3556, 1.0, 7.0, 0.141, -0.118, -0.118, 0.0, 0.0, 0.0, 0.0, 1.0, 0.0, 0.0, 0.0, 1.0, 0.0, 0.0, 1.0, 0.0, 0.0, 0.0, 0.0, 3.0, 22.0, 22.0, 1
3556, 7.0, 7.0, -0.118, -0.118, 0.012, 0.0, 1.0, 0.0, 0.0, 0.0, 0.0, 0.0, 0.0, 1.0, 0.0, 0.0, 1.0, 0.0, 0.0, 0.0, 0.0, 22.0, 22.0, 27.0, 1
3556, 1.0, 7.0, 0.141, -0.118, 0.012, 0.0, 0.0, 0.0, 0.0, 1.0, 0.0, 0.0, 0.0, 1.0, 0.0, 0.0, 1.0, 0.0, 0.0, 0.0, 0.0, 3.0, 22.0, 27.0, 1
3556, 7.0, 7.0, -0.118, -0.118, 0.012, 0.0, 1.0, 0.0, 0.0, 0.0, 0.0, 0.0, 0.0, 1.0, 0.0, 0.0, 1.0, 0.0, 0.0, 0.0, 0.0, 22.0, 22.0, 27.0, 1
3556, 1.0, 7.0, 0.141, -0.118, -0.118, 0.0, 0.0, 0.0, 0.0, 1.0, 0.0, 0.0, 0.0, 1.0, 0.0, 0.0, 1.0, 0.0, 0.0, 0.0, 0.0, 3.0, 22.0, 22.0, 1
3556, 7.0, 7.0, -0.118, 0.012, -0.089, 0.0, 1.0, 0.0, 0.0, 0.0, 0.0, 0.0, 0.0, 1.0, 0.0, 0.0, 1.0, 0.0, 0.0, 0.0, 0.0, 22.0, 27.0, 27.0, 1
3556, 7.0, 7.0, -0.089, -0.089, 0.012, 0.0, 1.0, 0.0, 0.0, 0.0, 0.0, 0.0, 0.0, 1.0, 0.0, 0.0, 1.0, 0.0, 0.0, 0.0, 0.0, 27.0, 27.0, 27.0, 1
3556, 7.0, 7.0, -0.089, -0.089, 0.012, 0.0, 1.0, 0.0, 0.0, 0.0, 0.0, 0.0, 0.0, 1.0, 0.0, 0.0, 1.0, 0.0, 0.0, 0.0, 0.0, 27.0, 27.0, 27.0, 1
3556, 7.0, 7.0, 0.012, 0.012, -0.089, 0.0, 1.0, 0.0, 0.0, 0.0, 0.0, 0.0, 0.0, 1.0, 0.0, 0.0, 1.0, 0.0, 0.0, 0.0, 0.0, 22.0, 27.0, 27.0, 1
3556, 7.0, 7.0, -0.089, -0.089, 0.012, 0.0, 1.0, 0.0, 0.0, 0.0, 0.0, 0.0, 0.0, 1.0, 0.0, 0.0, 1.0, 0.0, 0.0, 0.0, 0.0, 27.0, 27.0, 27.0, 1
3556, 7.0, 7.0, 0.012, 0.012, 0.012, 0.0, 1.0, 0.0, 0.0, 0.0, 0.0, 0.0, 0.0, 1.0, 0.0, 0.0, 1.0, 0.0, 0.0, 0.0, 0.0, 22.0, 22.0, 27.0, 1
3556, 7.0, 7.0, -0.118, 0.012, -0.089, 0.0, 1.0, 0.0, 0.0, 0.0, 0.0, 0.0, 0.0, 1.0, 0.0, 0.0, 1.0, 0.0, 0.0, 0.0, 0.0, 22.0, 27.0, 27.0, 1
3556, 7.0, 7.0, 0.012, 0.012, 0.012, 0.0, 1.0, 0.0, 0.0, 0.0, 0.0, 0.0, 0.0, 1.0, 0.0, 0.0, 1.0, 0.0, 0.0, 0.0, 0.0, 22.0, 22.0, 27.0, 1
3556, 1.0, 7.0, -0.089, 0.012, 0.012, 0.0, 1.0, 0.0, 0.0, 0.0, 0.0, 0.0, 0.0, 1.0, 0.0, 0.0, 1.0, 0.0, 0.0, 0.0, 0.0, 10.0, 22.0, 27.0, 1
3556, 7.0, 7.0, -0.118, 0.012, 0.012, 0.0, 1.0, 0.0, 0.0, 0.0, 0.0, 0.0, 0.0, 1.0, 0.0, 0.0, 1.0, 0.0, 0.0, 0.0, 0.0, 22.0, 27.0, 22.0, 1
3556, 1.0, 7.0, -0.089, 0.012, 0.012, 0.0, 1.0, 0.0, 0.0, 0.0, 0.0, 0.0, 0.0, 1.0, 0.0, 0.0, 1.0, 0.0, 0.0, 0.0, 0.0, 10.0, 22.0, 22.0, 1
3556, 7.0, 7.0, -0.118, -0.118, 0.012, 0.0, 1.0, 0.0, 0.0, 0.0, 0.0, 0.0, 0.0, 1.0, 0.0, 0.0, 1.0, 0.0, 0.0, 0.0, 0.0, 22.0, 22.0, 27.0, 1
3556, 7.0, 7.0, 0.012, 0.012, -0.089, 0.0, 1.0, 0.0, 0.0, 0.0, 0.0, 0.0, 0.0, 1.0, 0.0, 0.0, 1.0, 0.0, 0.0, 0.0, 0.0, 22.0, 27.0, 27.0, 1
3556, 1.0, 7.0, 0.141, -0.118, -0.118, 0.0, 0.0, 0.0, 0.0, 1.0, 0.0, 0.0, 0.0, 1.0, 0.0, 0.0, 1.0, 0.0, 0.0, 0.0, 0.0, 3.0, 22.0, 22.0, 1
3556, 1.0, 7.0, 0.141, -0.118, 0.012, 0.0, 0.0, 0.0, 0.0, 1.0, 0.0, 0.0, 0.0, 1.0, 0.0, 0.0, 1.0, 0.0, 0.0, 0.0, 0.0, 3.0, 22.0, 27.0, 1
3556, 1.0, 7.0, 0.811, -0.118, -0.118, 0.0, 0.0, 0.0, 0.0, 0.0, 0.0, 1.0, 0.0, 1.0, 0.0, 0.0, 1.0, 0.0, 0.0, 0.0, 0.0, 38.0, 22.0, 22.0, 1
3556, 7.0, 7.0, -0.118, -0.118, 0.012, 0.0, 1.0, 0.0, 0.0, 0.0, 0.0, 0.0, 0.0, 1.0, 0.0, 0.0, 1.0, 0.0, 0.0, 0.0, 0.0, 22.0, 22.0, 27.0, 1
3556, 7.0, 7.0, -0.118, 0.012, -0.089, 0.0, 1.0, 0.0, 0.0, 0.0, 0.0, 0.0, 0.0, 1.0, 0.0, 0.0, 1.0, 0.0, 0.0, 0.0, 0.0, 22.0, 27.0, 27.0, 1
3556, 7.0, 7.0, -0.118, 0.012, 0.012, 0.0, 1.0, 0.0, 0.0, 0.0, 0.0, 0.0, 0.0, 1.0, 0.0, 0.0, 1.0, 0.0, 0.0, 0.0, 0.0, 22.0, 27.0, 22.0, 1
3556, 1.0, 1.0, 0.012, -0.089, 0.062, 0.0, 1.0, 0.0, 0.0, 0.0, 0.0, 0.0, 0.0, 1.0, 0.0, 0.0, 0.0, 0.0, 1.0, 0.0, 0.0, 22.0, 10.0, 3.0, 1
3556, 1.0, 1.0, -0.089, -0.089, 0.062, 0.0, 1.0, 0.0, 0.0, 0.0, 0.0, 0.0, 0.0, 1.0, 0.0, 0.0, 0.0, 0.0, 1.0, 0.0, 0.0, 10.0, 10.0, 3.0, 1
3556, 1.0, 1.0, -0.089, -0.089, 0.012, 0.0, 1.0, 0.0, 0.0, 0.0, 0.0, 0.0, 0.0, 1.0, 0.0, 0.0, 1.0, 0.0, 0.0, 0.0, 0.0, 10.0, 10.0, 22.0, 1
3556, 1.0, 1.0, 0.012, -0.089, 0.062, 0.0, 1.0, 0.0, 0.0, 0.0, 0.0, 0.0, 0.0, 1.0, 0.0, 0.0, 0.0, 0.0, 1.0, 0.0, 0.0, 22.0, 10.0, 3.0, 1
3556, 1.0, 1.0, -0.089, -0.089, 0.062, 0.0, 1.0, 0.0, 0.0, 0.0, 0.0, 0.0, 0.0, 1.0, 0.0, 0.0, 0.0, 0.0, 1.0, 0.0, 0.0, 10.0, 10.0, 3.0, 1
3556, 1.0, 1.0, -0.089, -0.089, 0.012, 0.0, 1.0, 0.0, 0.0, 0.0, 0.0, 0.0, 0.0, 1.0, 0.0, 0.0, 1.0, 0.0, 0.0, 0.0, 0.0, 10.0, 10.0, 22.0, 1
3556, 1.0, 1.0, -0.089, -0.089, 0.062, 0.0, 1.0, 0.0, 0.0, 0.0, 0.0, 0.0, 0.0, 1.0, 0.0, 0.0, 0.0, 0.0, 1.0, 0.0, 0.0, 10.0, 10.0, 3.0, 1
3556, 1.0, 1.0, -0.089, -0.089, 0.062, 0.0, 1.0, 0.0, 0.0, 0.0, 0.0, 0.0, 0.0, 1.0, 0.0, 0.0, 0.0, 0.0, 1.0, 0.0, 0.0, 10.0, 10.0, 3.0, 1
3556, 1.0, 7.0, -0.089, 0.012, 0.012, 0.0, 1.0, 0.0, 0.0, 0.0, 0.0, 0.0, 0.0, 1.0, 0.0, 0.0, 1.0, 0.0, 0.0, 0.0, 0.0, 10.0, 22.0, 27.0, 1
3556, 1.0, 7.0, -0.089, 0.012, 0.012, 0.0, 1.0, 0.0, 0.0, 0.0, 0.0, 0.0, 0.0, 1.0, 0.0, 0.0, 1.0, 0.0, 0.0, 0.0, 0.0, 10.0, 22.0, 22.0, 1
3556, 1.0, 1.0, -0.089, -0.089, 0.062, 0.0, 1.0, 0.0, 0.0, 0.0, 0.0, 0.0, 0.0, 1.0, 0.0, 0.0, 0.0, 0.0, 1.0, 0.0, 0.0, 10.0, 10.0, 3.0, 1
3556, 1.0, 1.0, -0.089, -0.089, 0.062, 0.0, 1.0, 0.0, 0.0, 0.0, 0.0, 0.0, 0.0, 1.0, 0.0, 0.0, 0.0, 0.0, 1.0, 0.0, 0.0, 10.0, 10.0, 3.0, 1
3556, 1.0, 2.0, -0.118, 0.811, -0.389, 0.0, 1.0, 0.0, 0.0, 0.0, 0.0, 0.0, 0.0, 0.0, 1.0, 0.0, 0.0, 0.0, 0.0, 0.0, 1.0, 22.0, 38.0, 40.0, 1
3556, 1.0, 2.0, -0.118, 0.811, -0.39, 0.0, 1.0, 0.0, 0.0, 0.0, 0.0, 0.0, 0.0, 0.0, 1.0, 0.0, 0.0, 0.0, 0.0, 0.0, 1.0, 22.0, 38.0, 40.0, 1
3556, 1.0, 7.0, 0.811, -0.118, 0.012, 0.0, 0.0, 0.0, 0.0, 0.0, 0.0, 1.0, 0.0, 1.0, 0.0, 0.0, 1.0, 0.0, 0.0, 0.0, 0.0, 38.0, 22.0, 27.0, 1
3556, 1.0, 7.0, 0.811, -0.118, -0.118, 0.0, 0.0, 0.0, 0.0, 0.0, 0.0, 1.0, 0.0, 1.0, 0.0, 0.0, 1.0, 0.0, 0.0, 0.0, 0.0, 38.0, 22.0, 22.0, 1
3556, 1.0, 2.0, -0.118, 0.811, -0.39, 0.0, 1.0, 0.0, 0.0, 0.0, 0.0, 0.0, 0.0, 0.0, 1.0, 0.0, 0.0, 0.0, 0.0, 0.0, 1.0, 22.0, 38.0, 40.0, 1
3556, 2.0, 2.0, -0.39, 0.811, -0.389, 0.0, 0.0, 0.0, 0.0, 0.0, 0.0, 0.0, 1.0, 0.0, 1.0, 0.0, 0.0, 0.0, 0.0, 0.0, 1.0, 40.0, 38.0, 40.0, 1
3556, 2.0, 2.0, -0.39, 0.811, -0.389, 0.0, 0.0, 0.0, 0.0, 0.0, 0.0, 0.0, 1.0, 0.0, 1.0, 0.0, 0.0, 0.0, 0.0, 0.0, 1.0, 40.0, 38.0, 40.0, 1
3556, 1.0, 2.0, -0.118, 0.811, -0.39, 0.0, 1.0, 0.0, 0.0, 0.0, 0.0, 0.0, 0.0, 0.0, 1.0, 0.0, 0.0, 0.0, 0.0, 0.0, 1.0, 22.0, 38.0, 40.0, 1
965, 7.0, 7.0, -0.115, 0.015, -0.085, 0.0, 1.0, 0.0, 0.0, 0.0, 0.0, 0.0, 0.0, 1.0, 0.0, 0.0, 1.0, 0.0, 0.0, 0.0, 0.0, 22.0, 27.0, 27.0, 1
965, 7.0, 7.0, -0.115, -0.085, 0.015, 0.0, 1.0, 0.0, 0.0, 0.0, 0.0, 0.0, 0.0, 1.0, 0.0, 0.0, 1.0, 0.0, 0.0, 0.0, 0.0, 22.0, 27.0, 27.0, 1
965, 7.0, 7.0, -0.085, -0.085, 0.015, 0.0, 1.0, 0.0, 0.0, 0.0, 0.0, 0.0, 0.0, 1.0, 0.0, 0.0, 1.0, 0.0, 0.0, 0.0, 0.0, 27.0, 27.0, 27.0, 1
965, 7.0, 7.0, -0.115, -0.115, -0.085, 0.0, 1.0, 0.0, 0.0, 0.0, 0.0, 0.0, 0.0, 1.0, 0.0, 0.0, 1.0, 0.0, 0.0, 0.0, 0.0, 22.0, 22.0, 27.0, 1
965, 1.0, 7.0, 0.144, -0.115, -0.085, 0.0, 0.0, 0.0, 0.0, 1.0, 0.0, 0.0, 0.0, 1.0, 0.0, 0.0, 1.0, 0.0, 0.0, 0.0, 0.0, 3.0, 22.0, 27.0, 1
965, 1.0, 7.0, 0.144, -0.115, -0.115, 0.0, 0.0, 0.0, 0.0, 1.0, 0.0, 0.0, 0.0, 1.0, 0.0, 0.0, 1.0, 0.0, 0.0, 0.0, 0.0, 3.0, 22.0, 22.0, 1
965, 1.0, 7.0, 0.145, -0.115, -0.115, 0.0, 0.0, 0.0, 0.0, 1.0, 0.0, 0.0, 0.0, 1.0, 0.0, 0.0, 1.0, 0.0, 0.0, 0.0, 0.0, 3.0, 22.0, 22.0, 1
965, 7.0, 7.0, -0.115, -0.115, 0.015, 0.0, 1.0, 0.0, 0.0, 0.0, 0.0, 0.0, 0.0, 1.0, 0.0, 0.0, 1.0, 0.0, 0.0, 0.0, 0.0, 22.0, 22.0, 27.0, 1
965, 1.0, 7.0, 0.144, -0.115, -0.115, 0.0, 0.0, 0.0, 0.0, 1.0, 0.0, 0.0, 0.0, 1.0, 0.0, 0.0, 1.0, 0.0, 0.0, 0.0, 0.0, 3.0, 22.0, 22.0, 1
965, 7.0, 7.0, -0.115, -0.115, 0.015, 0.0, 1.0, 0.0, 0.0, 0.0, 0.0, 0.0, 0.0, 1.0, 0.0, 0.0, 1.0, 0.0, 0.0, 0.0, 0.0, 22.0, 22.0, 27.0, 1
965, 1.0, 7.0, 0.145, -0.115, 0.015, 0.0, 0.0, 0.0, 0.0, 1.0, 0.0, 0.0, 0.0, 1.0, 0.0, 0.0, 1.0, 0.0, 0.0, 0.0, 0.0, 3.0, 22.0, 27.0, 1
965, 7.0, 7.0, -0.115, -0.115, 0.015, 0.0, 1.0, 0.0, 0.0, 0.0, 0.0, 0.0, 0.0, 1.0, 0.0, 0.0, 1.0, 0.0, 0.0, 0.0, 0.0, 22.0, 22.0, 27.0, 1
965, 1.0, 7.0, 0.145, -0.115, -0.115, 0.0, 0.0, 0.0, 0.0, 1.0, 0.0, 0.0, 0.0, 1.0, 0.0, 0.0, 1.0, 0.0, 0.0, 0.0, 0.0, 3.0, 22.0, 22.0, 1
965, 7.0, 7.0, -0.115, 0.015, -0.085, 0.0, 1.0, 0.0, 0.0, 0.0, 0.0, 0.0, 0.0, 1.0, 0.0, 0.0, 1.0, 0.0, 0.0, 0.0, 0.0, 22.0, 27.0, 27.0, 1
965, 7.0, 7.0, -0.085, -0.085, 0.015, 0.0, 1.0, 0.0, 0.0, 0.0, 0.0, 0.0, 0.0, 1.0, 0.0, 0.0, 1.0, 0.0, 0.0, 0.0, 0.0, 27.0, 27.0, 27.0, 1
965, 7.0, 7.0, -0.085, -0.085, 0.015, 0.0, 1.0, 0.0, 0.0, 0.0, 0.0, 0.0, 0.0, 1.0, 0.0, 0.0, 1.0, 0.0, 0.0, 0.0, 0.0, 25.0, 27.0, 27.0, 1
965, 7.0, 7.0, -0.085, -0.085, 0.015, 0.0, 1.0, 0.0, 0.0, 0.0, 0.0, 0.0, 0.0, 1.0, 0.0, 0.0, 1.0, 0.0, 0.0, 0.0, 0.0, 27.0, 27.0, 27.0, 1
965, 7.0, 7.0, -0.115, -0.085, -0.085, 0.0, 1.0, 0.0, 0.0, 0.0, 0.0, 0.0, 0.0, 1.0, 0.0, 0.0, 1.0, 0.0, 0.0, 0.0, 0.0, 22.0, 27.0, 27.0, 1
965, 7.0, 7.0, -0.115, 0.015, -0.085, 0.0, 1.0, 0.0, 0.0, 0.0, 0.0, 0.0, 0.0, 1.0, 0.0, 0.0, 1.0, 0.0, 0.0, 0.0, 0.0, 22.0, 27.0, 27.0, 1
965, 1.0, 7.0, 0.145, -0.115, 0.015, 0.0, 0.0, 0.0, 0.0, 1.0, 0.0, 0.0, 0.0, 1.0, 0.0, 0.0, 1.0, 0.0, 0.0, 0.0, 0.0, 3.0, 22.0, 27.0, 1
965, 7.0, 7.0, -0.085, -0.085, 0.015, 0.0, 1.0, 0.0, 0.0, 0.0, 0.0, 0.0, 0.0, 1.0, 0.0, 0.0, 1.0, 0.0, 0.0, 0.0, 0.0, 26.0, 27.0, 27.0, 1
965, 7.0, 7.0, -0.085, -0.085, 0.015, 0.0, 1.0, 0.0, 0.0, 0.0, 0.0, 0.0, 0.0, 1.0, 0.0, 0.0, 1.0, 0.0, 0.0, 0.0, 0.0, 25.0, 27.0, 27.0, 1
965, 7.0, 7.0, -0.085, -0.085, -0.085, 0.0, 1.0, 0.0, 0.0, 0.0, 0.0, 0.0, 0.0, 1.0, 0.0, 0.0, 1.0, 0.0, 0.0, 0.0, 0.0, 25.0, 27.0, 27.0, 1
965, 7.0, 7.0, -0.115, -0.085, -0.085, 0.0, 1.0, 0.0, 0.0, 0.0, 0.0, 0.0, 0.0, 1.0, 0.0, 0.0, 1.0, 0.0, 0.0, 0.0, 0.0, 21.0, 25.0, 27.0, 1
965, 7.0, 7.0, -0.115, -0.115, 0.015, 0.0, 1.0, 0.0, 0.0, 0.0, 0.0, 0.0, 0.0, 1.0, 0.0, 0.0, 1.0, 0.0, 0.0, 0.0, 0.0, 22.0, 22.0, 27.0, 1
965, 7.0, 7.0, -0.085, -0.085, 0.015, 0.0, 1.0, 0.0, 0.0, 0.0, 0.0, 0.0, 0.0, 1.0, 0.0, 0.0, 1.0, 0.0, 0.0, 0.0, 0.0, 25.0, 27.0, 27.0, 1
965, 1.0, 7.0, 0.144, -0.115, -0.115, 0.0, 0.0, 0.0, 0.0, 1.0, 0.0, 0.0, 0.0, 1.0, 0.0, 0.0, 1.0, 0.0, 0.0, 0.0, 0.0, 3.0, 22.0, 22.0, 1
965, 1.0, 7.0, 0.144, -0.115, 0.015, 0.0, 0.0, 0.0, 0.0, 1.0, 0.0, 0.0, 0.0, 1.0, 0.0, 0.0, 1.0, 0.0, 0.0, 0.0, 0.0, 3.0, 22.0, 27.0, 1
965, 1.0, 7.0, 0.144, -0.115, -0.115, 0.0, 0.0, 0.0, 0.0, 1.0, 0.0, 0.0, 0.0, 1.0, 0.0, 0.0, 1.0, 0.0, 0.0, 0.0, 0.0, 3.0, 22.0, 22.0, 1
965, 7.0, 7.0, -0.115, -0.115, -0.085, 0.0, 1.0, 0.0, 0.0, 0.0, 0.0, 0.0, 0.0, 1.0, 0.0, 0.0, 1.0, 0.0, 0.0, 0.0, 0.0, 22.0, 22.0, 26.0, 1
965, 7.0, 7.0, 0.015, -0.085, -0.115, 0.0, 1.0, 0.0, 0.0, 0.0, 0.0, 0.0, 0.0, 1.0, 0.0, 0.0, 1.0, 0.0, 0.0, 0.0, 0.0, 21.0, 26.0, 22.0, 1
965, 7.0, 7.0, -0.115, -0.085, -0.085, 0.0, 1.0, 0.0, 0.0, 0.0, 0.0, 0.0, 0.0, 1.0, 0.0, 0.0, 1.0, 0.0, 0.0, 0.0, 0.0, 22.0, 26.0, 27.0, 1
965, 7.0, 7.0, -0.115, -0.085, -0.085, 0.0, 1.0, 0.0, 0.0, 0.0, 0.0, 0.0, 0.0, 1.0, 0.0, 0.0, 1.0, 0.0, 0.0, 0.0, 0.0, 21.0, 25.0, 27.0, 1
965, 7.0, 7.0, -0.115, -0.085, -0.085, 0.0, 1.0, 0.0, 0.0, 0.0, 0.0, 0.0, 0.0, 1.0, 0.0, 0.0, 1.0, 0.0, 0.0, 0.0, 0.0, 21.0, 25.0, 27.0, 1
965, 7.0, 7.0, -0.085, -0.085, -0.085, 0.0, 1.0, 0.0, 0.0, 0.0, 0.0, 0.0, 0.0, 1.0, 0.0, 0.0, 1.0, 0.0, 0.0, 0.0, 0.0, 25.0, 27.0, 26.0, 1
965, 7.0, 7.0, -0.085, -0.085, 0.015, 0.0, 1.0, 0.0, 0.0, 0.0, 0.0, 0.0, 0.0, 1.0, 0.0, 0.0, 1.0, 0.0, 0.0, 0.0, 0.0, 26.0, 27.0, 27.0, 1
965, 7.0, 7.0, 0.015, -0.085, -0.085, 0.0, 1.0, 0.0, 0.0, 0.0, 0.0, 0.0, 0.0, 1.0, 0.0, 0.0, 1.0, 0.0, 0.0, 0.0, 0.0, 21.0, 26.0, 27.0, 1
965, 7.0, 7.0, 0.015, -0.085, -0.115, 0.0, 1.0, 0.0, 0.0, 0.0, 0.0, 0.0, 0.0, 1.0, 0.0, 0.0, 1.0, 0.0, 0.0, 0.0, 0.0, 21.0, 26.0, 22.0, 1
965, 7.0, 7.0, -0.115, 0.015, -0.085, 0.0, 1.0, 0.0, 0.0, 0.0, 0.0, 0.0, 0.0, 1.0, 0.0, 0.0, 1.0, 0.0, 0.0, 0.0, 0.0, 21.0, 21.0, 26.0, 1
965, 1.0, 7.0, 0.814, 0.015, -0.115, 0.0, 0.0, 0.0, 0.0, 0.0, 0.0, 1.0, 0.0, 1.0, 0.0, 0.0, 1.0, 0.0, 0.0, 0.0, 0.0, 38.0, 21.0, 21.0, 1
965, 1.0, 2.0, 0.015, 0.814, -0.386, 0.0, 1.0, 0.0, 0.0, 0.0, 0.0, 0.0, 0.0, 0.0, 1.0, 0.0, 0.0, 0.0, 0.0, 0.0, 1.0, 21.0, 38.0, 40.0, 1
965, 1.0, 7.0, 0.814, 0.015, -0.085, 0.0, 0.0, 0.0, 0.0, 0.0, 0.0, 1.0, 0.0, 1.0, 0.0, 0.0, 1.0, 0.0, 0.0, 0.0, 0.0, 38.0, 21.0, 26.0, 1
965, 1.0, 7.0, 0.814, 0.015, -0.115, 0.0, 0.0, 0.0, 0.0, 0.0, 0.0, 1.0, 0.0, 1.0, 0.0, 0.0, 1.0, 0.0, 0.0, 0.0, 0.0, 38.0, 21.0, 21.0, 1
3962, 1.0, 7.0, 0.147, -0.113, -0.113, 0.0, 0.0, 0.0, 0.0, 1.0, 0.0, 0.0, 0.0, 1.0, 0.0, 0.0, 1.0, 0.0, 0.0, 0.0, 0.0, 3.0, 22.0, 22.0, 1
3962, 7.0, 7.0, -0.113, -0.113, 0.017, 0.0, 1.0, 0.0, 0.0, 0.0, 0.0, 0.0, 0.0, 1.0, 0.0, 0.0, 1.0, 0.0, 0.0, 0.0, 0.0, 22.0, 22.0, 29.0, 1
3962, 1.0, 7.0, 0.147, -0.113, -0.113, 0.0, 0.0, 0.0, 0.0, 1.0, 0.0, 0.0, 0.0, 1.0, 0.0, 0.0, 1.0, 0.0, 0.0, 0.0, 0.0, 3.0, 22.0, 22.0, 1
3962, 1.0, 7.0, 0.017, 0.017, -0.113, 0.0, 1.0, 0.0, 0.0, 0.0, 0.0, 0.0, 0.0, 1.0, 0.0, 0.0, 1.0, 0.0, 0.0, 0.0, 0.0, 29.0, 29.0, 22.0, 1
3962, 7.0, 7.0, -0.113, -0.113, 0.017, 0.0, 1.0, 0.0, 0.0, 0.0, 0.0, 0.0, 0.0, 1.0, 0.0, 0.0, 1.0, 0.0, 0.0, 0.0, 0.0, 22.0, 22.0, 29.0, 1
3962, 1.0, 7.0, 0.147, -0.113, 0.017, 0.0, 0.0, 0.0, 0.0, 1.0, 0.0, 0.0, 0.0, 1.0, 0.0, 0.0, 1.0, 0.0, 0.0, 0.0, 0.0, 3.0, 22.0, 29.0, 1
3962, 1.0, 7.0, 0.818, -0.113, -0.113, 0.0, 0.0, 0.0, 0.0, 0.0, 0.0, 1.0, 0.0, 1.0, 0.0, 0.0, 1.0, 0.0, 0.0, 0.0, 0.0, 38.0, 22.0, 22.0, 1
3962, 1.0, 7.0, 0.818, -0.113, -0.113, 0.0, 0.0, 0.0, 0.0, 0.0, 0.0, 1.0, 0.0, 1.0, 0.0, 0.0, 1.0, 0.0, 0.0, 0.0, 0.0, 38.0, 22.0, 22.0, 1
3962, 7.0, 7.0, -0.113, -0.113, 0.017, 0.0, 1.0, 0.0, 0.0, 0.0, 0.0, 0.0, 0.0, 1.0, 0.0, 0.0, 1.0, 0.0, 0.0, 0.0, 0.0, 22.0, 22.0, 29.0, 1
3962, 1.0, 7.0, 0.147, -0.113, 0.017, 0.0, 0.0, 0.0, 0.0, 1.0, 0.0, 0.0, 0.0, 1.0, 0.0, 0.0, 1.0, 0.0, 0.0, 0.0, 0.0, 3.0, 22.0, 29.0, 1
3962, 1.0, 7.0, 0.147, -0.113, -0.113, 0.0, 0.0, 0.0, 0.0, 1.0, 0.0, 0.0, 0.0, 1.0, 0.0, 0.0, 1.0, 0.0, 0.0, 0.0, 0.0, 3.0, 22.0, 22.0, 1
3962, 1.0, 7.0, 0.818, -0.113, -0.113, 0.0, 0.0, 0.0, 0.0, 0.0, 0.0, 1.0, 0.0, 1.0, 0.0, 0.0, 1.0, 0.0, 0.0, 0.0, 0.0, 38.0, 22.0, 22.0, 1
3962, 1.0, 7.0, 0.147, -0.113, -0.113, 0.0, 0.0, 0.0, 0.0, 1.0, 0.0, 0.0, 0.0, 1.0, 0.0, 0.0, 1.0, 0.0, 0.0, 0.0, 0.0, 3.0, 22.0, 22.0, 1
3962, 7.0, 7.0, -0.113, -0.113, 0.017, 0.0, 1.0, 0.0, 0.0, 0.0, 0.0, 0.0, 0.0, 1.0, 0.0, 0.0, 1.0, 0.0, 0.0, 0.0, 0.0, 22.0, 22.0, 29.0, 1
3962, 1.0, 7.0, 0.818, -0.113, -0.113, 0.0, 0.0, 0.0, 0.0, 0.0, 0.0, 1.0, 0.0, 1.0, 0.0, 0.0, 1.0, 0.0, 0.0, 0.0, 0.0, 38.0, 22.0, 22.0, 1
3962, 1.0, 7.0, 0.017, 0.017, -0.113, 0.0, 1.0, 0.0, 0.0, 0.0, 0.0, 0.0, 0.0, 1.0, 0.0, 0.0, 1.0, 0.0, 0.0, 0.0, 0.0, 29.0, 29.0, 22.0, 1
3962, 1.0, 7.0, 0.017, 0.017, -0.113, 0.0, 1.0, 0.0, 0.0, 0.0, 0.0, 0.0, 0.0, 1.0, 0.0, 0.0, 1.0, 0.0, 0.0, 0.0, 0.0, 29.0, 29.0, 22.0, 1
3962, 1.0, 7.0, 0.017, 0.017, -0.113, 0.0, 1.0, 0.0, 0.0, 0.0, 0.0, 0.0, 0.0, 1.0, 0.0, 0.0, 1.0, 0.0, 0.0, 0.0, 0.0, 29.0, 29.0, 22.0, 1
3962, 1.0, 7.0, 0.818, -0.113, -0.113, 0.0, 0.0, 0.0, 0.0, 0.0, 0.0, 1.0, 0.0, 1.0, 0.0, 0.0, 1.0, 0.0, 0.0, 0.0, 0.0, 38.0, 22.0, 22.0, 1
3962, 1.0, 7.0, 0.818, -0.113, 0.017, 0.0, 0.0, 0.0, 0.0, 0.0, 0.0, 1.0, 0.0, 1.0, 0.0, 0.0, 1.0, 0.0, 0.0, 0.0, 0.0, 38.0, 22.0, 29.0, 1
3962, 1.0, 2.0, -0.113, 0.818, -0.382, 0.0, 1.0, 0.0, 0.0, 0.0, 0.0, 0.0, 0.0, 0.0, 1.0, 0.0, 0.0, 0.0, 0.0, 0.0, 1.0, 22.0, 38.0, 40.0, 1
3962, 1.0, 2.0, -0.113, 0.818, -0.383, 0.0, 1.0, 0.0, 0.0, 0.0, 0.0, 0.0, 0.0, 0.0, 1.0, 0.0, 0.0, 0.0, 0.0, 0.0, 1.0, 22.0, 38.0, 40.0, 1
3962, 1.0, 2.0, -0.113, 0.818, -0.382, 0.0, 1.0, 0.0, 0.0, 0.0, 0.0, 0.0, 0.0, 0.0, 1.0, 0.0, 0.0, 0.0, 0.0, 0.0, 1.0, 22.0, 38.0, 40.0, 1
3962, 1.0, 2.0, -0.113, 0.818, -0.382, 0.0, 1.0, 0.0, 0.0, 0.0, 0.0, 0.0, 0.0, 0.0, 1.0, 0.0, 0.0, 0.0, 0.0, 0.0, 1.0, 22.0, 38.0, 40.0, 1
3962, 1.0, 2.0, -0.113, 0.818, -0.383, 0.0, 1.0, 0.0, 0.0, 0.0, 0.0, 0.0, 0.0, 0.0, 1.0, 0.0, 0.0, 0.0, 0.0, 0.0, 1.0, 22.0, 38.0, 40.0, 1
3962, 1.0, 2.0, -0.113, 0.818, -0.382, 0.0, 1.0, 0.0, 0.0, 0.0, 0.0, 0.0, 0.0, 0.0, 1.0, 0.0, 0.0, 0.0, 0.0, 0.0, 1.0, 22.0, 38.0, 40.0, 1
3962, 2.0, 2.0, -0.383, 0.818, -0.382, 0.0, 0.0, 0.0, 0.0, 0.0, 0.0, 0.0, 1.0, 0.0, 1.0, 0.0, 0.0, 0.0, 0.0, 0.0, 1.0, 40.0, 38.0, 40.0, 1
3962, 1.0, 2.0, -0.113, 0.818, -0.382, 0.0, 1.0, 0.0, 0.0, 0.0, 0.0, 0.0, 0.0, 0.0, 1.0, 0.0, 0.0, 0.0, 0.0, 0.0, 1.0, 22.0, 38.0, 40.0, 1
3962, 2.0, 2.0, -0.383, 0.818, -0.382, 0.0, 0.0, 0.0, 0.0, 0.0, 0.0, 0.0, 1.0, 0.0, 1.0, 0.0, 0.0, 0.0, 0.0, 0.0, 1.0, 40.0, 38.0, 40.0, 1
3962, 1.0, 2.0, -0.113, 0.818, -0.382, 0.0, 1.0, 0.0, 0.0, 0.0, 0.0, 0.0, 0.0, 0.0, 1.0, 0.0, 0.0, 0.0, 0.0, 0.0, 1.0, 22.0, 38.0, 40.0, 1
3962, 1.0, 2.0, -0.113, 0.818, -0.382, 0.0, 1.0, 0.0, 0.0, 0.0, 0.0, 0.0, 0.0, 0.0, 1.0, 0.0, 0.0, 0.0, 0.0, 0.0, 1.0, 22.0, 38.0, 40.0, 1
3962, 1.0, 2.0, -0.113, 0.818, -0.383, 0.0, 1.0, 0.0, 0.0, 0.0, 0.0, 0.0, 0.0, 0.0, 1.0, 0.0, 0.0, 0.0, 0.0, 0.0, 1.0, 22.0, 38.0, 40.0, 1
4251, 7.0, 7.0, -0.11, -0.11, 0.02, 0.0, 1.0, 0.0, 0.0, 0.0, 0.0, 0.0, 0.0, 1.0, 0.0, 0.0, 1.0, 0.0, 0.0, 0.0, 0.0, 22.0, 22.0, 27.0, 1
4251, 1.0, 7.0, 0.149, -0.11, -0.11, 0.0, 0.0, 0.0, 0.0, 1.0, 0.0, 0.0, 0.0, 1.0, 0.0, 0.0, 1.0, 0.0, 0.0, 0.0, 0.0, 3.0, 22.0, 22.0, 1
4251, 7.0, 7.0, -0.11, 0.02, -0.08, 0.0, 1.0, 0.0, 0.0, 0.0, 0.0, 0.0, 0.0, 1.0, 0.0, 0.0, 1.0, 0.0, 0.0, 0.0, 0.0, 22.0, 27.0, 27.0, 1
4251, 7.0, 7.0, -0.08, -0.08, 0.02, 0.0, 1.0, 0.0, 0.0, 0.0, 0.0, 0.0, 0.0, 1.0, 0.0, 0.0, 1.0, 0.0, 0.0, 0.0, 0.0, 26.0, 27.0, 27.0, 1
4251, 7.0, 7.0, -0.08, -0.08, 0.02, 0.0, 1.0, 0.0, 0.0, 0.0, 0.0, 0.0, 0.0, 1.0, 0.0, 0.0, 1.0, 0.0, 0.0, 0.0, 0.0, 26.0, 27.0, 27.0, 1
4251, 7.0, 7.0, -0.11, -0.08, -0.08, 0.0, 1.0, 0.0, 0.0, 0.0, 0.0, 0.0, 0.0, 1.0, 0.0, 0.0, 1.0, 0.0, 0.0, 0.0, 0.0, 22.0, 26.0, 27.0, 1
4251, 7.0, 7.0, -0.08, -0.08, -0.08, 0.0, 1.0, 0.0, 0.0, 0.0, 0.0, 0.0, 0.0, 1.0, 0.0, 0.0, 1.0, 0.0, 0.0, 0.0, 0.0, 21.0, 26.0, 27.0, 1
4251, 7.0, 7.0, -0.11, -0.11, -0.08, 0.0, 1.0, 0.0, 0.0, 0.0, 0.0, 0.0, 0.0, 1.0, 0.0, 0.0, 1.0, 0.0, 0.0, 0.0, 0.0, 22.0, 22.0, 26.0, 1
4251, 1.0, 7.0, 0.149, -0.11, -0.08, 0.0, 0.0, 0.0, 0.0, 1.0, 0.0, 0.0, 0.0, 1.0, 0.0, 0.0, 1.0, 0.0, 0.0, 0.0, 0.0, 3.0, 22.0, 26.0, 1
4251, 1.0, 7.0, 0.149, -0.11, -0.11, 0.0, 0.0, 0.0, 0.0, 1.0, 0.0, 0.0, 0.0, 1.0, 0.0, 0.0, 1.0, 0.0, 0.0, 0.0, 0.0, 3.0, 22.0, 22.0, 1
4251, 7.0, 7.0, -0.11, -0.11, 0.02, 0.0, 1.0, 0.0, 0.0, 0.0, 0.0, 0.0, 0.0, 1.0, 0.0, 0.0, 1.0, 0.0, 0.0, 0.0, 0.0, 22.0, 22.0, 27.0, 1
4251, 1.0, 7.0, 0.819, -0.11, 0.02, 0.0, 0.0, 0.0, 0.0, 0.0, 0.0, 1.0, 0.0, 1.0, 0.0, 0.0, 1.0, 0.0, 0.0, 0.0, 0.0, 38.0, 22.0, 27.0, 1
4251, 1.0, 7.0, 0.149, -0.11, -0.11, 0.0, 0.0, 0.0, 0.0, 1.0, 0.0, 0.0, 0.0, 1.0, 0.0, 0.0, 1.0, 0.0, 0.0, 0.0, 0.0, 3.0, 22.0, 22.0, 1
4251, 7.0, 7.0, -0.11, -0.11, -0.08, 0.0, 1.0, 0.0, 0.0, 0.0, 0.0, 0.0, 0.0, 1.0, 0.0, 0.0, 1.0, 0.0, 0.0, 0.0, 0.0, 22.0, 22.0, 26.0, 1
4251, 1.0, 7.0, 0.149, -0.11, -0.11, 0.0, 0.0, 0.0, 0.0, 1.0, 0.0, 0.0, 0.0, 1.0, 0.0, 0.0, 1.0, 0.0, 0.0, 0.0, 0.0, 3.0, 22.0, 22.0, 1
4251, 7.0, 7.0, -0.11, -0.08, -0.08, 0.0, 1.0, 0.0, 0.0, 0.0, 0.0, 0.0, 0.0, 1.0, 0.0, 0.0, 1.0, 0.0, 0.0, 0.0, 0.0, 22.0, 26.0, 27.0, 1
4251, 7.0, 7.0, -0.08, -0.08, 0.02, 0.0, 1.0, 0.0, 0.0, 0.0, 0.0, 0.0, 0.0, 1.0, 0.0, 0.0, 1.0, 0.0, 0.0, 0.0, 0.0, 26.0, 27.0, 27.0, 1
4251, 7.0, 7.0, -0.08, -0.08, -0.11, 0.0, 1.0, 0.0, 0.0, 0.0, 0.0, 0.0, 0.0, 1.0, 0.0, 0.0, 1.0, 0.0, 0.0, 0.0, 0.0, 21.0, 26.0, 22.0, 1
4251, 1.0, 7.0, 0.119, -0.08, -0.08, 0.0, 0.0, 0.0, 0.0, 1.0, 0.0, 0.0, 0.0, 1.0, 0.0, 0.0, 1.0, 0.0, 0.0, 0.0, 0.0, 3.0, 21.0, 26.0, 1
4251, 7.0, 7.0, -0.08, -0.08, -0.08, 0.0, 1.0, 0.0, 0.0, 0.0, 0.0, 0.0, 0.0, 1.0, 0.0, 0.0, 1.0, 0.0, 0.0, 0.0, 0.0, 21.0, 21.0, 26.0, 1
4251, 7.0, 7.0, -0.08, -0.08, -0.08, 0.0, 1.0, 0.0, 0.0, 0.0, 0.0, 0.0, 0.0, 1.0, 0.0, 0.0, 1.0, 0.0, 0.0, 0.0, 0.0, 21.0, 21.0, 26.0, 1
4251, 1.0, 7.0, 0.119, -0.08, -0.08, 0.0, 0.0, 0.0, 0.0, 1.0, 0.0, 0.0, 0.0, 1.0, 0.0, 0.0, 1.0, 0.0, 0.0, 0.0, 0.0, 3.0, 21.0, 26.0, 1
4251, 7.0, 7.0, -0.08, -0.08, -0.08, 0.0, 1.0, 0.0, 0.0, 0.0, 0.0, 0.0, 0.0, 1.0, 0.0, 0.0, 1.0, 0.0, 0.0, 0.0, 0.0, 21.0, 21.0, 26.0, 1
4251, 1.0, 7.0, 0.119, -0.08, -0.08, 0.0, 0.0, 0.0, 0.0, 1.0, 0.0, 0.0, 0.0, 1.0, 0.0, 0.0, 1.0, 0.0, 0.0, 0.0, 0.0, 3.0, 21.0, 21.0, 1
4251, 1.0, 2.0, -0.11, 0.819, -0.381, 0.0, 1.0, 0.0, 0.0, 0.0, 0.0, 0.0, 0.0, 0.0, 1.0, 0.0, 0.0, 0.0, 0.0, 0.0, 1.0, 22.0, 38.0, 40.0, 1
4251, 1.0, 2.0, -0.11, 0.819, -0.381, 0.0, 1.0, 0.0, 0.0, 0.0, 0.0, 0.0, 0.0, 0.0, 1.0, 0.0, 0.0, 0.0, 0.0, 0.0, 1.0, 22.0, 38.0, 40.0, 1
5291, 1.0, 7.0, 0.154, -0.106, -0.106, 0.0, 0.0, 0.0, 0.0, 1.0, 0.0, 0.0, 0.0, 1.0, 0.0, 0.0, 1.0, 0.0, 0.0, 0.0, 0.0, 3.0, 22.0, 22.0, 1
5291, 7.0, 7.0, -0.106, -0.106, 0.024, 0.0, 1.0, 0.0, 0.0, 0.0, 0.0, 0.0, 0.0, 1.0, 0.0, 0.0, 1.0, 0.0, 0.0, 0.0, 0.0, 22.0, 22.0, 29.0, 1
5291, 1.0, 7.0, 0.194, -0.106, -0.106, 0.0, 1.0, 0.0, 0.0, 0.0, 0.0, 0.0, 0.0, 1.0, 0.0, 0.0, 1.0, 0.0, 0.0, 0.0, 0.0, 230.0, 22.0, 22.0, 1
5291, 1.0, 7.0, 0.024, 0.024, -0.106, 0.0, 1.0, 0.0, 0.0, 0.0, 0.0, 0.0, 0.0, 1.0, 0.0, 0.0, 1.0, 0.0, 0.0, 0.0, 0.0, 29.0, 29.0, 22.0, 1
5291, 7.0, 7.0, -0.106, -0.106, 0.024, 0.0, 1.0, 0.0, 0.0, 0.0, 0.0, 0.0, 0.0, 1.0, 0.0, 0.0, 1.0, 0.0, 0.0, 0.0, 0.0, 22.0, 22.0, 29.0, 1
5291, 1.0, 7.0, 0.154, -0.106, 0.024, 0.0, 0.0, 0.0, 0.0, 1.0, 0.0, 0.0, 0.0, 1.0, 0.0, 0.0, 1.0, 0.0, 0.0, 0.0, 0.0, 3.0, 22.0, 29.0, 1
5291, 1.0, 7.0, 0.154, -0.106, -0.106, 0.0, 0.0, 0.0, 0.0, 1.0, 0.0, 0.0, 0.0, 1.0, 0.0, 0.0, 1.0, 0.0, 0.0, 0.0, 0.0, 3.0, 22.0, 22.0, 1
5291, 1.0, 7.0, 0.823, -0.106, -0.106, 0.0, 0.0, 0.0, 0.0, 0.0, 0.0, 1.0, 0.0, 1.0, 0.0, 0.0, 1.0, 0.0, 0.0, 0.0, 0.0, 38.0, 22.0, 22.0, 1
5291, 1.0, 7.0, 0.154, -0.106, -0.106, 0.0, 0.0, 0.0, 0.0, 1.0, 0.0, 0.0, 0.0, 1.0, 0.0, 0.0, 1.0, 0.0, 0.0, 0.0, 0.0, 3.0, 22.0, 22.0, 1
5291, 1.0, 7.0, 0.823, -0.106, -0.106, 0.0, 0.0, 0.0, 0.0, 0.0, 0.0, 1.0, 0.0, 1.0, 0.0, 0.0, 1.0, 0.0, 0.0, 0.0, 0.0, 38.0, 22.0, 22.0, 1
5291, 1.0, 7.0, 0.154, -0.106, -0.106, 0.0, 0.0, 0.0, 0.0, 1.0, 0.0, 0.0, 0.0, 1.0, 0.0, 0.0, 1.0, 0.0, 0.0, 0.0, 0.0, 3.0, 22.0, 22.0, 1
5291, 7.0, 7.0, -0.106, -0.106, 0.024, 0.0, 1.0, 0.0, 0.0, 0.0, 0.0, 0.0, 0.0, 1.0, 0.0, 0.0, 1.0, 0.0, 0.0, 0.0, 0.0, 22.0, 22.0, 29.0, 1
5291, 1.0, 7.0, 0.823, -0.106, -0.106, 0.0, 0.0, 0.0, 0.0, 0.0, 0.0, 1.0, 0.0, 1.0, 0.0, 0.0, 1.0, 0.0, 0.0, 0.0, 0.0, 38.0, 22.0, 22.0, 1
5291, 1.0, 7.0, 0.024, 0.024, -0.106, 0.0, 1.0, 0.0, 0.0, 0.0, 0.0, 0.0, 0.0, 1.0, 0.0, 0.0, 1.0, 0.0, 0.0, 0.0, 0.0, 29.0, 29.0, 22.0, 1
5291, 7.0, 7.0, -0.106, -0.106, 0.024, 0.0, 1.0, 0.0, 0.0, 0.0, 0.0, 0.0, 0.0, 1.0, 0.0, 0.0, 1.0, 0.0, 0.0, 0.0, 0.0, 22.0, 22.0, 29.0, 1
5291, 1.0, 7.0, 0.194, -0.106, 0.024, 0.0, 1.0, 0.0, 0.0, 0.0, 0.0, 0.0, 0.0, 1.0, 0.0, 0.0, 1.0, 0.0, 0.0, 0.0, 0.0, 230.0, 22.0, 29.0, 1
5291, 1.0, 7.0, 0.024, 0.024, -0.106, 0.0, 1.0, 0.0, 0.0, 0.0, 0.0, 0.0, 0.0, 1.0, 0.0, 0.0, 1.0, 0.0, 0.0, 0.0, 0.0, 29.0, 29.0, 22.0, 1
5291, 1.0, 7.0, 0.024, 0.024, -0.106, 0.0, 1.0, 0.0, 0.0, 0.0, 0.0, 0.0, 0.0, 1.0, 0.0, 0.0, 1.0, 0.0, 0.0, 0.0, 0.0, 29.0, 29.0, 22.0, 1
5291, 1.0, 1.0, -0.106, 0.194, 0.114, 0.0, 1.0, 0.0, 0.0, 0.0, 0.0, 0.0, 0.0, 1.0, 0.0, 0.0, 0.0, 0.0, 1.0, 0.0, 0.0, 22.0, 230.0, 3.0, 1
5291, 1.0, 1.0, -0.106, 0.194, -0.276, 0.0, 1.0, 0.0, 0.0, 0.0, 0.0, 0.0, 0.0, 1.0, 0.0, 0.0, 0.0, 1.0, 0.0, 0.0, 0.0, 22.0, 230.0, 92.0, 1
5291, 1.0, 7.0, 0.194, -0.106, 0.024, 0.0, 1.0, 0.0, 0.0, 0.0, 0.0, 0.0, 0.0, 1.0, 0.0, 0.0, 1.0, 0.0, 0.0, 0.0, 0.0, 230.0, 22.0, 29.0, 1
5291, 1.0, 7.0, 0.194, -0.106, -0.106, 0.0, 1.0, 0.0, 0.0, 0.0, 0.0, 0.0, 0.0, 1.0, 0.0, 0.0, 1.0, 0.0, 0.0, 0.0, 0.0, 230.0, 22.0, 22.0, 1
5291, 1.0, 2.0, -0.106, 0.823, -0.377, 0.0, 1.0, 0.0, 0.0, 0.0, 0.0, 0.0, 0.0, 0.0, 1.0, 0.0, 0.0, 0.0, 0.0, 0.0, 1.0, 22.0, 38.0, 40.0, 1
5291, 1.0, 2.0, -0.106, 0.823, -0.376, 0.0, 1.0, 0.0, 0.0, 0.0, 0.0, 0.0, 0.0, 0.0, 1.0, 0.0, 0.0, 0.0, 0.0, 0.0, 1.0, 22.0, 38.0, 40.0, 1
5291, 1.0, 2.0, -0.106, 0.823, -0.376, 0.0, 1.0, 0.0, 0.0, 0.0, 0.0, 0.0, 0.0, 0.0, 1.0, 0.0, 0.0, 0.0, 0.0, 0.0, 1.0, 22.0, 38.0, 40.0, 1
5291, 1.0, 2.0, -0.106, 0.823, -0.376, 0.0, 1.0, 0.0, 0.0, 0.0, 0.0, 0.0, 0.0, 0.0, 1.0, 0.0, 0.0, 0.0, 0.0, 0.0, 1.0, 22.0, 38.0, 40.0, 1
5291, 1.0, 2.0, -0.106, 0.823, -0.376, 0.0, 1.0, 0.0, 0.0, 0.0, 0.0, 0.0, 0.0, 0.0, 1.0, 0.0, 0.0, 0.0, 0.0, 0.0, 1.0, 22.0, 38.0, 40.0, 1
5291, 1.0, 2.0, -0.106, 0.823, -0.376, 0.0, 1.0, 0.0, 0.0, 0.0, 0.0, 0.0, 0.0, 0.0, 1.0, 0.0, 0.0, 0.0, 0.0, 0.0, 1.0, 22.0, 38.0, 40.0, 1
5291, 1.0, 7.0, 0.823, -0.106, -0.106, 0.0, 0.0, 0.0, 0.0, 0.0, 0.0, 1.0, 0.0, 1.0, 0.0, 0.0, 1.0, 0.0, 0.0, 0.0, 0.0, 38.0, 22.0, 22.0, 1
5291, 1.0, 7.0, 0.823, -0.106, 0.024, 0.0, 0.0, 0.0, 0.0, 0.0, 0.0, 1.0, 0.0, 1.0, 0.0, 0.0, 1.0, 0.0, 0.0, 0.0, 0.0, 38.0, 22.0, 29.0, 1
5291, 1.0, 2.0, -0.106, 0.823, -0.377, 0.0, 1.0, 0.0, 0.0, 0.0, 0.0, 0.0, 0.0, 0.0, 1.0, 0.0, 0.0, 0.0, 0.0, 0.0, 1.0, 22.0, 38.0, 40.0, 1
5291, 1.0, 2.0, -0.106, 0.823, -0.377, 0.0, 1.0, 0.0, 0.0, 0.0, 0.0, 0.0, 0.0, 0.0, 1.0, 0.0, 0.0, 0.0, 0.0, 0.0, 1.0, 22.0, 38.0, 40.0, 1
