@relation mutagenesis-chains
@attribute Chains-bag-id {5262, 5148, 1274, 3073, 2589, 4459, 251, 2308, 5500, 1483, 4728, 5291, 1522, 2487, 49, 5187, 955, 52, 3307, 4907, 5378, 2168, 2179, 1174, 371, 4364, 136, 2817, 2246, 5319, 256, 4880, 3769, 1705, 5399, 4267, 2232, 2096, 5156, 5117, 401, 1322, 4014, 5292, 3695, 2370, 965, 5481, 1885, 2810, 1406, 2187, 4839, 2693, 3556, 3597, 748, 201, 79, 4169, 4251, 4933, 2748, 1442, 3057, 5207, 4077, 3243, 3962, 4993, 3980, 4531, 3191, 2492, 1961, 3503, 4890, 1415, 2875, 2972, 2205, 4638, 5200, 3001, 2642, 1950, 3771, 3443, 4524, 4504, 2841, 4986, 3399, 2195, 2665, 4716, 4886, 1494, 4002, 2521, 2519, 1434, 518, 2345, 3974, 1077, 4418, 364, 3439, 2166, 447, 5122, 4403, 1300, 3937, 1180, 534, 4090, 1165, 3349, 4429, 5180, 2714, 512, 2280, 3438, 1832, 4401, 3883, 4, 2165, 2139, 1410, 972, 1430, 4398, 2802, 1807, 4140, 5278, 3601, 580, 2421, 3265, 3350, 1636, 1136, 1433, 5160, 916, 2943, 2282, 4368, 5424, 4805, 3396, 3585, 263, 495, 4629, 2586, 2826, 2813, 5379, 1604, 572, 2648, 4772, 958, 2889, 472, 4710, 1154, 4271, 3495, 2447, 1480, 5146, 2852, 1665, 4945, 3129, 3232, 4520, 1248, 4458, 3103, 4835}
@attribute Bond1 real [1.0, 7.0]
@attribute Bond2 real [1.0, 7.0]
@attribute Charge1 real [-0.781, 1.002]
@attribute Charge2 real [-0.781, 1.002]
@attribute Charge3 real [-0.755, 0.597]
@attribute E1=br real [0.0, 1.0]
@attribute E1=c real [0.0, 1.0]
@attribute E1=cl real [0.0, 1.0]
@attribute E1=f real [0.0, 1.0]
@attribute E1=h real [0.0, 1.0]
@attribute E1=i real [0.0, 1.0]
@attribute E1=n real [0.0, 1.0]
@attribute E1=o real [0.0, 1.0]
@attribute E2=c real [0.0, 1.0]
@attribute E2=n real [0.0, 1.0]
@attribute E2=o real [0.0, 1.0]
@attribute E3=c real [0.0, 1.0]
@attribute E3=f real [0.0, 1.0]
@attribute E3=h real [0.0, 1.0]
@attribute E3=n real [0.0, 1.0]
@attribute E3=o real [0.0, 1.0]
@attribute Q1 real [1.0, 232.0]
@attribute Q2 real [10.0, 232.0]
@attribute Q3 real [1.0, 195.0]
@attribute Class {0, 1}
@inputs Chains-bag-id, Bond1, Bond2, Charge1, Charge2, Charge3, E1=br, E1=c, E1=cl, E1=f, E1=h, E1=i, E1=n, E1=o, E2=c, E2=n, E2=o, E3=c, E3=f, E3=h, E3=n, E3=o, Q1, Q2, Q3
@outputs Class
@data
3349, 7.0, 7.0, -0.122, -0.122, 0.307, 0.0, 1.0, 0.0, 0.0, 0.0, 0.0, 0.0, 0.0, 1.0, 0.0, 0.0, 1.0, 0.0, 0.0, 0.0, 0.0, 22.0, 22.0, 26.0, 0
3349, 1.0, 7.0, 0.137, -0.122, -0.122, 0.0, 0.0, 0.0, 0.0, 1.0, 0.0, 0.0, 0.0, 1.0, 0.0, 0.0, 1.0, 0.0, 0.0, 0.0, 0.0, 3.0, 22.0, 22.0, 0
3349, 7.0, 7.0, -0.122, 0.307, 0.108, 0.0, 1.0, 0.0, 0.0, 0.0, 0.0, 0.0, 0.0, 1.0, 0.0, 0.0, 1.0, 0.0, 0.0, 0.0, 0.0, 22.0, 26.0, 26.0, 0
3349, 7.0, 7.0, -0.122, 0.307, -0.393, 0.0, 1.0, 0.0, 0.0, 0.0, 0.0, 0.0, 0.0, 1.0, 0.0, 0.0, 0.0, 0.0, 0.0, 1.0, 0.0, 22.0, 26.0, 34.0, 0
3349, 7.0, 7.0, -0.122, 0.108, 0.307, 0.0, 1.0, 0.0, 0.0, 0.0, 0.0, 0.0, 0.0, 1.0, 0.0, 0.0, 1.0, 0.0, 0.0, 0.0, 0.0, 22.0, 26.0, 26.0, 0
3349, 7.0, 7.0, -0.122, 0.108, 0.307, 0.0, 1.0, 0.0, 0.0, 0.0, 0.0, 0.0, 0.0, 1.0, 0.0, 0.0, 1.0, 0.0, 0.0, 0.0, 0.0, 21.0, 26.0, 26.0, 0
3349, 7.0, 7.0, -0.122, -0.122, 0.108, 0.0, 1.0, 0.0, 0.0, 0.0, 0.0, 0.0, 0.0, 1.0, 0.0, 0.0, 1.0, 0.0, 0.0, 0.0, 0.0, 22.0, 22.0, 26.0, 0
3349, 1.0, 7.0, 0.108, -0.122, 0.108, 0.0, 0.0, 0.0, 0.0, 1.0, 0.0, 0.0, 0.0, 1.0, 0.0, 0.0, 1.0, 0.0, 0.0, 0.0, 0.0, 3.0, 22.0, 26.0, 0
3349, 1.0, 7.0, 0.138, -0.122, -0.122, 0.0, 0.0, 0.0, 0.0, 1.0, 0.0, 0.0, 0.0, 1.0, 0.0, 0.0, 1.0, 0.0, 0.0, 0.0, 0.0, 3.0, 22.0, 22.0, 0
3349, 1.0, 7.0, 0.807, -0.122, -0.122, 0.0, 0.0, 0.0, 0.0, 0.0, 0.0, 1.0, 0.0, 1.0, 0.0, 0.0, 1.0, 0.0, 0.0, 0.0, 0.0, 38.0, 22.0, 22.0, 0
3349, 7.0, 7.0, 0.307, -0.393, -0.533, 0.0, 1.0, 0.0, 0.0, 0.0, 0.0, 0.0, 0.0, 0.0, 1.0, 0.0, 0.0, 0.0, 0.0, 1.0, 0.0, 26.0, 34.0, 34.0, 0
3349, 1.0, 7.0, 0.307, -0.393, 0.307, 0.0, 0.0, 0.0, 0.0, 1.0, 0.0, 0.0, 0.0, 0.0, 1.0, 0.0, 1.0, 0.0, 0.0, 0.0, 0.0, 1.0, 34.0, 26.0, 0
3349, 1.0, 7.0, 0.098, -0.533, -0.393, 0.0, 1.0, 0.0, 0.0, 0.0, 0.0, 0.0, 0.0, 0.0, 1.0, 0.0, 0.0, 0.0, 0.0, 1.0, 0.0, 10.0, 34.0, 34.0, 0
3349, 7.0, 7.0, -0.122, -0.533, -0.393, 0.0, 1.0, 0.0, 0.0, 0.0, 0.0, 0.0, 0.0, 0.0, 1.0, 0.0, 0.0, 0.0, 0.0, 1.0, 0.0, 21.0, 34.0, 34.0, 0
3349, 7.0, 7.0, 0.108, -0.122, -0.533, 0.0, 1.0, 0.0, 0.0, 0.0, 0.0, 0.0, 0.0, 1.0, 0.0, 0.0, 0.0, 0.0, 0.0, 1.0, 0.0, 26.0, 21.0, 34.0, 0
3349, 1.0, 7.0, 0.138, -0.122, 0.108, 0.0, 0.0, 0.0, 0.0, 1.0, 0.0, 0.0, 0.0, 1.0, 0.0, 0.0, 1.0, 0.0, 0.0, 0.0, 0.0, 3.0, 21.0, 26.0, 0
3349, 7.0, 7.0, -0.122, -0.533, -0.393, 0.0, 1.0, 0.0, 0.0, 0.0, 0.0, 0.0, 0.0, 0.0, 1.0, 0.0, 0.0, 0.0, 0.0, 1.0, 0.0, 21.0, 34.0, 34.0, 0
3349, 1.0, 7.0, 0.098, -0.533, -0.122, 0.0, 1.0, 0.0, 0.0, 0.0, 0.0, 0.0, 0.0, 0.0, 1.0, 0.0, 1.0, 0.0, 0.0, 0.0, 0.0, 10.0, 34.0, 21.0, 0
3349, 1.0, 1.0, 0.058, 0.098, -0.533, 0.0, 0.0, 0.0, 0.0, 1.0, 0.0, 0.0, 0.0, 1.0, 0.0, 0.0, 0.0, 0.0, 0.0, 1.0, 0.0, 3.0, 10.0, 34.0, 0
3349, 1.0, 1.0, 0.058, 0.098, -0.533, 0.0, 0.0, 0.0, 0.0, 1.0, 0.0, 0.0, 0.0, 1.0, 0.0, 0.0, 0.0, 0.0, 0.0, 1.0, 0.0, 3.0, 10.0, 34.0, 0
3349, 1.0, 2.0, -0.122, 0.807, -0.393, 0.0, 1.0, 0.0, 0.0, 0.0, 0.0, 0.0, 0.0, 0.0, 1.0, 0.0, 0.0, 0.0, 0.0, 0.0, 1.0, 22.0, 38.0, 40.0, 0
3349, 1.0, 1.0, 0.058, 0.098, -0.533, 0.0, 0.0, 0.0, 0.0, 1.0, 0.0, 0.0, 0.0, 1.0, 0.0, 0.0, 0.0, 0.0, 0.0, 1.0, 0.0, 3.0, 10.0, 34.0, 0
3349, 1.0, 2.0, -0.122, 0.807, -0.393, 0.0, 1.0, 0.0, 0.0, 0.0, 0.0, 0.0, 0.0, 0.0, 1.0, 0.0, 0.0, 0.0, 0.0, 0.0, 1.0, 22.0, 38.0, 40.0, 0
4710, 7.0, 7.0, -0.128, -0.128, 0.202, 0.0, 1.0, 0.0, 0.0, 0.0, 0.0, 0.0, 0.0, 1.0, 0.0, 0.0, 1.0, 0.0, 0.0, 0.0, 0.0, 22.0, 22.0, 22.0, 0
4710, 1.0, 7.0, 0.132, -0.128, -0.128, 0.0, 0.0, 0.0, 0.0, 1.0, 0.0, 0.0, 0.0, 1.0, 0.0, 0.0, 1.0, 0.0, 0.0, 0.0, 0.0, 3.0, 22.0, 22.0, 0
4710, 7.0, 7.0, -0.128, 0.202, 0.0020, 0.0, 1.0, 0.0, 0.0, 0.0, 0.0, 0.0, 0.0, 1.0, 0.0, 0.0, 1.0, 0.0, 0.0, 0.0, 0.0, 22.0, 22.0, 22.0, 0
4710, 1.0, 7.0, -0.398, 0.202, -0.128, 0.0, 0.0, 0.0, 0.0, 0.0, 0.0, 1.0, 0.0, 1.0, 0.0, 0.0, 1.0, 0.0, 0.0, 0.0, 0.0, 32.0, 22.0, 22.0, 0
4710, 7.0, 7.0, -0.128, 0.0020, 0.202, 0.0, 1.0, 0.0, 0.0, 0.0, 0.0, 0.0, 0.0, 1.0, 0.0, 0.0, 1.0, 0.0, 0.0, 0.0, 0.0, 22.0, 22.0, 22.0, 0
4710, 1.0, 7.0, 0.551, 0.0020, 0.202, 0.0, 1.0, 0.0, 0.0, 0.0, 0.0, 0.0, 0.0, 1.0, 0.0, 0.0, 1.0, 0.0, 0.0, 0.0, 0.0, 14.0, 22.0, 22.0, 0
4710, 7.0, 7.0, -0.128, -0.128, 0.0020, 0.0, 1.0, 0.0, 0.0, 0.0, 0.0, 0.0, 0.0, 1.0, 0.0, 0.0, 1.0, 0.0, 0.0, 0.0, 0.0, 22.0, 22.0, 22.0, 0
4710, 1.0, 7.0, 0.132, -0.128, 0.0020, 0.0, 0.0, 0.0, 0.0, 1.0, 0.0, 0.0, 0.0, 1.0, 0.0, 0.0, 1.0, 0.0, 0.0, 0.0, 0.0, 3.0, 22.0, 22.0, 0
4710, 1.0, 7.0, 0.801, -0.128, -0.128, 0.0, 0.0, 0.0, 0.0, 0.0, 0.0, 1.0, 0.0, 1.0, 0.0, 0.0, 1.0, 0.0, 0.0, 0.0, 0.0, 38.0, 22.0, 22.0, 0
4710, 1.0, 7.0, 0.132, -0.128, -0.128, 0.0, 0.0, 0.0, 0.0, 1.0, 0.0, 0.0, 0.0, 1.0, 0.0, 0.0, 1.0, 0.0, 0.0, 0.0, 0.0, 3.0, 22.0, 22.0, 0
4710, 1.0, 1.0, 0.601, -0.398, 0.202, 0.0, 1.0, 0.0, 0.0, 0.0, 0.0, 0.0, 0.0, 0.0, 1.0, 0.0, 1.0, 0.0, 0.0, 0.0, 0.0, 14.0, 32.0, 22.0, 0
4710, 1.0, 1.0, 0.202, -0.398, 0.252, 0.0, 1.0, 0.0, 0.0, 0.0, 0.0, 0.0, 0.0, 0.0, 1.0, 0.0, 0.0, 0.0, 1.0, 0.0, 0.0, 22.0, 32.0, 1.0, 0
4710, 1.0, 1.0, 0.551, 0.601, -0.398, 0.0, 1.0, 0.0, 0.0, 0.0, 0.0, 0.0, 0.0, 1.0, 0.0, 0.0, 0.0, 0.0, 0.0, 1.0, 0.0, 14.0, 14.0, 32.0, 0
4710, 1.0, 2.0, -0.398, 0.601, -0.549, 0.0, 0.0, 0.0, 0.0, 0.0, 0.0, 1.0, 0.0, 1.0, 0.0, 0.0, 0.0, 0.0, 0.0, 0.0, 1.0, 32.0, 14.0, 40.0, 0
4710, 1.0, 1.0, 0.601, 0.551, 0.0020, 0.0, 1.0, 0.0, 0.0, 0.0, 0.0, 0.0, 0.0, 1.0, 0.0, 0.0, 1.0, 0.0, 0.0, 0.0, 0.0, 14.0, 14.0, 22.0, 0
4710, 1.0, 2.0, 0.601, 0.551, -0.549, 0.0, 1.0, 0.0, 0.0, 0.0, 0.0, 0.0, 0.0, 1.0, 0.0, 0.0, 0.0, 0.0, 0.0, 0.0, 1.0, 14.0, 14.0, 40.0, 0
4710, 1.0, 7.0, 0.551, 0.0020, 0.202, 0.0, 1.0, 0.0, 0.0, 0.0, 0.0, 0.0, 0.0, 1.0, 0.0, 0.0, 1.0, 0.0, 0.0, 0.0, 0.0, 14.0, 22.0, 22.0, 0
4710, 1.0, 7.0, 0.551, 0.0020, -0.128, 0.0, 1.0, 0.0, 0.0, 0.0, 0.0, 0.0, 0.0, 1.0, 0.0, 0.0, 1.0, 0.0, 0.0, 0.0, 0.0, 14.0, 22.0, 22.0, 0
4710, 1.0, 2.0, -0.128, 0.801, -0.399, 0.0, 1.0, 0.0, 0.0, 0.0, 0.0, 0.0, 0.0, 0.0, 1.0, 0.0, 0.0, 0.0, 0.0, 0.0, 1.0, 22.0, 38.0, 40.0, 0
4710, 1.0, 2.0, -0.128, 0.801, -0.398, 0.0, 1.0, 0.0, 0.0, 0.0, 0.0, 0.0, 0.0, 0.0, 1.0, 0.0, 0.0, 0.0, 0.0, 0.0, 1.0, 22.0, 38.0, 40.0, 0
4710, 1.0, 2.0, -0.128, 0.801, -0.399, 0.0, 1.0, 0.0, 0.0, 0.0, 0.0, 0.0, 0.0, 0.0, 1.0, 0.0, 0.0, 0.0, 0.0, 0.0, 1.0, 22.0, 38.0, 40.0, 0
4710, 2.0, 2.0, -0.399, 0.801, -0.398, 0.0, 0.0, 0.0, 0.0, 0.0, 0.0, 0.0, 1.0, 0.0, 1.0, 0.0, 0.0, 0.0, 0.0, 0.0, 1.0, 40.0, 38.0, 40.0, 0
2813, 1.0, 7.0, 0.147, -0.113, -0.113, 0.0, 0.0, 0.0, 0.0, 1.0, 0.0, 0.0, 0.0, 1.0, 0.0, 0.0, 1.0, 0.0, 0.0, 0.0, 0.0, 3.0, 22.0, 22.0, 0
2813, 7.0, 7.0, -0.113, -0.113, 0.017, 0.0, 1.0, 0.0, 0.0, 0.0, 0.0, 0.0, 0.0, 1.0, 0.0, 0.0, 1.0, 0.0, 0.0, 0.0, 0.0, 22.0, 22.0, 29.0, 0
2813, 1.0, 7.0, 0.818, -0.113, -0.113, 0.0, 0.0, 0.0, 0.0, 0.0, 0.0, 1.0, 0.0, 1.0, 0.0, 0.0, 1.0, 0.0, 0.0, 0.0, 0.0, 38.0, 22.0, 22.0, 0
2813, 1.0, 7.0, 0.017, 0.017, -0.113, 0.0, 1.0, 0.0, 0.0, 0.0, 0.0, 0.0, 0.0, 1.0, 0.0, 0.0, 1.0, 0.0, 0.0, 0.0, 0.0, 29.0, 29.0, 22.0, 0
2813, 7.0, 7.0, -0.113, -0.113, 0.017, 0.0, 1.0, 0.0, 0.0, 0.0, 0.0, 0.0, 0.0, 1.0, 0.0, 0.0, 1.0, 0.0, 0.0, 0.0, 0.0, 22.0, 22.0, 29.0, 0
2813, 1.0, 7.0, 0.818, -0.113, 0.017, 0.0, 0.0, 0.0, 0.0, 0.0, 0.0, 1.0, 0.0, 1.0, 0.0, 0.0, 1.0, 0.0, 0.0, 0.0, 0.0, 38.0, 22.0, 29.0, 0
2813, 1.0, 7.0, 0.147, -0.113, -0.113, 0.0, 0.0, 0.0, 0.0, 1.0, 0.0, 0.0, 0.0, 1.0, 0.0, 0.0, 1.0, 0.0, 0.0, 0.0, 0.0, 3.0, 22.0, 22.0, 0
2813, 1.0, 7.0, 0.147, -0.113, -0.113, 0.0, 0.0, 0.0, 0.0, 1.0, 0.0, 0.0, 0.0, 1.0, 0.0, 0.0, 1.0, 0.0, 0.0, 0.0, 0.0, 3.0, 22.0, 22.0, 0
2813, 7.0, 7.0, -0.113, -0.113, 0.017, 0.0, 1.0, 0.0, 0.0, 0.0, 0.0, 0.0, 0.0, 1.0, 0.0, 0.0, 1.0, 0.0, 0.0, 0.0, 0.0, 22.0, 22.0, 29.0, 0
2813, 1.0, 7.0, 0.147, -0.113, 0.017, 0.0, 0.0, 0.0, 0.0, 1.0, 0.0, 0.0, 0.0, 1.0, 0.0, 0.0, 1.0, 0.0, 0.0, 0.0, 0.0, 3.0, 22.0, 29.0, 0
2813, 1.0, 7.0, 0.147, -0.113, -0.113, 0.0, 0.0, 0.0, 0.0, 1.0, 0.0, 0.0, 0.0, 1.0, 0.0, 0.0, 1.0, 0.0, 0.0, 0.0, 0.0, 3.0, 22.0, 22.0, 0
2813, 1.0, 7.0, 0.818, -0.113, -0.113, 0.0, 0.0, 0.0, 0.0, 0.0, 0.0, 1.0, 0.0, 1.0, 0.0, 0.0, 1.0, 0.0, 0.0, 0.0, 0.0, 38.0, 22.0, 22.0, 0
2813, 1.0, 7.0, 0.147, -0.113, -0.113, 0.0, 0.0, 0.0, 0.0, 1.0, 0.0, 0.0, 0.0, 1.0, 0.0, 0.0, 1.0, 0.0, 0.0, 0.0, 0.0, 3.0, 22.0, 22.0, 0
2813, 7.0, 7.0, -0.113, -0.113, 0.017, 0.0, 1.0, 0.0, 0.0, 0.0, 0.0, 0.0, 0.0, 1.0, 0.0, 0.0, 1.0, 0.0, 0.0, 0.0, 0.0, 22.0, 22.0, 29.0, 0
2813, 1.0, 7.0, 0.818, -0.113, -0.113, 0.0, 0.0, 0.0, 0.0, 0.0, 0.0, 1.0, 0.0, 1.0, 0.0, 0.0, 1.0, 0.0, 0.0, 0.0, 0.0, 38.0, 22.0, 22.0, 0
2813, 1.0, 7.0, 0.017, 0.017, -0.113, 0.0, 1.0, 0.0, 0.0, 0.0, 0.0, 0.0, 0.0, 1.0, 0.0, 0.0, 1.0, 0.0, 0.0, 0.0, 0.0, 29.0, 29.0, 22.0, 0
2813, 1.0, 7.0, 0.017, 0.017, -0.113, 0.0, 1.0, 0.0, 0.0, 0.0, 0.0, 0.0, 0.0, 1.0, 0.0, 0.0, 1.0, 0.0, 0.0, 0.0, 0.0, 29.0, 29.0, 22.0, 0
2813, 1.0, 7.0, 0.017, 0.017, -0.113, 0.0, 1.0, 0.0, 0.0, 0.0, 0.0, 0.0, 0.0, 1.0, 0.0, 0.0, 1.0, 0.0, 0.0, 0.0, 0.0, 29.0, 29.0, 22.0, 0
2813, 1.0, 2.0, -0.113, 0.818, -0.383, 0.0, 1.0, 0.0, 0.0, 0.0, 0.0, 0.0, 0.0, 0.0, 1.0, 0.0, 0.0, 0.0, 0.0, 0.0, 1.0, 22.0, 38.0, 40.0, 0
2813, 1.0, 2.0, -0.113, 0.818, -0.382, 0.0, 1.0, 0.0, 0.0, 0.0, 0.0, 0.0, 0.0, 0.0, 1.0, 0.0, 0.0, 0.0, 0.0, 0.0, 1.0, 22.0, 38.0, 40.0, 0
2813, 1.0, 2.0, -0.113, 0.818, -0.382, 0.0, 1.0, 0.0, 0.0, 0.0, 0.0, 0.0, 0.0, 0.0, 1.0, 0.0, 0.0, 0.0, 0.0, 0.0, 1.0, 22.0, 38.0, 40.0, 0
2813, 1.0, 2.0, -0.113, 0.818, -0.383, 0.0, 1.0, 0.0, 0.0, 0.0, 0.0, 0.0, 0.0, 0.0, 1.0, 0.0, 0.0, 0.0, 0.0, 0.0, 1.0, 22.0, 38.0, 40.0, 0
2813, 1.0, 2.0, -0.113, 0.818, -0.382, 0.0, 1.0, 0.0, 0.0, 0.0, 0.0, 0.0, 0.0, 0.0, 1.0, 0.0, 0.0, 0.0, 0.0, 0.0, 1.0, 22.0, 38.0, 40.0, 0
2813, 1.0, 2.0, -0.113, 0.818, -0.382, 0.0, 1.0, 0.0, 0.0, 0.0, 0.0, 0.0, 0.0, 0.0, 1.0, 0.0, 0.0, 0.0, 0.0, 0.0, 1.0, 22.0, 38.0, 40.0, 0
2813, 1.0, 2.0, -0.113, 0.818, -0.382, 0.0, 1.0, 0.0, 0.0, 0.0, 0.0, 0.0, 0.0, 0.0, 1.0, 0.0, 0.0, 0.0, 0.0, 0.0, 1.0, 22.0, 38.0, 40.0, 0
2813, 1.0, 2.0, -0.113, 0.818, -0.382, 0.0, 1.0, 0.0, 0.0, 0.0, 0.0, 0.0, 0.0, 0.0, 1.0, 0.0, 0.0, 0.0, 0.0, 0.0, 1.0, 22.0, 38.0, 40.0, 0
1300, 1.0, 7.0, 0.144, -0.116, -0.116, 0.0, 0.0, 0.0, 0.0, 1.0, 0.0, 0.0, 0.0, 1.0, 0.0, 0.0, 1.0, 0.0, 0.0, 0.0, 0.0, 3.0, 22.0, 22.0, 0
1300, 7.0, 7.0, -0.116, -0.116, 0.014, 0.0, 1.0, 0.0, 0.0, 0.0, 0.0, 0.0, 0.0, 1.0, 0.0, 0.0, 1.0, 0.0, 0.0, 0.0, 0.0, 22.0, 22.0, 29.0, 0
1300, 1.0, 7.0, 0.144, -0.116, -0.116, 0.0, 0.0, 0.0, 0.0, 1.0, 0.0, 0.0, 0.0, 1.0, 0.0, 0.0, 1.0, 0.0, 0.0, 0.0, 0.0, 3.0, 22.0, 22.0, 0
1300, 1.0, 7.0, 0.014, 0.014, -0.116, 0.0, 1.0, 0.0, 0.0, 0.0, 0.0, 0.0, 0.0, 1.0, 0.0, 0.0, 1.0, 0.0, 0.0, 0.0, 0.0, 29.0, 29.0, 22.0, 0
1300, 7.0, 7.0, -0.116, -0.116, 0.014, 0.0, 1.0, 0.0, 0.0, 0.0, 0.0, 0.0, 0.0, 1.0, 0.0, 0.0, 1.0, 0.0, 0.0, 0.0, 0.0, 22.0, 22.0, 29.0, 0
1300, 1.0, 7.0, 0.814, -0.116, 0.014, 0.0, 0.0, 0.0, 0.0, 0.0, 0.0, 1.0, 0.0, 1.0, 0.0, 0.0, 1.0, 0.0, 0.0, 0.0, 0.0, 38.0, 22.0, 29.0, 0
1300, 1.0, 7.0, 0.144, -0.116, -0.116, 0.0, 0.0, 0.0, 0.0, 1.0, 0.0, 0.0, 0.0, 1.0, 0.0, 0.0, 1.0, 0.0, 0.0, 0.0, 0.0, 3.0, 22.0, 22.0, 0
1300, 1.0, 7.0, 0.144, -0.116, -0.116, 0.0, 0.0, 0.0, 0.0, 1.0, 0.0, 0.0, 0.0, 1.0, 0.0, 0.0, 1.0, 0.0, 0.0, 0.0, 0.0, 3.0, 22.0, 22.0, 0
1300, 7.0, 7.0, -0.116, -0.116, 0.014, 0.0, 1.0, 0.0, 0.0, 0.0, 0.0, 0.0, 0.0, 1.0, 0.0, 0.0, 1.0, 0.0, 0.0, 0.0, 0.0, 22.0, 22.0, 29.0, 0
1300, 1.0, 7.0, 0.144, -0.116, 0.014, 0.0, 0.0, 0.0, 0.0, 1.0, 0.0, 0.0, 0.0, 1.0, 0.0, 0.0, 1.0, 0.0, 0.0, 0.0, 0.0, 3.0, 22.0, 29.0, 0
1300, 1.0, 7.0, 0.144, -0.116, -0.116, 0.0, 0.0, 0.0, 0.0, 1.0, 0.0, 0.0, 0.0, 1.0, 0.0, 0.0, 1.0, 0.0, 0.0, 0.0, 0.0, 3.0, 22.0, 22.0, 0
1300, 1.0, 7.0, 0.813, -0.116, -0.116, 0.0, 0.0, 0.0, 0.0, 0.0, 0.0, 1.0, 0.0, 1.0, 0.0, 0.0, 1.0, 0.0, 0.0, 0.0, 0.0, 38.0, 22.0, 22.0, 0
1300, 1.0, 7.0, 0.144, -0.116, -0.116, 0.0, 0.0, 0.0, 0.0, 1.0, 0.0, 0.0, 0.0, 1.0, 0.0, 0.0, 1.0, 0.0, 0.0, 0.0, 0.0, 3.0, 22.0, 22.0, 0
1300, 7.0, 7.0, -0.116, -0.116, 0.014, 0.0, 1.0, 0.0, 0.0, 0.0, 0.0, 0.0, 0.0, 1.0, 0.0, 0.0, 1.0, 0.0, 0.0, 0.0, 0.0, 22.0, 22.0, 29.0, 0
1300, 1.0, 7.0, 0.813, -0.116, -0.116, 0.0, 0.0, 0.0, 0.0, 0.0, 0.0, 1.0, 0.0, 1.0, 0.0, 0.0, 1.0, 0.0, 0.0, 0.0, 0.0, 38.0, 22.0, 22.0, 0
1300, 1.0, 7.0, 0.014, 0.014, -0.116, 0.0, 1.0, 0.0, 0.0, 0.0, 0.0, 0.0, 0.0, 1.0, 0.0, 0.0, 1.0, 0.0, 0.0, 0.0, 0.0, 29.0, 29.0, 22.0, 0
1300, 1.0, 7.0, 0.014, 0.014, -0.116, 0.0, 1.0, 0.0, 0.0, 0.0, 0.0, 0.0, 0.0, 1.0, 0.0, 0.0, 1.0, 0.0, 0.0, 0.0, 0.0, 29.0, 29.0, 22.0, 0
1300, 1.0, 7.0, 0.014, 0.014, -0.116, 0.0, 1.0, 0.0, 0.0, 0.0, 0.0, 0.0, 0.0, 1.0, 0.0, 0.0, 1.0, 0.0, 0.0, 0.0, 0.0, 29.0, 29.0, 22.0, 0
1300, 1.0, 2.0, -0.116, 0.813, -0.386, 0.0, 1.0, 0.0, 0.0, 0.0, 0.0, 0.0, 0.0, 0.0, 1.0, 0.0, 0.0, 0.0, 0.0, 0.0, 1.0, 22.0, 38.0, 40.0, 0
1300, 1.0, 2.0, -0.116, 0.813, -0.386, 0.0, 1.0, 0.0, 0.0, 0.0, 0.0, 0.0, 0.0, 0.0, 1.0, 0.0, 0.0, 0.0, 0.0, 0.0, 1.0, 22.0, 38.0, 40.0, 0
1300, 1.0, 2.0, -0.116, 0.813, -0.386, 0.0, 1.0, 0.0, 0.0, 0.0, 0.0, 0.0, 0.0, 0.0, 1.0, 0.0, 0.0, 0.0, 0.0, 0.0, 1.0, 22.0, 38.0, 40.0, 0
1300, 1.0, 2.0, -0.116, 0.813, -0.386, 0.0, 1.0, 0.0, 0.0, 0.0, 0.0, 0.0, 0.0, 0.0, 1.0, 0.0, 0.0, 0.0, 0.0, 0.0, 1.0, 22.0, 38.0, 40.0, 0
1300, 1.0, 2.0, -0.116, 0.814, -0.386, 0.0, 1.0, 0.0, 0.0, 0.0, 0.0, 0.0, 0.0, 0.0, 1.0, 0.0, 0.0, 0.0, 0.0, 0.0, 1.0, 22.0, 38.0, 40.0, 0
1300, 1.0, 2.0, -0.116, 0.814, -0.386, 0.0, 1.0, 0.0, 0.0, 0.0, 0.0, 0.0, 0.0, 0.0, 1.0, 0.0, 0.0, 0.0, 0.0, 0.0, 1.0, 22.0, 38.0, 40.0, 0
2139, 1.0, 7.0, 0.825, -0.104, -0.104, 0.0, 0.0, 0.0, 0.0, 0.0, 0.0, 1.0, 0.0, 1.0, 0.0, 0.0, 1.0, 0.0, 0.0, 0.0, 0.0, 38.0, 22.0, 22.0, 0
2139, 1.0, 7.0, 0.156, -0.104, -0.104, 0.0, 0.0, 0.0, 0.0, 1.0, 0.0, 0.0, 0.0, 1.0, 0.0, 0.0, 1.0, 0.0, 0.0, 0.0, 0.0, 3.0, 22.0, 22.0, 0
2139, 7.0, 7.0, -0.104, -0.104, 0.226, 0.0, 1.0, 0.0, 0.0, 0.0, 0.0, 0.0, 0.0, 1.0, 0.0, 0.0, 1.0, 0.0, 0.0, 0.0, 0.0, 22.0, 22.0, 22.0, 0
2139, 1.0, 7.0, -0.124, -0.104, -0.104, 1.0, 0.0, 0.0, 0.0, 0.0, 0.0, 0.0, 0.0, 1.0, 0.0, 0.0, 1.0, 0.0, 0.0, 0.0, 0.0, 94.0, 22.0, 22.0, 0
2139, 1.0, 7.0, -0.755, 0.226, -0.104, 0.0, 0.0, 0.0, 0.0, 0.0, 0.0, 1.0, 0.0, 1.0, 0.0, 0.0, 1.0, 0.0, 0.0, 0.0, 0.0, 32.0, 22.0, 22.0, 0
2139, 7.0, 7.0, -0.104, -0.104, 0.226, 0.0, 1.0, 0.0, 0.0, 0.0, 0.0, 0.0, 0.0, 1.0, 0.0, 0.0, 1.0, 0.0, 0.0, 0.0, 0.0, 22.0, 22.0, 22.0, 0
2139, 1.0, 7.0, 0.825, -0.104, 0.226, 0.0, 0.0, 0.0, 0.0, 0.0, 0.0, 1.0, 0.0, 1.0, 0.0, 0.0, 1.0, 0.0, 0.0, 0.0, 0.0, 38.0, 22.0, 22.0, 0
2139, 1.0, 7.0, 0.156, -0.104, -0.104, 0.0, 0.0, 0.0, 0.0, 1.0, 0.0, 0.0, 0.0, 1.0, 0.0, 0.0, 1.0, 0.0, 0.0, 0.0, 0.0, 3.0, 22.0, 22.0, 0
2139, 1.0, 1.0, 0.226, -0.755, 0.355, 0.0, 1.0, 0.0, 0.0, 0.0, 0.0, 0.0, 0.0, 0.0, 1.0, 0.0, 0.0, 0.0, 1.0, 0.0, 0.0, 22.0, 32.0, 1.0, 0
2139, 1.0, 1.0, 0.226, -0.755, 0.356, 0.0, 1.0, 0.0, 0.0, 0.0, 0.0, 0.0, 0.0, 0.0, 1.0, 0.0, 0.0, 0.0, 1.0, 0.0, 0.0, 22.0, 32.0, 1.0, 0
2139, 1.0, 2.0, -0.104, 0.825, -0.375, 0.0, 1.0, 0.0, 0.0, 0.0, 0.0, 0.0, 0.0, 0.0, 1.0, 0.0, 0.0, 0.0, 0.0, 0.0, 1.0, 22.0, 38.0, 40.0, 0
2139, 1.0, 2.0, -0.104, 0.825, -0.375, 0.0, 1.0, 0.0, 0.0, 0.0, 0.0, 0.0, 0.0, 0.0, 1.0, 0.0, 0.0, 0.0, 0.0, 0.0, 1.0, 22.0, 38.0, 40.0, 0
2139, 1.0, 2.0, -0.104, 0.825, -0.375, 0.0, 1.0, 0.0, 0.0, 0.0, 0.0, 0.0, 0.0, 0.0, 1.0, 0.0, 0.0, 0.0, 0.0, 0.0, 1.0, 22.0, 38.0, 40.0, 0
2139, 1.0, 2.0, -0.104, 0.825, -0.375, 0.0, 1.0, 0.0, 0.0, 0.0, 0.0, 0.0, 0.0, 0.0, 1.0, 0.0, 0.0, 0.0, 0.0, 0.0, 1.0, 22.0, 38.0, 40.0, 0
4401, 1.0, 7.0, 0.187, -0.074, -0.074, 0.0, 0.0, 0.0, 0.0, 1.0, 0.0, 0.0, 0.0, 1.0, 0.0, 0.0, 1.0, 0.0, 0.0, 0.0, 0.0, 3.0, 22.0, 22.0, 0
4401, 1.0, 7.0, -0.144, -0.074, -0.074, 0.0, 0.0, 1.0, 0.0, 0.0, 0.0, 0.0, 0.0, 1.0, 0.0, 0.0, 1.0, 0.0, 0.0, 0.0, 0.0, 93.0, 22.0, 22.0, 0
4401, 1.0, 7.0, -0.144, -0.074, -0.074, 0.0, 0.0, 1.0, 0.0, 0.0, 0.0, 0.0, 0.0, 1.0, 0.0, 0.0, 1.0, 0.0, 0.0, 0.0, 0.0, 93.0, 22.0, 22.0, 0
4401, 1.0, 7.0, 0.857, -0.074, -0.074, 0.0, 0.0, 0.0, 0.0, 0.0, 0.0, 1.0, 0.0, 1.0, 0.0, 0.0, 1.0, 0.0, 0.0, 0.0, 0.0, 38.0, 22.0, 22.0, 0
4401, 1.0, 7.0, 0.187, -0.074, -0.074, 0.0, 0.0, 0.0, 0.0, 1.0, 0.0, 0.0, 0.0, 1.0, 0.0, 0.0, 1.0, 0.0, 0.0, 0.0, 0.0, 3.0, 22.0, 22.0, 0
4401, 1.0, 7.0, 0.187, -0.074, -0.074, 0.0, 0.0, 0.0, 0.0, 1.0, 0.0, 0.0, 0.0, 1.0, 0.0, 0.0, 1.0, 0.0, 0.0, 0.0, 0.0, 3.0, 22.0, 22.0, 0
4401, 1.0, 2.0, -0.074, 0.857, -0.343, 0.0, 1.0, 0.0, 0.0, 0.0, 0.0, 0.0, 0.0, 0.0, 1.0, 0.0, 0.0, 0.0, 0.0, 0.0, 1.0, 22.0, 38.0, 40.0, 0
4401, 1.0, 2.0, -0.074, 0.857, -0.343, 0.0, 1.0, 0.0, 0.0, 0.0, 0.0, 0.0, 0.0, 0.0, 1.0, 0.0, 0.0, 0.0, 0.0, 0.0, 1.0, 22.0, 38.0, 40.0, 0
2487, 7.0, 7.0, -0.122, -0.122, 0.0080, 0.0, 1.0, 0.0, 0.0, 0.0, 0.0, 0.0, 0.0, 1.0, 0.0, 0.0, 1.0, 0.0, 0.0, 0.0, 0.0, 22.0, 22.0, 27.0, 1
2487, 1.0, 7.0, 0.139, -0.122, -0.122, 0.0, 0.0, 0.0, 0.0, 1.0, 0.0, 0.0, 0.0, 1.0, 0.0, 0.0, 1.0, 0.0, 0.0, 0.0, 0.0, 3.0, 22.0, 22.0, 1
2487, 7.0, 7.0, -0.122, 0.0080, -0.092, 0.0, 1.0, 0.0, 0.0, 0.0, 0.0, 0.0, 0.0, 1.0, 0.0, 0.0, 1.0, 0.0, 0.0, 0.0, 0.0, 22.0, 27.0, 27.0, 1
2487, 7.0, 7.0, 0.0080, -0.092, 0.0080, 0.0, 1.0, 0.0, 0.0, 0.0, 0.0, 0.0, 0.0, 1.0, 0.0, 0.0, 1.0, 0.0, 0.0, 0.0, 0.0, 27.0, 27.0, 28.0, 1
2487, 7.0, 7.0, 0.0080, -0.092, 0.0080, 0.0, 1.0, 0.0, 0.0, 0.0, 0.0, 0.0, 0.0, 1.0, 0.0, 0.0, 1.0, 0.0, 0.0, 0.0, 0.0, 27.0, 27.0, 29.0, 1
2487, 7.0, 7.0, -0.122, 0.0080, -0.092, 0.0, 1.0, 0.0, 0.0, 0.0, 0.0, 0.0, 0.0, 1.0, 0.0, 0.0, 1.0, 0.0, 0.0, 0.0, 0.0, 22.0, 28.0, 27.0, 1
2487, 1.0, 7.0, 0.0080, 0.0080, -0.092, 0.0, 1.0, 0.0, 0.0, 0.0, 0.0, 0.0, 0.0, 1.0, 0.0, 0.0, 1.0, 0.0, 0.0, 0.0, 0.0, 28.0, 28.0, 27.0, 1
2487, 7.0, 7.0, -0.122, -0.122, 0.0080, 0.0, 1.0, 0.0, 0.0, 0.0, 0.0, 0.0, 0.0, 1.0, 0.0, 0.0, 1.0, 0.0, 0.0, 0.0, 0.0, 22.0, 22.0, 28.0, 1
2487, 1.0, 7.0, 0.139, -0.122, 0.0080, 0.0, 0.0, 0.0, 0.0, 1.0, 0.0, 0.0, 0.0, 1.0, 0.0, 0.0, 1.0, 0.0, 0.0, 0.0, 0.0, 3.0, 22.0, 28.0, 1
2487, 1.0, 7.0, 0.138, -0.122, -0.122, 0.0, 0.0, 0.0, 0.0, 1.0, 0.0, 0.0, 0.0, 1.0, 0.0, 0.0, 1.0, 0.0, 0.0, 0.0, 0.0, 3.0, 22.0, 22.0, 1
2487, 7.0, 7.0, -0.122, -0.122, 0.0080, 0.0, 1.0, 0.0, 0.0, 0.0, 0.0, 0.0, 0.0, 1.0, 0.0, 0.0, 1.0, 0.0, 0.0, 0.0, 0.0, 22.0, 22.0, 27.0, 1
2487, 1.0, 7.0, 0.809, -0.122, 0.0080, 0.0, 0.0, 0.0, 0.0, 0.0, 0.0, 1.0, 0.0, 1.0, 0.0, 0.0, 1.0, 0.0, 0.0, 0.0, 0.0, 38.0, 22.0, 27.0, 1
2487, 1.0, 7.0, 0.139, -0.122, -0.122, 0.0, 0.0, 0.0, 0.0, 1.0, 0.0, 0.0, 0.0, 1.0, 0.0, 0.0, 1.0, 0.0, 0.0, 0.0, 0.0, 3.0, 22.0, 22.0, 1
2487, 7.0, 7.0, -0.122, -0.122, 0.0080, 0.0, 1.0, 0.0, 0.0, 0.0, 0.0, 0.0, 0.0, 1.0, 0.0, 0.0, 1.0, 0.0, 0.0, 0.0, 0.0, 22.0, 22.0, 29.0, 1
2487, 1.0, 7.0, 0.138, -0.122, -0.122, 0.0, 0.0, 0.0, 0.0, 1.0, 0.0, 0.0, 0.0, 1.0, 0.0, 0.0, 1.0, 0.0, 0.0, 0.0, 0.0, 3.0, 22.0, 22.0, 1
2487, 7.0, 7.0, -0.122, 0.0080, -0.092, 0.0, 1.0, 0.0, 0.0, 0.0, 0.0, 0.0, 0.0, 1.0, 0.0, 0.0, 1.0, 0.0, 0.0, 0.0, 0.0, 22.0, 29.0, 27.0, 1
2487, 7.0, 7.0, 0.0080, -0.092, 0.0080, 0.0, 1.0, 0.0, 0.0, 0.0, 0.0, 0.0, 0.0, 1.0, 0.0, 0.0, 1.0, 0.0, 0.0, 0.0, 0.0, 28.0, 27.0, 29.0, 1
2487, 1.0, 7.0, 0.0080, 0.0080, -0.122, 0.0, 1.0, 0.0, 0.0, 0.0, 0.0, 0.0, 0.0, 1.0, 0.0, 0.0, 1.0, 0.0, 0.0, 0.0, 0.0, 28.0, 29.0, 22.0, 1
2487, 7.0, 7.0, -0.122, 0.0080, 0.0080, 0.0, 1.0, 0.0, 0.0, 0.0, 0.0, 0.0, 0.0, 1.0, 0.0, 0.0, 1.0, 0.0, 0.0, 0.0, 0.0, 22.0, 28.0, 28.0, 1
2487, 7.0, 7.0, 0.0080, -0.092, 0.0080, 0.0, 1.0, 0.0, 0.0, 0.0, 0.0, 0.0, 0.0, 1.0, 0.0, 0.0, 1.0, 0.0, 0.0, 0.0, 0.0, 27.0, 27.0, 29.0, 1
2487, 7.0, 7.0, -0.122, -0.122, 0.0080, 0.0, 1.0, 0.0, 0.0, 0.0, 0.0, 0.0, 0.0, 1.0, 0.0, 0.0, 1.0, 0.0, 0.0, 0.0, 0.0, 22.0, 22.0, 28.0, 1
2487, 1.0, 7.0, 0.0080, 0.0080, 0.0080, 0.0, 1.0, 0.0, 0.0, 0.0, 0.0, 0.0, 0.0, 1.0, 0.0, 0.0, 1.0, 0.0, 0.0, 0.0, 0.0, 29.0, 28.0, 28.0, 1
2487, 1.0, 7.0, 0.138, -0.122, -0.122, 0.0, 0.0, 0.0, 0.0, 1.0, 0.0, 0.0, 0.0, 1.0, 0.0, 0.0, 1.0, 0.0, 0.0, 0.0, 0.0, 3.0, 22.0, 22.0, 1
2487, 1.0, 7.0, 0.138, -0.122, 0.0080, 0.0, 0.0, 0.0, 0.0, 1.0, 0.0, 0.0, 0.0, 1.0, 0.0, 0.0, 1.0, 0.0, 0.0, 0.0, 0.0, 3.0, 22.0, 28.0, 1
2487, 7.0, 7.0, -0.122, -0.122, 0.0080, 0.0, 1.0, 0.0, 0.0, 0.0, 0.0, 0.0, 0.0, 1.0, 0.0, 0.0, 1.0, 0.0, 0.0, 0.0, 0.0, 22.0, 22.0, 28.0, 1
2487, 1.0, 7.0, 0.138, -0.122, -0.122, 0.0, 0.0, 0.0, 0.0, 1.0, 0.0, 0.0, 0.0, 1.0, 0.0, 0.0, 1.0, 0.0, 0.0, 0.0, 0.0, 3.0, 22.0, 22.0, 1
2487, 7.0, 7.0, -0.122, 0.0080, 0.0080, 0.0, 1.0, 0.0, 0.0, 0.0, 0.0, 0.0, 0.0, 1.0, 0.0, 0.0, 1.0, 0.0, 0.0, 0.0, 0.0, 22.0, 28.0, 28.0, 1
2487, 1.0, 7.0, 0.138, -0.122, -0.122, 0.0, 0.0, 0.0, 0.0, 1.0, 0.0, 0.0, 0.0, 1.0, 0.0, 0.0, 1.0, 0.0, 0.0, 0.0, 0.0, 3.0, 22.0, 22.0, 1
2487, 1.0, 7.0, 0.0080, 0.0080, -0.122, 0.0, 1.0, 0.0, 0.0, 0.0, 0.0, 0.0, 0.0, 1.0, 0.0, 0.0, 1.0, 0.0, 0.0, 0.0, 0.0, 28.0, 28.0, 22.0, 1
2487, 1.0, 7.0, 0.0080, 0.0080, -0.122, 0.0, 1.0, 0.0, 0.0, 0.0, 0.0, 0.0, 0.0, 1.0, 0.0, 0.0, 1.0, 0.0, 0.0, 0.0, 0.0, 28.0, 28.0, 22.0, 1
2487, 1.0, 7.0, 0.0080, 0.0080, -0.092, 0.0, 1.0, 0.0, 0.0, 0.0, 0.0, 0.0, 0.0, 1.0, 0.0, 0.0, 1.0, 0.0, 0.0, 0.0, 0.0, 28.0, 29.0, 27.0, 1
2487, 1.0, 7.0, 0.0080, 0.0080, -0.092, 0.0, 1.0, 0.0, 0.0, 0.0, 0.0, 0.0, 0.0, 1.0, 0.0, 0.0, 1.0, 0.0, 0.0, 0.0, 0.0, 28.0, 28.0, 27.0, 1
2487, 1.0, 2.0, -0.122, 0.809, -0.391, 0.0, 1.0, 0.0, 0.0, 0.0, 0.0, 0.0, 0.0, 0.0, 1.0, 0.0, 0.0, 0.0, 0.0, 0.0, 1.0, 22.0, 38.0, 40.0, 1
2487, 1.0, 7.0, 0.0080, 0.0080, -0.122, 0.0, 1.0, 0.0, 0.0, 0.0, 0.0, 0.0, 0.0, 1.0, 0.0, 0.0, 1.0, 0.0, 0.0, 0.0, 0.0, 28.0, 29.0, 22.0, 1
2487, 1.0, 2.0, -0.122, 0.809, -0.391, 0.0, 1.0, 0.0, 0.0, 0.0, 0.0, 0.0, 0.0, 0.0, 1.0, 0.0, 0.0, 0.0, 0.0, 0.0, 1.0, 22.0, 38.0, 40.0, 1
5262, 1.0, 1.0, 0.206, 0.017, -0.114, 0.0, 1.0, 0.0, 0.0, 0.0, 0.0, 0.0, 0.0, 1.0, 0.0, 0.0, 1.0, 0.0, 0.0, 0.0, 0.0, 10.0, 10.0, 22.0, 1
5262, 1.0, 5.0, 0.206, 0.017, -0.634, 0.0, 1.0, 0.0, 0.0, 0.0, 0.0, 0.0, 0.0, 1.0, 0.0, 0.0, 0.0, 0.0, 0.0, 0.0, 1.0, 10.0, 10.0, 45.0, 1
5262, 1.0, 1.0, 0.206, 0.017, 0.067, 0.0, 1.0, 0.0, 0.0, 0.0, 0.0, 0.0, 0.0, 1.0, 0.0, 0.0, 0.0, 0.0, 1.0, 0.0, 0.0, 10.0, 10.0, 3.0, 1
5262, 1.0, 7.0, 0.017, -0.114, 0.017, 0.0, 1.0, 0.0, 0.0, 0.0, 0.0, 0.0, 0.0, 1.0, 0.0, 0.0, 1.0, 0.0, 0.0, 0.0, 0.0, 10.0, 22.0, 22.0, 1
5262, 1.0, 7.0, 0.017, -0.114, -0.113, 0.0, 1.0, 0.0, 0.0, 0.0, 0.0, 0.0, 0.0, 1.0, 0.0, 0.0, 1.0, 0.0, 0.0, 0.0, 0.0, 10.0, 22.0, 22.0, 1
5262, 1.0, 7.0, -0.083, 0.017, -0.114, 0.0, 1.0, 0.0, 0.0, 0.0, 0.0, 0.0, 0.0, 1.0, 0.0, 0.0, 1.0, 0.0, 0.0, 0.0, 0.0, 10.0, 22.0, 22.0, 1
5262, 7.0, 7.0, -0.114, 0.017, 0.017, 0.0, 1.0, 0.0, 0.0, 0.0, 0.0, 0.0, 0.0, 1.0, 0.0, 0.0, 1.0, 0.0, 0.0, 0.0, 0.0, 22.0, 22.0, 27.0, 1
5262, 1.0, 1.0, -0.083, -0.083, 0.017, 0.0, 1.0, 0.0, 0.0, 0.0, 0.0, 0.0, 0.0, 1.0, 0.0, 0.0, 1.0, 0.0, 0.0, 0.0, 0.0, 10.0, 10.0, 22.0, 1
5262, 1.0, 1.0, 0.017, -0.083, 0.067, 0.0, 1.0, 0.0, 0.0, 0.0, 0.0, 0.0, 0.0, 1.0, 0.0, 0.0, 0.0, 0.0, 1.0, 0.0, 0.0, 22.0, 10.0, 3.0, 1
5262, 1.0, 1.0, 0.017, -0.083, 0.067, 0.0, 1.0, 0.0, 0.0, 0.0, 0.0, 0.0, 0.0, 1.0, 0.0, 0.0, 0.0, 0.0, 1.0, 0.0, 0.0, 22.0, 10.0, 3.0, 1
5262, 1.0, 1.0, -0.083, -0.083, 0.206, 0.0, 1.0, 0.0, 0.0, 0.0, 0.0, 0.0, 0.0, 1.0, 0.0, 0.0, 1.0, 0.0, 0.0, 0.0, 0.0, 10.0, 10.0, 10.0, 1
5262, 1.0, 1.0, -0.083, -0.083, 0.067, 0.0, 1.0, 0.0, 0.0, 0.0, 0.0, 0.0, 0.0, 1.0, 0.0, 0.0, 0.0, 0.0, 1.0, 0.0, 0.0, 10.0, 10.0, 3.0, 1
5262, 1.0, 1.0, -0.083, -0.083, 0.067, 0.0, 1.0, 0.0, 0.0, 0.0, 0.0, 0.0, 0.0, 1.0, 0.0, 0.0, 0.0, 0.0, 1.0, 0.0, 0.0, 10.0, 10.0, 3.0, 1
5262, 1.0, 1.0, -0.083, 0.206, 0.017, 0.0, 1.0, 0.0, 0.0, 0.0, 0.0, 0.0, 0.0, 1.0, 0.0, 0.0, 1.0, 0.0, 0.0, 0.0, 0.0, 10.0, 10.0, 10.0, 1
5262, 1.0, 4.0, -0.083, 0.206, -0.634, 0.0, 1.0, 0.0, 0.0, 0.0, 0.0, 0.0, 0.0, 1.0, 0.0, 0.0, 0.0, 0.0, 0.0, 0.0, 1.0, 10.0, 10.0, 45.0, 1
5262, 1.0, 1.0, -0.083, 0.206, 0.077, 0.0, 1.0, 0.0, 0.0, 0.0, 0.0, 0.0, 0.0, 1.0, 0.0, 0.0, 0.0, 0.0, 1.0, 0.0, 0.0, 10.0, 10.0, 3.0, 1
5262, 1.0, 7.0, 0.146, -0.113, -0.114, 0.0, 0.0, 0.0, 0.0, 1.0, 0.0, 0.0, 0.0, 1.0, 0.0, 0.0, 1.0, 0.0, 0.0, 0.0, 0.0, 3.0, 22.0, 22.0, 1
5262, 7.0, 7.0, -0.114, -0.113, 0.017, 0.0, 1.0, 0.0, 0.0, 0.0, 0.0, 0.0, 0.0, 1.0, 0.0, 0.0, 1.0, 0.0, 0.0, 0.0, 0.0, 22.0, 22.0, 27.0, 1
5262, 7.0, 7.0, -0.083, -0.083, 0.017, 0.0, 1.0, 0.0, 0.0, 0.0, 0.0, 0.0, 0.0, 1.0, 0.0, 0.0, 1.0, 0.0, 0.0, 0.0, 0.0, 27.0, 27.0, 27.0, 1
5262, 7.0, 7.0, -0.113, 0.017, -0.083, 0.0, 1.0, 0.0, 0.0, 0.0, 0.0, 0.0, 0.0, 1.0, 0.0, 0.0, 1.0, 0.0, 0.0, 0.0, 0.0, 22.0, 27.0, 27.0, 1
5262, 7.0, 7.0, -0.114, 0.017, -0.083, 0.0, 1.0, 0.0, 0.0, 0.0, 0.0, 0.0, 0.0, 1.0, 0.0, 0.0, 1.0, 0.0, 0.0, 0.0, 0.0, 22.0, 27.0, 27.0, 1
5262, 7.0, 7.0, 0.017, 0.017, -0.083, 0.0, 1.0, 0.0, 0.0, 0.0, 0.0, 0.0, 0.0, 1.0, 0.0, 0.0, 1.0, 0.0, 0.0, 0.0, 0.0, 22.0, 27.0, 27.0, 1
5262, 7.0, 7.0, -0.114, 0.017, 0.017, 0.0, 1.0, 0.0, 0.0, 0.0, 0.0, 0.0, 0.0, 1.0, 0.0, 0.0, 1.0, 0.0, 0.0, 0.0, 0.0, 22.0, 22.0, 27.0, 1
5262, 1.0, 7.0, -0.083, 0.017, 0.017, 0.0, 1.0, 0.0, 0.0, 0.0, 0.0, 0.0, 0.0, 1.0, 0.0, 0.0, 1.0, 0.0, 0.0, 0.0, 0.0, 10.0, 22.0, 27.0, 1
5262, 1.0, 7.0, 0.146, -0.113, 0.017, 0.0, 0.0, 0.0, 0.0, 1.0, 0.0, 0.0, 0.0, 1.0, 0.0, 0.0, 1.0, 0.0, 0.0, 0.0, 0.0, 3.0, 22.0, 27.0, 1
5262, 7.0, 7.0, -0.113, -0.113, 0.017, 0.0, 1.0, 0.0, 0.0, 0.0, 0.0, 0.0, 0.0, 1.0, 0.0, 0.0, 1.0, 0.0, 0.0, 0.0, 0.0, 22.0, 22.0, 27.0, 1
5262, 1.0, 7.0, 0.146, -0.113, -0.113, 0.0, 0.0, 0.0, 0.0, 1.0, 0.0, 0.0, 0.0, 1.0, 0.0, 0.0, 1.0, 0.0, 0.0, 0.0, 0.0, 3.0, 22.0, 22.0, 1
5262, 7.0, 7.0, -0.113, -0.113, 0.017, 0.0, 1.0, 0.0, 0.0, 0.0, 0.0, 0.0, 0.0, 1.0, 0.0, 0.0, 1.0, 0.0, 0.0, 0.0, 0.0, 22.0, 22.0, 27.0, 1
5262, 7.0, 7.0, -0.114, 0.017, -0.113, 0.0, 1.0, 0.0, 0.0, 0.0, 0.0, 0.0, 0.0, 1.0, 0.0, 0.0, 1.0, 0.0, 0.0, 0.0, 0.0, 22.0, 27.0, 22.0, 1
5262, 7.0, 7.0, -0.113, 0.017, -0.083, 0.0, 1.0, 0.0, 0.0, 0.0, 0.0, 0.0, 0.0, 1.0, 0.0, 0.0, 1.0, 0.0, 0.0, 0.0, 0.0, 22.0, 27.0, 27.0, 1
5262, 7.0, 7.0, -0.083, -0.083, 0.017, 0.0, 1.0, 0.0, 0.0, 0.0, 0.0, 0.0, 0.0, 1.0, 0.0, 0.0, 1.0, 0.0, 0.0, 0.0, 0.0, 27.0, 27.0, 27.0, 1
5262, 7.0, 7.0, -0.083, -0.083, 0.017, 0.0, 1.0, 0.0, 0.0, 0.0, 0.0, 0.0, 0.0, 1.0, 0.0, 0.0, 1.0, 0.0, 0.0, 0.0, 0.0, 27.0, 27.0, 27.0, 1
5262, 7.0, 7.0, -0.113, 0.017, -0.083, 0.0, 1.0, 0.0, 0.0, 0.0, 0.0, 0.0, 0.0, 1.0, 0.0, 0.0, 1.0, 0.0, 0.0, 0.0, 0.0, 22.0, 27.0, 27.0, 1
5262, 7.0, 7.0, -0.114, -0.113, 0.017, 0.0, 1.0, 0.0, 0.0, 0.0, 0.0, 0.0, 0.0, 1.0, 0.0, 0.0, 1.0, 0.0, 0.0, 0.0, 0.0, 22.0, 22.0, 27.0, 1
5262, 7.0, 7.0, -0.083, -0.083, 0.017, 0.0, 1.0, 0.0, 0.0, 0.0, 0.0, 0.0, 0.0, 1.0, 0.0, 0.0, 1.0, 0.0, 0.0, 0.0, 0.0, 27.0, 27.0, 27.0, 1
5262, 7.0, 7.0, -0.113, 0.017, -0.083, 0.0, 1.0, 0.0, 0.0, 0.0, 0.0, 0.0, 0.0, 1.0, 0.0, 0.0, 1.0, 0.0, 0.0, 0.0, 0.0, 22.0, 27.0, 27.0, 1
5262, 1.0, 7.0, 0.146, -0.114, -0.113, 0.0, 0.0, 0.0, 0.0, 1.0, 0.0, 0.0, 0.0, 1.0, 0.0, 0.0, 1.0, 0.0, 0.0, 0.0, 0.0, 3.0, 22.0, 22.0, 1
5262, 7.0, 7.0, -0.114, 0.017, 0.017, 0.0, 1.0, 0.0, 0.0, 0.0, 0.0, 0.0, 0.0, 1.0, 0.0, 0.0, 1.0, 0.0, 0.0, 0.0, 0.0, 22.0, 27.0, 22.0, 1
5262, 1.0, 7.0, 0.146, -0.113, 0.017, 0.0, 0.0, 0.0, 0.0, 1.0, 0.0, 0.0, 0.0, 1.0, 0.0, 0.0, 1.0, 0.0, 0.0, 0.0, 0.0, 3.0, 22.0, 27.0, 1
5262, 7.0, 7.0, -0.113, -0.114, 0.017, 0.0, 1.0, 0.0, 0.0, 0.0, 0.0, 0.0, 0.0, 1.0, 0.0, 0.0, 1.0, 0.0, 0.0, 0.0, 0.0, 22.0, 22.0, 27.0, 1
5262, 1.0, 7.0, 0.816, -0.114, 0.017, 0.0, 0.0, 0.0, 0.0, 0.0, 0.0, 1.0, 0.0, 1.0, 0.0, 0.0, 1.0, 0.0, 0.0, 0.0, 0.0, 38.0, 22.0, 27.0, 1
5262, 7.0, 7.0, -0.114, -0.113, -0.113, 0.0, 1.0, 0.0, 0.0, 0.0, 0.0, 0.0, 0.0, 1.0, 0.0, 0.0, 1.0, 0.0, 0.0, 0.0, 0.0, 22.0, 22.0, 22.0, 1
5262, 7.0, 7.0, -0.114, 0.017, -0.083, 0.0, 1.0, 0.0, 0.0, 0.0, 0.0, 0.0, 0.0, 1.0, 0.0, 0.0, 1.0, 0.0, 0.0, 0.0, 0.0, 22.0, 27.0, 27.0, 1
5262, 7.0, 7.0, -0.113, -0.114, 0.017, 0.0, 1.0, 0.0, 0.0, 0.0, 0.0, 0.0, 0.0, 1.0, 0.0, 0.0, 1.0, 0.0, 0.0, 0.0, 0.0, 22.0, 22.0, 27.0, 1
5262, 1.0, 7.0, 0.146, -0.113, -0.113, 0.0, 0.0, 0.0, 0.0, 1.0, 0.0, 0.0, 0.0, 1.0, 0.0, 0.0, 1.0, 0.0, 0.0, 0.0, 0.0, 3.0, 22.0, 22.0, 1
5262, 7.0, 7.0, -0.113, 0.017, -0.083, 0.0, 1.0, 0.0, 0.0, 0.0, 0.0, 0.0, 0.0, 1.0, 0.0, 0.0, 1.0, 0.0, 0.0, 0.0, 0.0, 22.0, 27.0, 27.0, 1
5262, 1.0, 7.0, 0.146, -0.113, -0.114, 0.0, 0.0, 0.0, 0.0, 1.0, 0.0, 0.0, 0.0, 1.0, 0.0, 0.0, 1.0, 0.0, 0.0, 0.0, 0.0, 3.0, 22.0, 22.0, 1
5262, 7.0, 7.0, -0.113, -0.113, 0.017, 0.0, 1.0, 0.0, 0.0, 0.0, 0.0, 0.0, 0.0, 1.0, 0.0, 0.0, 1.0, 0.0, 0.0, 0.0, 0.0, 22.0, 22.0, 27.0, 1
5262, 1.0, 5.0, 0.416, -0.634, 0.017, 0.0, 0.0, 0.0, 0.0, 1.0, 0.0, 0.0, 0.0, 0.0, 0.0, 1.0, 1.0, 0.0, 0.0, 0.0, 0.0, 8.0, 45.0, 10.0, 1
5262, 1.0, 4.0, 0.416, -0.634, 0.206, 0.0, 0.0, 0.0, 0.0, 1.0, 0.0, 0.0, 0.0, 0.0, 0.0, 1.0, 1.0, 0.0, 0.0, 0.0, 0.0, 8.0, 45.0, 10.0, 1
5262, 1.0, 2.0, -0.114, 0.816, -0.385, 0.0, 1.0, 0.0, 0.0, 0.0, 0.0, 0.0, 0.0, 0.0, 1.0, 0.0, 0.0, 0.0, 0.0, 0.0, 1.0, 22.0, 38.0, 40.0, 1
5262, 1.0, 2.0, -0.114, 0.816, -0.385, 0.0, 1.0, 0.0, 0.0, 0.0, 0.0, 0.0, 0.0, 0.0, 1.0, 0.0, 0.0, 0.0, 0.0, 0.0, 1.0, 22.0, 38.0, 40.0, 1
4504, 7.0, 7.0, -0.115, -0.115, 0.015, 0.0, 1.0, 0.0, 0.0, 0.0, 0.0, 0.0, 0.0, 1.0, 0.0, 0.0, 1.0, 0.0, 0.0, 0.0, 0.0, 22.0, 22.0, 27.0, 1
4504, 1.0, 7.0, 0.145, -0.115, -0.115, 0.0, 0.0, 0.0, 0.0, 1.0, 0.0, 0.0, 0.0, 1.0, 0.0, 0.0, 1.0, 0.0, 0.0, 0.0, 0.0, 3.0, 22.0, 22.0, 1
4504, 7.0, 7.0, -0.115, 0.015, -0.085, 0.0, 1.0, 0.0, 0.0, 0.0, 0.0, 0.0, 0.0, 1.0, 0.0, 0.0, 1.0, 0.0, 0.0, 0.0, 0.0, 22.0, 27.0, 27.0, 1
4504, 7.0, 7.0, 0.015, -0.085, 0.015, 0.0, 1.0, 0.0, 0.0, 0.0, 0.0, 0.0, 0.0, 1.0, 0.0, 0.0, 1.0, 0.0, 0.0, 0.0, 0.0, 27.0, 27.0, 28.0, 1
4504, 7.0, 7.0, 0.015, -0.085, 0.015, 0.0, 1.0, 0.0, 0.0, 0.0, 0.0, 0.0, 0.0, 1.0, 0.0, 0.0, 1.0, 0.0, 0.0, 0.0, 0.0, 27.0, 27.0, 29.0, 1
4504, 7.0, 7.0, -0.115, 0.015, -0.085, 0.0, 1.0, 0.0, 0.0, 0.0, 0.0, 0.0, 0.0, 1.0, 0.0, 0.0, 1.0, 0.0, 0.0, 0.0, 0.0, 22.0, 28.0, 27.0, 1
4504, 1.0, 7.0, 0.015, 0.015, -0.085, 0.0, 1.0, 0.0, 0.0, 0.0, 0.0, 0.0, 0.0, 1.0, 0.0, 0.0, 1.0, 0.0, 0.0, 0.0, 0.0, 28.0, 28.0, 27.0, 1
4504, 7.0, 7.0, -0.115, -0.115, 0.015, 0.0, 1.0, 0.0, 0.0, 0.0, 0.0, 0.0, 0.0, 1.0, 0.0, 0.0, 1.0, 0.0, 0.0, 0.0, 0.0, 22.0, 22.0, 28.0, 1
4504, 1.0, 7.0, 0.145, -0.115, 0.015, 0.0, 0.0, 0.0, 0.0, 1.0, 0.0, 0.0, 0.0, 1.0, 0.0, 0.0, 1.0, 0.0, 0.0, 0.0, 0.0, 3.0, 22.0, 28.0, 1
4504, 1.0, 7.0, 0.816, -0.115, -0.115, 0.0, 0.0, 0.0, 0.0, 0.0, 0.0, 1.0, 0.0, 1.0, 0.0, 0.0, 1.0, 0.0, 0.0, 0.0, 0.0, 38.0, 22.0, 22.0, 1
4504, 7.0, 7.0, -0.115, -0.115, 0.015, 0.0, 1.0, 0.0, 0.0, 0.0, 0.0, 0.0, 0.0, 1.0, 0.0, 0.0, 1.0, 0.0, 0.0, 0.0, 0.0, 22.0, 22.0, 27.0, 1
4504, 1.0, 7.0, 0.145, -0.115, 0.015, 0.0, 0.0, 0.0, 0.0, 1.0, 0.0, 0.0, 0.0, 1.0, 0.0, 0.0, 1.0, 0.0, 0.0, 0.0, 0.0, 3.0, 22.0, 27.0, 1
4504, 1.0, 7.0, 0.816, -0.115, -0.115, 0.0, 0.0, 0.0, 0.0, 0.0, 0.0, 1.0, 0.0, 1.0, 0.0, 0.0, 1.0, 0.0, 0.0, 0.0, 0.0, 38.0, 22.0, 22.0, 1
4504, 7.0, 7.0, -0.115, -0.115, 0.015, 0.0, 1.0, 0.0, 0.0, 0.0, 0.0, 0.0, 0.0, 1.0, 0.0, 0.0, 1.0, 0.0, 0.0, 0.0, 0.0, 22.0, 22.0, 29.0, 1
4504, 1.0, 7.0, 0.816, -0.115, -0.115, 0.0, 0.0, 0.0, 0.0, 0.0, 0.0, 1.0, 0.0, 1.0, 0.0, 0.0, 1.0, 0.0, 0.0, 0.0, 0.0, 38.0, 22.0, 22.0, 1
4504, 7.0, 7.0, -0.115, 0.015, -0.085, 0.0, 1.0, 0.0, 0.0, 0.0, 0.0, 0.0, 0.0, 1.0, 0.0, 0.0, 1.0, 0.0, 0.0, 0.0, 0.0, 22.0, 29.0, 27.0, 1
4504, 7.0, 7.0, 0.015, -0.085, 0.015, 0.0, 1.0, 0.0, 0.0, 0.0, 0.0, 0.0, 0.0, 1.0, 0.0, 0.0, 1.0, 0.0, 0.0, 0.0, 0.0, 28.0, 27.0, 29.0, 1
4504, 1.0, 7.0, 0.015, 0.015, -0.115, 0.0, 1.0, 0.0, 0.0, 0.0, 0.0, 0.0, 0.0, 1.0, 0.0, 0.0, 1.0, 0.0, 0.0, 0.0, 0.0, 28.0, 29.0, 22.0, 1
4504, 7.0, 7.0, -0.115, 0.015, 0.015, 0.0, 1.0, 0.0, 0.0, 0.0, 0.0, 0.0, 0.0, 1.0, 0.0, 0.0, 1.0, 0.0, 0.0, 0.0, 0.0, 22.0, 28.0, 28.0, 1
4504, 7.0, 7.0, 0.015, -0.085, 0.015, 0.0, 1.0, 0.0, 0.0, 0.0, 0.0, 0.0, 0.0, 1.0, 0.0, 0.0, 1.0, 0.0, 0.0, 0.0, 0.0, 27.0, 27.0, 29.0, 1
4504, 7.0, 7.0, -0.115, -0.115, 0.015, 0.0, 1.0, 0.0, 0.0, 0.0, 0.0, 0.0, 0.0, 1.0, 0.0, 0.0, 1.0, 0.0, 0.0, 0.0, 0.0, 22.0, 22.0, 28.0, 1
4504, 1.0, 7.0, 0.015, 0.015, 0.015, 0.0, 1.0, 0.0, 0.0, 0.0, 0.0, 0.0, 0.0, 1.0, 0.0, 0.0, 1.0, 0.0, 0.0, 0.0, 0.0, 29.0, 28.0, 28.0, 1
4504, 1.0, 7.0, 0.145, -0.115, -0.115, 0.0, 0.0, 0.0, 0.0, 1.0, 0.0, 0.0, 0.0, 1.0, 0.0, 0.0, 1.0, 0.0, 0.0, 0.0, 0.0, 3.0, 22.0, 22.0, 1
4504, 1.0, 7.0, 0.146, -0.115, 0.015, 0.0, 0.0, 0.0, 0.0, 1.0, 0.0, 0.0, 0.0, 1.0, 0.0, 0.0, 1.0, 0.0, 0.0, 0.0, 0.0, 3.0, 22.0, 28.0, 1
4504, 7.0, 7.0, -0.115, -0.115, 0.015, 0.0, 1.0, 0.0, 0.0, 0.0, 0.0, 0.0, 0.0, 1.0, 0.0, 0.0, 1.0, 0.0, 0.0, 0.0, 0.0, 22.0, 22.0, 28.0, 1
4504, 1.0, 7.0, 0.145, -0.115, -0.115, 0.0, 0.0, 0.0, 0.0, 1.0, 0.0, 0.0, 0.0, 1.0, 0.0, 0.0, 1.0, 0.0, 0.0, 0.0, 0.0, 3.0, 22.0, 22.0, 1
4504, 7.0, 7.0, -0.115, 0.015, 0.015, 0.0, 1.0, 0.0, 0.0, 0.0, 0.0, 0.0, 0.0, 1.0, 0.0, 0.0, 1.0, 0.0, 0.0, 0.0, 0.0, 22.0, 28.0, 28.0, 1
4504, 1.0, 7.0, 0.145, -0.115, -0.115, 0.0, 0.0, 0.0, 0.0, 1.0, 0.0, 0.0, 0.0, 1.0, 0.0, 0.0, 1.0, 0.0, 0.0, 0.0, 0.0, 3.0, 22.0, 22.0, 1
4504, 1.0, 7.0, 0.015, 0.015, -0.115, 0.0, 1.0, 0.0, 0.0, 0.0, 0.0, 0.0, 0.0, 1.0, 0.0, 0.0, 1.0, 0.0, 0.0, 0.0, 0.0, 28.0, 28.0, 22.0, 1
4504, 1.0, 7.0, 0.015, 0.015, -0.115, 0.0, 1.0, 0.0, 0.0, 0.0, 0.0, 0.0, 0.0, 1.0, 0.0, 0.0, 1.0, 0.0, 0.0, 0.0, 0.0, 28.0, 28.0, 22.0, 1
4504, 1.0, 7.0, 0.015, 0.015, -0.085, 0.0, 1.0, 0.0, 0.0, 0.0, 0.0, 0.0, 0.0, 1.0, 0.0, 0.0, 1.0, 0.0, 0.0, 0.0, 0.0, 28.0, 29.0, 27.0, 1
4504, 1.0, 7.0, 0.015, 0.015, -0.085, 0.0, 1.0, 0.0, 0.0, 0.0, 0.0, 0.0, 0.0, 1.0, 0.0, 0.0, 1.0, 0.0, 0.0, 0.0, 0.0, 28.0, 28.0, 27.0, 1
4504, 1.0, 2.0, -0.115, 0.816, -0.384, 0.0, 1.0, 0.0, 0.0, 0.0, 0.0, 0.0, 0.0, 0.0, 1.0, 0.0, 0.0, 0.0, 0.0, 0.0, 1.0, 22.0, 38.0, 40.0, 1
4504, 1.0, 2.0, -0.115, 0.816, -0.384, 0.0, 1.0, 0.0, 0.0, 0.0, 0.0, 0.0, 0.0, 0.0, 1.0, 0.0, 0.0, 0.0, 0.0, 0.0, 1.0, 22.0, 38.0, 40.0, 1
4504, 1.0, 7.0, 0.015, 0.015, -0.115, 0.0, 1.0, 0.0, 0.0, 0.0, 0.0, 0.0, 0.0, 1.0, 0.0, 0.0, 1.0, 0.0, 0.0, 0.0, 0.0, 28.0, 29.0, 22.0, 1
4504, 1.0, 2.0, -0.115, 0.816, -0.384, 0.0, 1.0, 0.0, 0.0, 0.0, 0.0, 0.0, 0.0, 0.0, 1.0, 0.0, 0.0, 0.0, 0.0, 0.0, 1.0, 22.0, 38.0, 40.0, 1
4504, 1.0, 2.0, -0.115, 0.816, -0.384, 0.0, 1.0, 0.0, 0.0, 0.0, 0.0, 0.0, 0.0, 0.0, 1.0, 0.0, 0.0, 0.0, 0.0, 0.0, 1.0, 22.0, 38.0, 40.0, 1
4504, 1.0, 2.0, -0.115, 0.816, -0.384, 0.0, 1.0, 0.0, 0.0, 0.0, 0.0, 0.0, 0.0, 0.0, 1.0, 0.0, 0.0, 0.0, 0.0, 0.0, 1.0, 22.0, 38.0, 40.0, 1
4504, 1.0, 2.0, -0.115, 0.816, -0.384, 0.0, 1.0, 0.0, 0.0, 0.0, 0.0, 0.0, 0.0, 0.0, 1.0, 0.0, 0.0, 0.0, 0.0, 0.0, 1.0, 22.0, 38.0, 40.0, 1
4945, 1.0, 7.0, 0.136, -0.124, -0.124, 0.0, 0.0, 0.0, 0.0, 1.0, 0.0, 0.0, 0.0, 1.0, 0.0, 0.0, 1.0, 0.0, 0.0, 0.0, 0.0, 3.0, 22.0, 22.0, 1
4945, 7.0, 7.0, -0.124, -0.124, 0.0060, 0.0, 1.0, 0.0, 0.0, 0.0, 0.0, 0.0, 0.0, 1.0, 0.0, 0.0, 1.0, 0.0, 0.0, 0.0, 0.0, 22.0, 22.0, 29.0, 1
4945, 1.0, 7.0, 0.0060, -0.124, -0.124, 0.0, 1.0, 0.0, 0.0, 0.0, 0.0, 0.0, 0.0, 1.0, 0.0, 0.0, 1.0, 0.0, 0.0, 0.0, 0.0, 10.0, 22.0, 22.0, 1
4945, 1.0, 7.0, 0.0060, 0.0060, -0.124, 0.0, 1.0, 0.0, 0.0, 0.0, 0.0, 0.0, 0.0, 1.0, 0.0, 0.0, 1.0, 0.0, 0.0, 0.0, 0.0, 29.0, 29.0, 22.0, 1
4945, 7.0, 7.0, -0.124, -0.124, 0.0060, 0.0, 1.0, 0.0, 0.0, 0.0, 0.0, 0.0, 0.0, 1.0, 0.0, 0.0, 1.0, 0.0, 0.0, 0.0, 0.0, 22.0, 22.0, 29.0, 1
4945, 1.0, 7.0, 0.136, -0.124, 0.0060, 0.0, 0.0, 0.0, 0.0, 1.0, 0.0, 0.0, 0.0, 1.0, 0.0, 0.0, 1.0, 0.0, 0.0, 0.0, 0.0, 3.0, 22.0, 29.0, 1
4945, 1.0, 7.0, 0.136, -0.124, -0.124, 0.0, 0.0, 0.0, 0.0, 1.0, 0.0, 0.0, 0.0, 1.0, 0.0, 0.0, 1.0, 0.0, 0.0, 0.0, 0.0, 3.0, 22.0, 22.0, 1
4945, 1.0, 7.0, 0.805, -0.124, -0.124, 0.0, 0.0, 0.0, 0.0, 0.0, 0.0, 1.0, 0.0, 1.0, 0.0, 0.0, 1.0, 0.0, 0.0, 0.0, 0.0, 38.0, 22.0, 22.0, 1
4945, 7.0, 7.0, -0.124, -0.124, 0.206, 0.0, 1.0, 0.0, 0.0, 0.0, 0.0, 0.0, 0.0, 1.0, 0.0, 0.0, 1.0, 0.0, 0.0, 0.0, 0.0, 22.0, 22.0, 22.0, 1
4945, 1.0, 7.0, 0.136, -0.124, -0.124, 0.0, 0.0, 0.0, 0.0, 1.0, 0.0, 0.0, 0.0, 1.0, 0.0, 0.0, 1.0, 0.0, 0.0, 0.0, 0.0, 3.0, 22.0, 22.0, 1
4945, 1.0, 7.0, -0.394, 0.206, -0.124, 0.0, 0.0, 0.0, 0.0, 0.0, 0.0, 1.0, 0.0, 1.0, 0.0, 0.0, 1.0, 0.0, 0.0, 0.0, 0.0, 32.0, 22.0, 22.0, 1
4945, 7.0, 7.0, -0.124, -0.124, 0.206, 0.0, 1.0, 0.0, 0.0, 0.0, 0.0, 0.0, 0.0, 1.0, 0.0, 0.0, 1.0, 0.0, 0.0, 0.0, 0.0, 22.0, 22.0, 22.0, 1
4945, 1.0, 7.0, 0.136, -0.124, 0.206, 0.0, 0.0, 0.0, 0.0, 1.0, 0.0, 0.0, 0.0, 1.0, 0.0, 0.0, 1.0, 0.0, 0.0, 0.0, 0.0, 3.0, 22.0, 22.0, 1
4945, 7.0, 7.0, -0.124, -0.124, 0.0060, 0.0, 1.0, 0.0, 0.0, 0.0, 0.0, 0.0, 0.0, 1.0, 0.0, 0.0, 1.0, 0.0, 0.0, 0.0, 0.0, 22.0, 22.0, 29.0, 1
4945, 1.0, 7.0, 0.136, -0.124, -0.124, 0.0, 0.0, 0.0, 0.0, 1.0, 0.0, 0.0, 0.0, 1.0, 0.0, 0.0, 1.0, 0.0, 0.0, 0.0, 0.0, 3.0, 22.0, 22.0, 1
4945, 1.0, 7.0, 0.0060, 0.0060, -0.124, 0.0, 1.0, 0.0, 0.0, 0.0, 0.0, 0.0, 0.0, 1.0, 0.0, 0.0, 1.0, 0.0, 0.0, 0.0, 0.0, 29.0, 29.0, 22.0, 1
4945, 1.0, 7.0, 0.0060, -0.124, 0.0060, 0.0, 1.0, 0.0, 0.0, 0.0, 0.0, 0.0, 0.0, 1.0, 0.0, 0.0, 1.0, 0.0, 0.0, 0.0, 0.0, 10.0, 22.0, 29.0, 1
4945, 7.0, 7.0, -0.124, -0.124, 0.0060, 0.0, 1.0, 0.0, 0.0, 0.0, 0.0, 0.0, 0.0, 1.0, 0.0, 0.0, 1.0, 0.0, 0.0, 0.0, 0.0, 22.0, 22.0, 29.0, 1
4945, 1.0, 7.0, 0.0060, 0.0060, -0.124, 0.0, 1.0, 0.0, 0.0, 0.0, 0.0, 0.0, 0.0, 1.0, 0.0, 0.0, 1.0, 0.0, 0.0, 0.0, 0.0, 29.0, 29.0, 22.0, 1
4945, 1.0, 7.0, 0.0060, 0.0060, -0.124, 0.0, 1.0, 0.0, 0.0, 0.0, 0.0, 0.0, 0.0, 1.0, 0.0, 0.0, 1.0, 0.0, 0.0, 0.0, 0.0, 29.0, 29.0, 22.0, 1
4945, 1.0, 1.0, -0.124, 0.0060, 0.056, 0.0, 1.0, 0.0, 0.0, 0.0, 0.0, 0.0, 0.0, 1.0, 0.0, 0.0, 0.0, 0.0, 1.0, 0.0, 0.0, 22.0, 10.0, 3.0, 1
4945, 1.0, 1.0, -0.124, 0.0060, 0.056, 0.0, 1.0, 0.0, 0.0, 0.0, 0.0, 0.0, 0.0, 1.0, 0.0, 0.0, 0.0, 0.0, 1.0, 0.0, 0.0, 22.0, 10.0, 3.0, 1
4945, 1.0, 7.0, 0.0060, -0.124, 0.0060, 0.0, 1.0, 0.0, 0.0, 0.0, 0.0, 0.0, 0.0, 1.0, 0.0, 0.0, 1.0, 0.0, 0.0, 0.0, 0.0, 10.0, 22.0, 29.0, 1
4945, 1.0, 7.0, 0.0060, -0.124, -0.124, 0.0, 1.0, 0.0, 0.0, 0.0, 0.0, 0.0, 0.0, 1.0, 0.0, 0.0, 1.0, 0.0, 0.0, 0.0, 0.0, 10.0, 22.0, 22.0, 1
4945, 1.0, 2.0, -0.124, 0.805, -0.394, 0.0, 1.0, 0.0, 0.0, 0.0, 0.0, 0.0, 0.0, 0.0, 1.0, 0.0, 0.0, 0.0, 0.0, 0.0, 1.0, 22.0, 38.0, 40.0, 1
4945, 1.0, 2.0, -0.124, 0.805, -0.394, 0.0, 1.0, 0.0, 0.0, 0.0, 0.0, 0.0, 0.0, 0.0, 1.0, 0.0, 0.0, 0.0, 0.0, 0.0, 1.0, 22.0, 38.0, 40.0, 1
4945, 1.0, 1.0, 0.605, -0.394, 0.206, 0.0, 1.0, 0.0, 0.0, 0.0, 0.0, 0.0, 0.0, 0.0, 1.0, 0.0, 1.0, 0.0, 0.0, 0.0, 0.0, 14.0, 32.0, 22.0, 1
4945, 1.0, 2.0, -0.124, 0.805, -0.394, 0.0, 1.0, 0.0, 0.0, 0.0, 0.0, 0.0, 0.0, 0.0, 1.0, 0.0, 0.0, 0.0, 0.0, 0.0, 1.0, 22.0, 38.0, 40.0, 1
4945, 1.0, 1.0, -0.144, 0.605, -0.394, 0.0, 1.0, 0.0, 0.0, 0.0, 0.0, 0.0, 0.0, 1.0, 0.0, 0.0, 0.0, 0.0, 0.0, 1.0, 0.0, 10.0, 14.0, 32.0, 1
4945, 1.0, 1.0, 0.206, -0.394, 0.256, 0.0, 1.0, 0.0, 0.0, 0.0, 0.0, 0.0, 0.0, 0.0, 1.0, 0.0, 0.0, 0.0, 1.0, 0.0, 0.0, 22.0, 32.0, 1.0, 1
4945, 1.0, 1.0, 0.605, -0.144, 0.056, 0.0, 1.0, 0.0, 0.0, 0.0, 0.0, 0.0, 0.0, 1.0, 0.0, 0.0, 0.0, 0.0, 1.0, 0.0, 0.0, 14.0, 10.0, 3.0, 1
4945, 1.0, 2.0, -0.394, 0.605, -0.544, 0.0, 0.0, 0.0, 0.0, 0.0, 0.0, 1.0, 0.0, 1.0, 0.0, 0.0, 0.0, 0.0, 0.0, 0.0, 1.0, 32.0, 14.0, 40.0, 1
4945, 1.0, 1.0, 0.605, -0.144, 0.056, 0.0, 1.0, 0.0, 0.0, 0.0, 0.0, 0.0, 0.0, 1.0, 0.0, 0.0, 0.0, 0.0, 1.0, 0.0, 0.0, 14.0, 10.0, 3.0, 1
4945, 1.0, 1.0, 0.605, -0.144, 0.056, 0.0, 1.0, 0.0, 0.0, 0.0, 0.0, 0.0, 0.0, 1.0, 0.0, 0.0, 0.0, 0.0, 1.0, 0.0, 0.0, 14.0, 10.0, 3.0, 1
5378, 1.0, 7.0, 0.146, -0.114, -0.114, 0.0, 0.0, 0.0, 0.0, 1.0, 0.0, 0.0, 0.0, 1.0, 0.0, 0.0, 1.0, 0.0, 0.0, 0.0, 0.0, 3.0, 22.0, 22.0, 1
5378, 1.0, 7.0, 0.817, -0.114, -0.114, 0.0, 0.0, 0.0, 0.0, 0.0, 0.0, 1.0, 0.0, 1.0, 0.0, 0.0, 1.0, 0.0, 0.0, 0.0, 0.0, 38.0, 22.0, 22.0, 1
5378, 1.0, 7.0, 0.146, -0.114, -0.114, 0.0, 0.0, 0.0, 0.0, 1.0, 0.0, 0.0, 0.0, 1.0, 0.0, 0.0, 1.0, 0.0, 0.0, 0.0, 0.0, 3.0, 22.0, 22.0, 1
5378, 1.0, 7.0, 0.817, -0.114, -0.114, 0.0, 0.0, 0.0, 0.0, 0.0, 0.0, 1.0, 0.0, 1.0, 0.0, 0.0, 1.0, 0.0, 0.0, 0.0, 0.0, 38.0, 22.0, 22.0, 1
5378, 1.0, 7.0, 0.146, -0.114, -0.114, 0.0, 0.0, 0.0, 0.0, 1.0, 0.0, 0.0, 0.0, 1.0, 0.0, 0.0, 1.0, 0.0, 0.0, 0.0, 0.0, 3.0, 22.0, 22.0, 1
5378, 1.0, 7.0, 0.146, -0.114, -0.114, 0.0, 0.0, 0.0, 0.0, 1.0, 0.0, 0.0, 0.0, 1.0, 0.0, 0.0, 1.0, 0.0, 0.0, 0.0, 0.0, 3.0, 22.0, 22.0, 1
5378, 1.0, 7.0, 0.817, -0.114, -0.114, 0.0, 0.0, 0.0, 0.0, 0.0, 0.0, 1.0, 0.0, 1.0, 0.0, 0.0, 1.0, 0.0, 0.0, 0.0, 0.0, 38.0, 22.0, 22.0, 1
5378, 1.0, 7.0, 0.817, -0.114, -0.114, 0.0, 0.0, 0.0, 0.0, 0.0, 0.0, 1.0, 0.0, 1.0, 0.0, 0.0, 1.0, 0.0, 0.0, 0.0, 0.0, 38.0, 22.0, 22.0, 1
5378, 1.0, 2.0, -0.114, 0.817, -0.383, 0.0, 1.0, 0.0, 0.0, 0.0, 0.0, 0.0, 0.0, 0.0, 1.0, 0.0, 0.0, 0.0, 0.0, 0.0, 1.0, 22.0, 38.0, 40.0, 1
5378, 1.0, 2.0, -0.114, 0.817, -0.384, 0.0, 1.0, 0.0, 0.0, 0.0, 0.0, 0.0, 0.0, 0.0, 1.0, 0.0, 0.0, 0.0, 0.0, 0.0, 1.0, 22.0, 38.0, 40.0, 1
5378, 1.0, 2.0, -0.114, 0.817, -0.383, 0.0, 1.0, 0.0, 0.0, 0.0, 0.0, 0.0, 0.0, 0.0, 1.0, 0.0, 0.0, 0.0, 0.0, 0.0, 1.0, 22.0, 38.0, 40.0, 1
5378, 2.0, 2.0, -0.384, 0.817, -0.383, 0.0, 0.0, 0.0, 0.0, 0.0, 0.0, 0.0, 1.0, 0.0, 1.0, 0.0, 0.0, 0.0, 0.0, 0.0, 1.0, 40.0, 38.0, 40.0, 1
5378, 2.0, 2.0, -0.384, 0.817, -0.383, 0.0, 0.0, 0.0, 0.0, 0.0, 0.0, 0.0, 1.0, 0.0, 1.0, 0.0, 0.0, 0.0, 0.0, 0.0, 1.0, 40.0, 38.0, 40.0, 1
5378, 1.0, 2.0, -0.114, 0.817, -0.384, 0.0, 1.0, 0.0, 0.0, 0.0, 0.0, 0.0, 0.0, 0.0, 1.0, 0.0, 0.0, 0.0, 0.0, 0.0, 1.0, 22.0, 38.0, 40.0, 1
1665, 7.0, 7.0, -0.122, -0.122, 0.0080, 0.0, 1.0, 0.0, 0.0, 0.0, 0.0, 0.0, 0.0, 1.0, 0.0, 0.0, 1.0, 0.0, 0.0, 0.0, 0.0, 22.0, 22.0, 27.0, 1
1665, 1.0, 7.0, 0.138, -0.122, -0.122, 0.0, 0.0, 0.0, 0.0, 1.0, 0.0, 0.0, 0.0, 1.0, 0.0, 0.0, 1.0, 0.0, 0.0, 0.0, 0.0, 3.0, 22.0, 22.0, 1
1665, 7.0, 7.0, -0.122, 0.0080, -0.092, 0.0, 1.0, 0.0, 0.0, 0.0, 0.0, 0.0, 0.0, 1.0, 0.0, 0.0, 1.0, 0.0, 0.0, 0.0, 0.0, 22.0, 27.0, 27.0, 1
1665, 7.0, 7.0, 0.0080, -0.092, 0.0080, 0.0, 1.0, 0.0, 0.0, 0.0, 0.0, 0.0, 0.0, 1.0, 0.0, 0.0, 1.0, 0.0, 0.0, 0.0, 0.0, 27.0, 27.0, 28.0, 1
1665, 7.0, 7.0, 0.0080, -0.092, 0.0080, 0.0, 1.0, 0.0, 0.0, 0.0, 0.0, 0.0, 0.0, 1.0, 0.0, 0.0, 1.0, 0.0, 0.0, 0.0, 0.0, 27.0, 27.0, 29.0, 1
1665, 7.0, 7.0, -0.122, 0.0080, -0.092, 0.0, 1.0, 0.0, 0.0, 0.0, 0.0, 0.0, 0.0, 1.0, 0.0, 0.0, 1.0, 0.0, 0.0, 0.0, 0.0, 22.0, 28.0, 27.0, 1
1665, 1.0, 7.0, 0.0080, 0.0080, -0.092, 0.0, 1.0, 0.0, 0.0, 0.0, 0.0, 0.0, 0.0, 1.0, 0.0, 0.0, 1.0, 0.0, 0.0, 0.0, 0.0, 28.0, 28.0, 27.0, 1
1665, 7.0, 7.0, -0.122, -0.122, 0.0080, 0.0, 1.0, 0.0, 0.0, 0.0, 0.0, 0.0, 0.0, 1.0, 0.0, 0.0, 1.0, 0.0, 0.0, 0.0, 0.0, 22.0, 22.0, 28.0, 1
1665, 1.0, 7.0, 0.138, -0.122, 0.0080, 0.0, 0.0, 0.0, 0.0, 1.0, 0.0, 0.0, 0.0, 1.0, 0.0, 0.0, 1.0, 0.0, 0.0, 0.0, 0.0, 3.0, 22.0, 28.0, 1
1665, 1.0, 7.0, 0.139, -0.122, -0.122, 0.0, 0.0, 0.0, 0.0, 1.0, 0.0, 0.0, 0.0, 1.0, 0.0, 0.0, 1.0, 0.0, 0.0, 0.0, 0.0, 3.0, 22.0, 22.0, 1
1665, 7.0, 7.0, -0.122, -0.122, 0.0080, 0.0, 1.0, 0.0, 0.0, 0.0, 0.0, 0.0, 0.0, 1.0, 0.0, 0.0, 1.0, 0.0, 0.0, 0.0, 0.0, 22.0, 22.0, 27.0, 1
1665, 1.0, 7.0, 0.139, -0.122, 0.0080, 0.0, 0.0, 0.0, 0.0, 1.0, 0.0, 0.0, 0.0, 1.0, 0.0, 0.0, 1.0, 0.0, 0.0, 0.0, 0.0, 3.0, 22.0, 27.0, 1
1665, 1.0, 7.0, 0.138, -0.122, -0.122, 0.0, 0.0, 0.0, 0.0, 1.0, 0.0, 0.0, 0.0, 1.0, 0.0, 0.0, 1.0, 0.0, 0.0, 0.0, 0.0, 3.0, 22.0, 22.0, 1
1665, 7.0, 7.0, -0.122, -0.122, 0.0080, 0.0, 1.0, 0.0, 0.0, 0.0, 0.0, 0.0, 0.0, 1.0, 0.0, 0.0, 1.0, 0.0, 0.0, 0.0, 0.0, 22.0, 22.0, 29.0, 1
1665, 1.0, 7.0, 0.138, -0.122, -0.122, 0.0, 0.0, 0.0, 0.0, 1.0, 0.0, 0.0, 0.0, 1.0, 0.0, 0.0, 1.0, 0.0, 0.0, 0.0, 0.0, 3.0, 22.0, 22.0, 1
1665, 7.0, 7.0, -0.122, 0.0080, -0.092, 0.0, 1.0, 0.0, 0.0, 0.0, 0.0, 0.0, 0.0, 1.0, 0.0, 0.0, 1.0, 0.0, 0.0, 0.0, 0.0, 22.0, 29.0, 27.0, 1
1665, 7.0, 7.0, 0.0080, -0.092, 0.0080, 0.0, 1.0, 0.0, 0.0, 0.0, 0.0, 0.0, 0.0, 1.0, 0.0, 0.0, 1.0, 0.0, 0.0, 0.0, 0.0, 28.0, 27.0, 29.0, 1
1665, 1.0, 7.0, 0.0080, 0.0080, -0.122, 0.0, 1.0, 0.0, 0.0, 0.0, 0.0, 0.0, 0.0, 1.0, 0.0, 0.0, 1.0, 0.0, 0.0, 0.0, 0.0, 28.0, 29.0, 22.0, 1
1665, 7.0, 7.0, -0.122, 0.0080, 0.0080, 0.0, 1.0, 0.0, 0.0, 0.0, 0.0, 0.0, 0.0, 1.0, 0.0, 0.0, 1.0, 0.0, 0.0, 0.0, 0.0, 22.0, 28.0, 28.0, 1
1665, 7.0, 7.0, 0.0080, -0.092, 0.0080, 0.0, 1.0, 0.0, 0.0, 0.0, 0.0, 0.0, 0.0, 1.0, 0.0, 0.0, 1.0, 0.0, 0.0, 0.0, 0.0, 27.0, 27.0, 29.0, 1
1665, 7.0, 7.0, -0.122, -0.122, 0.0080, 0.0, 1.0, 0.0, 0.0, 0.0, 0.0, 0.0, 0.0, 1.0, 0.0, 0.0, 1.0, 0.0, 0.0, 0.0, 0.0, 22.0, 22.0, 28.0, 1
1665, 1.0, 7.0, 0.0080, 0.0080, 0.0080, 0.0, 1.0, 0.0, 0.0, 0.0, 0.0, 0.0, 0.0, 1.0, 0.0, 0.0, 1.0, 0.0, 0.0, 0.0, 0.0, 29.0, 28.0, 28.0, 1
1665, 1.0, 7.0, 0.138, -0.122, -0.122, 0.0, 0.0, 0.0, 0.0, 1.0, 0.0, 0.0, 0.0, 1.0, 0.0, 0.0, 1.0, 0.0, 0.0, 0.0, 0.0, 3.0, 22.0, 22.0, 1
1665, 1.0, 7.0, 0.139, -0.122, 0.0080, 0.0, 0.0, 0.0, 0.0, 1.0, 0.0, 0.0, 0.0, 1.0, 0.0, 0.0, 1.0, 0.0, 0.0, 0.0, 0.0, 3.0, 22.0, 28.0, 1
1665, 7.0, 7.0, -0.122, -0.122, 0.0080, 0.0, 1.0, 0.0, 0.0, 0.0, 0.0, 0.0, 0.0, 1.0, 0.0, 0.0, 1.0, 0.0, 0.0, 0.0, 0.0, 22.0, 22.0, 28.0, 1
1665, 1.0, 7.0, 0.809, -0.122, -0.122, 0.0, 0.0, 0.0, 0.0, 0.0, 0.0, 1.0, 0.0, 1.0, 0.0, 0.0, 1.0, 0.0, 0.0, 0.0, 0.0, 38.0, 22.0, 22.0, 1
1665, 7.0, 7.0, -0.122, 0.0080, 0.0080, 0.0, 1.0, 0.0, 0.0, 0.0, 0.0, 0.0, 0.0, 1.0, 0.0, 0.0, 1.0, 0.0, 0.0, 0.0, 0.0, 22.0, 28.0, 28.0, 1
1665, 1.0, 7.0, 0.138, -0.122, -0.122, 0.0, 0.0, 0.0, 0.0, 1.0, 0.0, 0.0, 0.0, 1.0, 0.0, 0.0, 1.0, 0.0, 0.0, 0.0, 0.0, 3.0, 22.0, 22.0, 1
1665, 1.0, 7.0, 0.0080, 0.0080, -0.122, 0.0, 1.0, 0.0, 0.0, 0.0, 0.0, 0.0, 0.0, 1.0, 0.0, 0.0, 1.0, 0.0, 0.0, 0.0, 0.0, 28.0, 28.0, 22.0, 1
1665, 1.0, 7.0, 0.0080, 0.0080, -0.122, 0.0, 1.0, 0.0, 0.0, 0.0, 0.0, 0.0, 0.0, 1.0, 0.0, 0.0, 1.0, 0.0, 0.0, 0.0, 0.0, 28.0, 28.0, 22.0, 1
1665, 1.0, 7.0, 0.0080, 0.0080, -0.092, 0.0, 1.0, 0.0, 0.0, 0.0, 0.0, 0.0, 0.0, 1.0, 0.0, 0.0, 1.0, 0.0, 0.0, 0.0, 0.0, 28.0, 29.0, 27.0, 1
1665, 1.0, 7.0, 0.0080, 0.0080, -0.092, 0.0, 1.0, 0.0, 0.0, 0.0, 0.0, 0.0, 0.0, 1.0, 0.0, 0.0, 1.0, 0.0, 0.0, 0.0, 0.0, 28.0, 28.0, 27.0, 1
1665, 1.0, 2.0, -0.122, 0.809, -0.391, 0.0, 1.0, 0.0, 0.0, 0.0, 0.0, 0.0, 0.0, 0.0, 1.0, 0.0, 0.0, 0.0, 0.0, 0.0, 1.0, 22.0, 38.0, 40.0, 1
1665, 1.0, 7.0, 0.0080, 0.0080, -0.122, 0.0, 1.0, 0.0, 0.0, 0.0, 0.0, 0.0, 0.0, 1.0, 0.0, 0.0, 1.0, 0.0, 0.0, 0.0, 0.0, 28.0, 29.0, 22.0, 1
1665, 1.0, 2.0, -0.122, 0.809, -0.391, 0.0, 1.0, 0.0, 0.0, 0.0, 0.0, 0.0, 0.0, 0.0, 1.0, 0.0, 0.0, 0.0, 0.0, 0.0, 1.0, 22.0, 38.0, 40.0, 1
2179, 1.0, 7.0, 0.135, -0.126, -0.126, 0.0, 0.0, 0.0, 0.0, 1.0, 0.0, 0.0, 0.0, 1.0, 0.0, 0.0, 1.0, 0.0, 0.0, 0.0, 0.0, 3.0, 22.0, 22.0, 1
2179, 7.0, 7.0, -0.126, -0.126, 0.0040, 0.0, 1.0, 0.0, 0.0, 0.0, 0.0, 0.0, 0.0, 1.0, 0.0, 0.0, 1.0, 0.0, 0.0, 0.0, 0.0, 22.0, 22.0, 22.0, 1
2179, 1.0, 7.0, 0.135, -0.126, -0.126, 0.0, 0.0, 0.0, 0.0, 1.0, 0.0, 0.0, 0.0, 1.0, 0.0, 0.0, 1.0, 0.0, 0.0, 0.0, 0.0, 3.0, 22.0, 22.0, 1
2179, 1.0, 7.0, -0.096, 0.0040, -0.126, 0.0, 1.0, 0.0, 0.0, 0.0, 0.0, 0.0, 0.0, 1.0, 0.0, 0.0, 1.0, 0.0, 0.0, 0.0, 0.0, 10.0, 22.0, 22.0, 1
2179, 7.0, 7.0, -0.126, -0.126, 0.0040, 0.0, 1.0, 0.0, 0.0, 0.0, 0.0, 0.0, 0.0, 1.0, 0.0, 0.0, 1.0, 0.0, 0.0, 0.0, 0.0, 22.0, 22.0, 22.0, 1
2179, 1.0, 7.0, 0.135, -0.126, 0.0040, 0.0, 0.0, 0.0, 0.0, 1.0, 0.0, 0.0, 0.0, 1.0, 0.0, 0.0, 1.0, 0.0, 0.0, 0.0, 0.0, 3.0, 22.0, 22.0, 1
2179, 1.0, 7.0, 0.135, -0.126, -0.126, 0.0, 0.0, 0.0, 0.0, 1.0, 0.0, 0.0, 0.0, 1.0, 0.0, 0.0, 1.0, 0.0, 0.0, 0.0, 0.0, 3.0, 22.0, 22.0, 1
2179, 1.0, 7.0, 0.805, -0.126, -0.126, 0.0, 0.0, 0.0, 0.0, 0.0, 0.0, 1.0, 0.0, 1.0, 0.0, 0.0, 1.0, 0.0, 0.0, 0.0, 0.0, 38.0, 22.0, 22.0, 1
2179, 1.0, 1.0, -0.096, -0.096, 0.0040, 0.0, 1.0, 0.0, 0.0, 0.0, 0.0, 0.0, 0.0, 1.0, 0.0, 0.0, 1.0, 0.0, 0.0, 0.0, 0.0, 10.0, 10.0, 22.0, 1
2179, 1.0, 1.0, 0.0040, -0.096, 0.054, 0.0, 1.0, 0.0, 0.0, 0.0, 0.0, 0.0, 0.0, 1.0, 0.0, 0.0, 0.0, 0.0, 1.0, 0.0, 0.0, 22.0, 10.0, 3.0, 1
2179, 1.0, 1.0, 0.0040, -0.096, 0.054, 0.0, 1.0, 0.0, 0.0, 0.0, 0.0, 0.0, 0.0, 1.0, 0.0, 0.0, 0.0, 0.0, 1.0, 0.0, 0.0, 22.0, 10.0, 3.0, 1
2179, 1.0, 1.0, -0.096, -0.096, 0.0040, 0.0, 1.0, 0.0, 0.0, 0.0, 0.0, 0.0, 0.0, 1.0, 0.0, 0.0, 1.0, 0.0, 0.0, 0.0, 0.0, 10.0, 10.0, 22.0, 1
2179, 1.0, 1.0, -0.096, -0.096, 0.054, 0.0, 1.0, 0.0, 0.0, 0.0, 0.0, 0.0, 0.0, 1.0, 0.0, 0.0, 0.0, 0.0, 1.0, 0.0, 0.0, 10.0, 10.0, 3.0, 1
2179, 1.0, 1.0, -0.096, -0.096, 0.054, 0.0, 1.0, 0.0, 0.0, 0.0, 0.0, 0.0, 0.0, 1.0, 0.0, 0.0, 0.0, 0.0, 1.0, 0.0, 0.0, 10.0, 10.0, 3.0, 1
2179, 1.0, 7.0, -0.096, 0.0040, -0.126, 0.0, 1.0, 0.0, 0.0, 0.0, 0.0, 0.0, 0.0, 1.0, 0.0, 0.0, 1.0, 0.0, 0.0, 0.0, 0.0, 10.0, 22.0, 22.0, 1
2179, 1.0, 7.0, -0.096, 0.0040, -0.126, 0.0, 1.0, 0.0, 0.0, 0.0, 0.0, 0.0, 0.0, 1.0, 0.0, 0.0, 1.0, 0.0, 0.0, 0.0, 0.0, 10.0, 22.0, 22.0, 1
2179, 1.0, 7.0, 0.134, -0.126, 0.0040, 0.0, 0.0, 0.0, 0.0, 1.0, 0.0, 0.0, 0.0, 1.0, 0.0, 0.0, 1.0, 0.0, 0.0, 0.0, 0.0, 3.0, 22.0, 22.0, 1
2179, 7.0, 7.0, -0.126, -0.126, 0.0040, 0.0, 1.0, 0.0, 0.0, 0.0, 0.0, 0.0, 0.0, 1.0, 0.0, 0.0, 1.0, 0.0, 0.0, 0.0, 0.0, 22.0, 22.0, 22.0, 1
2179, 1.0, 7.0, 0.134, -0.126, -0.126, 0.0, 0.0, 0.0, 0.0, 1.0, 0.0, 0.0, 0.0, 1.0, 0.0, 0.0, 1.0, 0.0, 0.0, 0.0, 0.0, 3.0, 22.0, 22.0, 1
2179, 1.0, 7.0, 0.135, -0.126, -0.126, 0.0, 0.0, 0.0, 0.0, 1.0, 0.0, 0.0, 0.0, 1.0, 0.0, 0.0, 1.0, 0.0, 0.0, 0.0, 0.0, 3.0, 22.0, 22.0, 1
2179, 7.0, 7.0, -0.126, -0.126, 0.0040, 0.0, 1.0, 0.0, 0.0, 0.0, 0.0, 0.0, 0.0, 1.0, 0.0, 0.0, 1.0, 0.0, 0.0, 0.0, 0.0, 22.0, 22.0, 22.0, 1
2179, 1.0, 7.0, 0.135, -0.126, -0.126, 0.0, 0.0, 0.0, 0.0, 1.0, 0.0, 0.0, 0.0, 1.0, 0.0, 0.0, 1.0, 0.0, 0.0, 0.0, 0.0, 3.0, 22.0, 22.0, 1
2179, 1.0, 7.0, -0.096, 0.0040, -0.126, 0.0, 1.0, 0.0, 0.0, 0.0, 0.0, 0.0, 0.0, 1.0, 0.0, 0.0, 1.0, 0.0, 0.0, 0.0, 0.0, 10.0, 22.0, 22.0, 1
2179, 1.0, 7.0, 0.135, -0.126, -0.126, 0.0, 0.0, 0.0, 0.0, 1.0, 0.0, 0.0, 0.0, 1.0, 0.0, 0.0, 1.0, 0.0, 0.0, 0.0, 0.0, 3.0, 22.0, 22.0, 1
2179, 1.0, 2.0, -0.126, 0.805, -0.395, 0.0, 1.0, 0.0, 0.0, 0.0, 0.0, 0.0, 0.0, 0.0, 1.0, 0.0, 0.0, 0.0, 0.0, 0.0, 1.0, 22.0, 38.0, 40.0, 1
2179, 1.0, 2.0, -0.126, 0.805, -0.395, 0.0, 1.0, 0.0, 0.0, 0.0, 0.0, 0.0, 0.0, 0.0, 1.0, 0.0, 0.0, 0.0, 0.0, 0.0, 1.0, 22.0, 38.0, 40.0, 1
2179, 1.0, 2.0, -0.126, 0.805, -0.395, 0.0, 1.0, 0.0, 0.0, 0.0, 0.0, 0.0, 0.0, 0.0, 1.0, 0.0, 0.0, 0.0, 0.0, 0.0, 1.0, 22.0, 38.0, 40.0, 1
364, 7.0, 7.0, -0.135, -0.136, 0.174, 0.0, 1.0, 0.0, 0.0, 0.0, 0.0, 0.0, 0.0, 1.0, 0.0, 0.0, 1.0, 0.0, 0.0, 0.0, 0.0, 22.0, 22.0, 22.0, 1
364, 1.0, 7.0, 0.125, -0.136, -0.135, 0.0, 0.0, 0.0, 0.0, 1.0, 0.0, 0.0, 0.0, 1.0, 0.0, 0.0, 1.0, 0.0, 0.0, 0.0, 0.0, 3.0, 22.0, 22.0, 1
364, 7.0, 7.0, -0.136, 0.174, 0.174, 0.0, 1.0, 0.0, 0.0, 0.0, 0.0, 0.0, 0.0, 1.0, 0.0, 0.0, 1.0, 0.0, 0.0, 0.0, 0.0, 22.0, 22.0, 22.0, 1
364, 1.0, 7.0, -0.236, 0.174, -0.136, 0.0, 0.0, 0.0, 0.0, 0.0, 0.0, 0.0, 1.0, 1.0, 0.0, 0.0, 1.0, 0.0, 0.0, 0.0, 0.0, 50.0, 22.0, 22.0, 1
364, 7.0, 7.0, -0.135, 0.174, 0.174, 0.0, 1.0, 0.0, 0.0, 0.0, 0.0, 0.0, 0.0, 1.0, 0.0, 0.0, 1.0, 0.0, 0.0, 0.0, 0.0, 22.0, 22.0, 22.0, 1
364, 1.0, 7.0, -0.236, 0.174, 0.174, 0.0, 0.0, 0.0, 0.0, 0.0, 0.0, 0.0, 1.0, 1.0, 0.0, 0.0, 1.0, 0.0, 0.0, 0.0, 0.0, 50.0, 22.0, 22.0, 1
364, 7.0, 7.0, -0.135, -0.135, 0.174, 0.0, 1.0, 0.0, 0.0, 0.0, 0.0, 0.0, 0.0, 1.0, 0.0, 0.0, 1.0, 0.0, 0.0, 0.0, 0.0, 22.0, 22.0, 22.0, 1
364, 1.0, 7.0, 0.125, -0.135, 0.174, 0.0, 0.0, 0.0, 0.0, 1.0, 0.0, 0.0, 0.0, 1.0, 0.0, 0.0, 1.0, 0.0, 0.0, 0.0, 0.0, 3.0, 22.0, 22.0, 1
364, 1.0, 7.0, 0.125, -0.135, -0.135, 0.0, 0.0, 0.0, 0.0, 1.0, 0.0, 0.0, 0.0, 1.0, 0.0, 0.0, 1.0, 0.0, 0.0, 0.0, 0.0, 3.0, 22.0, 22.0, 1
364, 7.0, 7.0, -0.136, -0.135, -0.135, 0.0, 1.0, 0.0, 0.0, 0.0, 0.0, 0.0, 0.0, 1.0, 0.0, 0.0, 1.0, 0.0, 0.0, 0.0, 0.0, 22.0, 22.0, 22.0, 1
364, 1.0, 7.0, 0.125, -0.135, -0.135, 0.0, 0.0, 0.0, 0.0, 1.0, 0.0, 0.0, 0.0, 1.0, 0.0, 0.0, 1.0, 0.0, 0.0, 0.0, 0.0, 3.0, 22.0, 22.0, 1
364, 7.0, 7.0, -0.135, -0.135, 0.174, 0.0, 1.0, 0.0, 0.0, 0.0, 0.0, 0.0, 0.0, 1.0, 0.0, 0.0, 1.0, 0.0, 0.0, 0.0, 0.0, 22.0, 22.0, 22.0, 1
364, 1.0, 7.0, 0.125, -0.135, 0.174, 0.0, 0.0, 0.0, 0.0, 1.0, 0.0, 0.0, 0.0, 1.0, 0.0, 0.0, 1.0, 0.0, 0.0, 0.0, 0.0, 3.0, 22.0, 22.0, 1
364, 1.0, 7.0, 0.125, -0.135, -0.135, 0.0, 0.0, 0.0, 0.0, 1.0, 0.0, 0.0, 0.0, 1.0, 0.0, 0.0, 1.0, 0.0, 0.0, 0.0, 0.0, 3.0, 22.0, 22.0, 1
364, 1.0, 7.0, 0.794, -0.135, -0.135, 0.0, 0.0, 0.0, 0.0, 0.0, 0.0, 1.0, 0.0, 1.0, 0.0, 0.0, 1.0, 0.0, 0.0, 0.0, 0.0, 38.0, 22.0, 22.0, 1
364, 7.0, 7.0, -0.135, -0.135, 0.174, 0.0, 1.0, 0.0, 0.0, 0.0, 0.0, 0.0, 0.0, 1.0, 0.0, 0.0, 1.0, 0.0, 0.0, 0.0, 0.0, 22.0, 22.0, 22.0, 1
364, 7.0, 7.0, -0.135, 0.174, 0.174, 0.0, 1.0, 0.0, 0.0, 0.0, 0.0, 0.0, 0.0, 1.0, 0.0, 0.0, 1.0, 0.0, 0.0, 0.0, 0.0, 22.0, 22.0, 22.0, 1
364, 1.0, 7.0, 0.125, -0.135, -0.135, 0.0, 0.0, 0.0, 0.0, 1.0, 0.0, 0.0, 0.0, 1.0, 0.0, 0.0, 1.0, 0.0, 0.0, 0.0, 0.0, 3.0, 22.0, 22.0, 1
364, 7.0, 7.0, -0.135, 0.174, 0.174, 0.0, 1.0, 0.0, 0.0, 0.0, 0.0, 0.0, 0.0, 1.0, 0.0, 0.0, 1.0, 0.0, 0.0, 0.0, 0.0, 22.0, 22.0, 22.0, 1
364, 1.0, 7.0, -0.236, 0.174, -0.135, 0.0, 0.0, 0.0, 0.0, 0.0, 0.0, 0.0, 1.0, 1.0, 0.0, 0.0, 1.0, 0.0, 0.0, 0.0, 0.0, 50.0, 22.0, 22.0, 1
364, 1.0, 7.0, -0.236, 0.174, -0.135, 0.0, 0.0, 0.0, 0.0, 0.0, 0.0, 0.0, 1.0, 1.0, 0.0, 0.0, 1.0, 0.0, 0.0, 0.0, 0.0, 50.0, 22.0, 22.0, 1
364, 1.0, 7.0, -0.236, 0.174, 0.174, 0.0, 0.0, 0.0, 0.0, 0.0, 0.0, 0.0, 1.0, 1.0, 0.0, 0.0, 1.0, 0.0, 0.0, 0.0, 0.0, 50.0, 22.0, 22.0, 1
364, 1.0, 7.0, -0.236, 0.174, -0.135, 0.0, 0.0, 0.0, 0.0, 0.0, 0.0, 0.0, 1.0, 1.0, 0.0, 0.0, 1.0, 0.0, 0.0, 0.0, 0.0, 50.0, 22.0, 22.0, 1
364, 1.0, 7.0, -0.236, 0.174, 0.174, 0.0, 0.0, 0.0, 0.0, 0.0, 0.0, 0.0, 1.0, 1.0, 0.0, 0.0, 1.0, 0.0, 0.0, 0.0, 0.0, 50.0, 22.0, 22.0, 1
364, 1.0, 7.0, 0.794, -0.135, -0.135, 0.0, 0.0, 0.0, 0.0, 0.0, 0.0, 1.0, 0.0, 1.0, 0.0, 0.0, 1.0, 0.0, 0.0, 0.0, 0.0, 38.0, 22.0, 22.0, 1
364, 1.0, 7.0, -0.236, 0.174, 0.174, 0.0, 0.0, 0.0, 0.0, 0.0, 0.0, 0.0, 1.0, 1.0, 0.0, 0.0, 1.0, 0.0, 0.0, 0.0, 0.0, 50.0, 22.0, 22.0, 1
364, 1.0, 2.0, -0.135, 0.794, -0.406, 0.0, 1.0, 0.0, 0.0, 0.0, 0.0, 0.0, 0.0, 0.0, 1.0, 0.0, 0.0, 0.0, 0.0, 0.0, 1.0, 22.0, 38.0, 40.0, 1
364, 1.0, 7.0, 0.794, -0.135, -0.135, 0.0, 0.0, 0.0, 0.0, 0.0, 0.0, 1.0, 0.0, 1.0, 0.0, 0.0, 1.0, 0.0, 0.0, 0.0, 0.0, 38.0, 22.0, 22.0, 1
4835, 7.0, 7.0, -0.128, -0.128, 0.102, 0.0, 1.0, 0.0, 0.0, 0.0, 0.0, 0.0, 0.0, 1.0, 0.0, 0.0, 1.0, 0.0, 0.0, 0.0, 0.0, 22.0, 22.0, 22.0, 1
4835, 1.0, 7.0, 0.132, -0.128, -0.128, 0.0, 0.0, 0.0, 0.0, 1.0, 0.0, 0.0, 0.0, 1.0, 0.0, 0.0, 1.0, 0.0, 0.0, 0.0, 0.0, 3.0, 22.0, 22.0, 1
4835, 7.0, 7.0, -0.128, 0.102, 0.0020, 0.0, 1.0, 0.0, 0.0, 0.0, 0.0, 0.0, 0.0, 1.0, 0.0, 0.0, 1.0, 0.0, 0.0, 0.0, 0.0, 22.0, 22.0, 29.0, 1
4835, 1.0, 7.0, 0.553, 0.102, -0.128, 0.0, 1.0, 0.0, 0.0, 0.0, 0.0, 0.0, 0.0, 1.0, 0.0, 0.0, 1.0, 0.0, 0.0, 0.0, 0.0, 14.0, 22.0, 22.0, 1
4835, 7.0, 7.0, -0.128, 0.0020, 0.102, 0.0, 1.0, 0.0, 0.0, 0.0, 0.0, 0.0, 0.0, 1.0, 0.0, 0.0, 1.0, 0.0, 0.0, 0.0, 0.0, 22.0, 29.0, 22.0, 1
4835, 1.0, 7.0, 0.0020, 0.0020, 0.102, 0.0, 1.0, 0.0, 0.0, 0.0, 0.0, 0.0, 0.0, 1.0, 0.0, 0.0, 1.0, 0.0, 0.0, 0.0, 0.0, 29.0, 29.0, 22.0, 1
4835, 7.0, 7.0, -0.128, -0.128, 0.0020, 0.0, 1.0, 0.0, 0.0, 0.0, 0.0, 0.0, 0.0, 1.0, 0.0, 0.0, 1.0, 0.0, 0.0, 0.0, 0.0, 22.0, 22.0, 29.0, 1
4835, 1.0, 7.0, 0.132, -0.128, 0.0020, 0.0, 0.0, 0.0, 0.0, 1.0, 0.0, 0.0, 0.0, 1.0, 0.0, 0.0, 1.0, 0.0, 0.0, 0.0, 0.0, 3.0, 22.0, 29.0, 1
4835, 1.0, 7.0, 0.132, -0.128, -0.128, 0.0, 0.0, 0.0, 0.0, 1.0, 0.0, 0.0, 0.0, 1.0, 0.0, 0.0, 1.0, 0.0, 0.0, 0.0, 0.0, 3.0, 22.0, 22.0, 1
4835, 1.0, 7.0, 0.803, -0.128, -0.128, 0.0, 0.0, 0.0, 0.0, 0.0, 0.0, 1.0, 0.0, 1.0, 0.0, 0.0, 1.0, 0.0, 0.0, 0.0, 0.0, 38.0, 22.0, 22.0, 1
4835, 7.0, 7.0, -0.128, -0.128, 0.102, 0.0, 1.0, 0.0, 0.0, 0.0, 0.0, 0.0, 0.0, 1.0, 0.0, 0.0, 1.0, 0.0, 0.0, 0.0, 0.0, 22.0, 22.0, 22.0, 1
4835, 1.0, 7.0, 0.132, -0.128, 0.102, 0.0, 0.0, 0.0, 0.0, 1.0, 0.0, 0.0, 0.0, 1.0, 0.0, 0.0, 1.0, 0.0, 0.0, 0.0, 0.0, 3.0, 22.0, 22.0, 1
4835, 1.0, 7.0, 0.803, -0.128, -0.128, 0.0, 0.0, 0.0, 0.0, 0.0, 0.0, 1.0, 0.0, 1.0, 0.0, 0.0, 1.0, 0.0, 0.0, 0.0, 0.0, 38.0, 22.0, 22.0, 1
4835, 1.0, 7.0, 0.132, -0.128, -0.128, 0.0, 0.0, 0.0, 0.0, 1.0, 0.0, 0.0, 0.0, 1.0, 0.0, 0.0, 1.0, 0.0, 0.0, 0.0, 0.0, 3.0, 22.0, 22.0, 1
4835, 7.0, 7.0, -0.128, -0.128, 0.0020, 0.0, 1.0, 0.0, 0.0, 0.0, 0.0, 0.0, 0.0, 1.0, 0.0, 0.0, 1.0, 0.0, 0.0, 0.0, 0.0, 22.0, 22.0, 29.0, 1
4835, 1.0, 7.0, 0.132, -0.128, -0.128, 0.0, 0.0, 0.0, 0.0, 1.0, 0.0, 0.0, 0.0, 1.0, 0.0, 0.0, 1.0, 0.0, 0.0, 0.0, 0.0, 3.0, 22.0, 22.0, 1
4835, 1.0, 7.0, 0.0020, 0.0020, -0.128, 0.0, 1.0, 0.0, 0.0, 0.0, 0.0, 0.0, 0.0, 1.0, 0.0, 0.0, 1.0, 0.0, 0.0, 0.0, 0.0, 29.0, 29.0, 22.0, 1
4835, 7.0, 7.0, -0.128, 0.0020, 0.102, 0.0, 1.0, 0.0, 0.0, 0.0, 0.0, 0.0, 0.0, 1.0, 0.0, 0.0, 1.0, 0.0, 0.0, 0.0, 0.0, 22.0, 29.0, 22.0, 1
4835, 1.0, 7.0, 0.553, 0.102, 0.0020, 0.0, 1.0, 0.0, 0.0, 0.0, 0.0, 0.0, 0.0, 1.0, 0.0, 0.0, 1.0, 0.0, 0.0, 0.0, 0.0, 14.0, 22.0, 29.0, 1
4835, 7.0, 7.0, -0.128, 0.102, 0.0020, 0.0, 1.0, 0.0, 0.0, 0.0, 0.0, 0.0, 0.0, 1.0, 0.0, 0.0, 1.0, 0.0, 0.0, 0.0, 0.0, 22.0, 22.0, 29.0, 1
4835, 1.0, 7.0, 0.0020, 0.0020, -0.128, 0.0, 1.0, 0.0, 0.0, 0.0, 0.0, 0.0, 0.0, 1.0, 0.0, 0.0, 1.0, 0.0, 0.0, 0.0, 0.0, 29.0, 29.0, 22.0, 1
4835, 1.0, 7.0, 0.0020, 0.0020, 0.102, 0.0, 1.0, 0.0, 0.0, 0.0, 0.0, 0.0, 0.0, 1.0, 0.0, 0.0, 1.0, 0.0, 0.0, 0.0, 0.0, 29.0, 29.0, 22.0, 1
4835, 1.0, 7.0, 0.553, 0.102, -0.128, 0.0, 1.0, 0.0, 0.0, 0.0, 0.0, 0.0, 0.0, 1.0, 0.0, 0.0, 1.0, 0.0, 0.0, 0.0, 0.0, 14.0, 22.0, 22.0, 1
4835, 1.0, 2.0, 0.102, 0.553, -0.547, 0.0, 1.0, 0.0, 0.0, 0.0, 0.0, 0.0, 0.0, 1.0, 0.0, 0.0, 0.0, 0.0, 0.0, 0.0, 1.0, 22.0, 14.0, 40.0, 1
4835, 1.0, 2.0, -0.128, 0.803, -0.397, 0.0, 1.0, 0.0, 0.0, 0.0, 0.0, 0.0, 0.0, 0.0, 1.0, 0.0, 0.0, 0.0, 0.0, 0.0, 1.0, 22.0, 38.0, 40.0, 1
4835, 1.0, 7.0, 0.553, 0.102, 0.0020, 0.0, 1.0, 0.0, 0.0, 0.0, 0.0, 0.0, 0.0, 1.0, 0.0, 0.0, 1.0, 0.0, 0.0, 0.0, 0.0, 14.0, 22.0, 29.0, 1
4835, 1.0, 2.0, -0.128, 0.803, -0.397, 0.0, 1.0, 0.0, 0.0, 0.0, 0.0, 0.0, 0.0, 0.0, 1.0, 0.0, 0.0, 0.0, 0.0, 0.0, 1.0, 22.0, 38.0, 40.0, 1
4835, 1.0, 2.0, -0.128, 0.803, -0.397, 0.0, 1.0, 0.0, 0.0, 0.0, 0.0, 0.0, 0.0, 0.0, 1.0, 0.0, 0.0, 0.0, 0.0, 0.0, 1.0, 22.0, 38.0, 40.0, 1
4835, 1.0, 2.0, -0.128, 0.803, -0.397, 0.0, 1.0, 0.0, 0.0, 0.0, 0.0, 0.0, 0.0, 0.0, 1.0, 0.0, 0.0, 0.0, 0.0, 0.0, 1.0, 22.0, 38.0, 40.0, 1
4835, 1.0, 2.0, -0.128, 0.803, -0.397, 0.0, 1.0, 0.0, 0.0, 0.0, 0.0, 0.0, 0.0, 0.0, 1.0, 0.0, 0.0, 0.0, 0.0, 0.0, 1.0, 22.0, 38.0, 40.0, 1
1174, 7.0, 7.0, -0.134, -0.134, -0.0040, 0.0, 1.0, 0.0, 0.0, 0.0, 0.0, 0.0, 0.0, 1.0, 0.0, 0.0, 1.0, 0.0, 0.0, 0.0, 0.0, 21.0, 21.0, 21.0, 1
1174, 1.0, 7.0, 0.126, -0.134, -0.0040, 0.0, 0.0, 0.0, 0.0, 1.0, 0.0, 0.0, 0.0, 1.0, 0.0, 0.0, 1.0, 0.0, 0.0, 0.0, 0.0, 3.0, 21.0, 21.0, 1
1174, 7.0, 7.0, -0.134, -0.134, 0.096, 0.0, 1.0, 0.0, 0.0, 0.0, 0.0, 0.0, 0.0, 1.0, 0.0, 0.0, 1.0, 0.0, 0.0, 0.0, 0.0, 21.0, 21.0, 21.0, 1
1174, 1.0, 7.0, 0.126, -0.134, -0.134, 0.0, 0.0, 0.0, 0.0, 1.0, 0.0, 0.0, 0.0, 1.0, 0.0, 0.0, 1.0, 0.0, 0.0, 0.0, 0.0, 3.0, 21.0, 21.0, 1
1174, 7.0, 7.0, -0.134, 0.096, -0.034, 0.0, 1.0, 0.0, 0.0, 0.0, 0.0, 0.0, 0.0, 1.0, 0.0, 0.0, 0.0, 0.0, 0.0, 0.0, 1.0, 21.0, 21.0, 52.0, 1
1174, 1.0, 7.0, 0.597, 0.096, -0.134, 0.0, 1.0, 0.0, 0.0, 0.0, 0.0, 0.0, 0.0, 1.0, 0.0, 0.0, 1.0, 0.0, 0.0, 0.0, 0.0, 14.0, 21.0, 21.0, 1
1174, 7.0, 7.0, -0.0040, -0.034, 0.096, 0.0, 1.0, 0.0, 0.0, 0.0, 0.0, 0.0, 0.0, 0.0, 0.0, 1.0, 1.0, 0.0, 0.0, 0.0, 0.0, 21.0, 52.0, 21.0, 1
1174, 7.0, 7.0, -0.134, -0.0040, -0.034, 0.0, 1.0, 0.0, 0.0, 0.0, 0.0, 0.0, 0.0, 1.0, 0.0, 0.0, 0.0, 0.0, 0.0, 0.0, 1.0, 21.0, 21.0, 52.0, 1
1174, 1.0, 7.0, 0.797, -0.0040, -0.034, 0.0, 0.0, 0.0, 0.0, 0.0, 0.0, 1.0, 0.0, 1.0, 0.0, 0.0, 0.0, 0.0, 0.0, 0.0, 1.0, 38.0, 21.0, 52.0, 1
1174, 1.0, 2.0, -0.0040, 0.797, -0.403, 0.0, 1.0, 0.0, 0.0, 0.0, 0.0, 0.0, 0.0, 0.0, 1.0, 0.0, 0.0, 0.0, 0.0, 0.0, 1.0, 21.0, 38.0, 40.0, 1
1174, 1.0, 2.0, -0.0040, 0.797, -0.403, 0.0, 1.0, 0.0, 0.0, 0.0, 0.0, 0.0, 0.0, 0.0, 1.0, 0.0, 0.0, 0.0, 0.0, 0.0, 1.0, 21.0, 38.0, 40.0, 1
1174, 1.0, 2.0, 0.096, 0.597, -0.404, 0.0, 1.0, 0.0, 0.0, 0.0, 0.0, 0.0, 0.0, 1.0, 0.0, 0.0, 0.0, 0.0, 0.0, 1.0, 0.0, 21.0, 14.0, 32.0, 1
1174, 1.0, 1.0, 0.096, 0.597, 0.046, 0.0, 1.0, 0.0, 0.0, 0.0, 0.0, 0.0, 0.0, 1.0, 0.0, 0.0, 0.0, 0.0, 1.0, 0.0, 0.0, 21.0, 14.0, 3.0, 1
1174, 1.0, 2.0, -0.404, -0.404, 0.597, 0.0, 0.0, 0.0, 0.0, 0.0, 0.0, 1.0, 0.0, 0.0, 1.0, 0.0, 1.0, 0.0, 0.0, 0.0, 0.0, 32.0, 32.0, 14.0, 1
1174, 1.0, 1.0, 0.597, -0.404, -0.404, 0.0, 1.0, 0.0, 0.0, 0.0, 0.0, 0.0, 0.0, 0.0, 1.0, 0.0, 0.0, 0.0, 0.0, 1.0, 0.0, 14.0, 32.0, 32.0, 1
1174, 1.0, 1.0, 0.246, -0.404, -0.404, 0.0, 0.0, 0.0, 0.0, 1.0, 0.0, 0.0, 0.0, 0.0, 1.0, 0.0, 0.0, 0.0, 0.0, 1.0, 0.0, 1.0, 32.0, 32.0, 1
1174, 1.0, 2.0, -0.404, 0.597, -0.553, 0.0, 0.0, 0.0, 0.0, 0.0, 0.0, 1.0, 0.0, 1.0, 0.0, 0.0, 0.0, 0.0, 0.0, 0.0, 1.0, 32.0, 14.0, 40.0, 1
1174, 1.0, 1.0, -0.204, 0.597, -0.404, 0.0, 1.0, 0.0, 0.0, 0.0, 0.0, 0.0, 0.0, 1.0, 0.0, 0.0, 0.0, 0.0, 0.0, 1.0, 0.0, 16.0, 14.0, 32.0, 1
1174, 1.0, 1.0, 0.597, -0.204, 0.096, 0.0, 1.0, 0.0, 0.0, 0.0, 0.0, 0.0, 0.0, 1.0, 0.0, 0.0, 0.0, 0.0, 1.0, 0.0, 0.0, 14.0, 16.0, 3.0, 1
1174, 1.0, 2.0, 0.597, -0.204, -0.204, 0.0, 1.0, 0.0, 0.0, 0.0, 0.0, 0.0, 0.0, 1.0, 0.0, 0.0, 1.0, 0.0, 0.0, 0.0, 0.0, 14.0, 16.0, 16.0, 1
1174, 1.0, 2.0, 0.096, -0.204, -0.204, 0.0, 0.0, 0.0, 0.0, 1.0, 0.0, 0.0, 0.0, 1.0, 0.0, 0.0, 1.0, 0.0, 0.0, 0.0, 0.0, 3.0, 16.0, 16.0, 1
1174, 1.0, 2.0, 0.096, -0.204, -0.204, 0.0, 1.0, 0.0, 0.0, 0.0, 0.0, 0.0, 0.0, 1.0, 0.0, 0.0, 1.0, 0.0, 0.0, 0.0, 0.0, 21.0, 16.0, 16.0, 1
1174, 1.0, 7.0, 0.126, -0.134, 0.096, 0.0, 0.0, 0.0, 0.0, 1.0, 0.0, 0.0, 0.0, 1.0, 0.0, 0.0, 1.0, 0.0, 0.0, 0.0, 0.0, 3.0, 21.0, 21.0, 1
1174, 7.0, 7.0, -0.134, -0.134, 0.096, 0.0, 1.0, 0.0, 0.0, 0.0, 0.0, 0.0, 0.0, 1.0, 0.0, 0.0, 1.0, 0.0, 0.0, 0.0, 0.0, 21.0, 21.0, 21.0, 1
1174, 1.0, 7.0, 0.126, -0.134, -0.134, 0.0, 0.0, 0.0, 0.0, 1.0, 0.0, 0.0, 0.0, 1.0, 0.0, 0.0, 1.0, 0.0, 0.0, 0.0, 0.0, 3.0, 21.0, 21.0, 1
1174, 7.0, 7.0, -0.134, -0.134, -0.0040, 0.0, 1.0, 0.0, 0.0, 0.0, 0.0, 0.0, 0.0, 1.0, 0.0, 0.0, 1.0, 0.0, 0.0, 0.0, 0.0, 21.0, 21.0, 21.0, 1
1174, 7.0, 7.0, -0.0040, -0.134, 0.096, 0.0, 1.0, 0.0, 0.0, 0.0, 0.0, 0.0, 0.0, 1.0, 0.0, 0.0, 1.0, 0.0, 0.0, 0.0, 0.0, 21.0, 21.0, 21.0, 1
1174, 1.0, 7.0, 0.797, -0.0040, -0.134, 0.0, 0.0, 0.0, 0.0, 0.0, 0.0, 1.0, 0.0, 1.0, 0.0, 0.0, 1.0, 0.0, 0.0, 0.0, 0.0, 38.0, 21.0, 21.0, 1
1174, 1.0, 7.0, -0.204, 0.096, -0.134, 0.0, 1.0, 0.0, 0.0, 0.0, 0.0, 0.0, 0.0, 1.0, 0.0, 0.0, 1.0, 0.0, 0.0, 0.0, 0.0, 16.0, 21.0, 21.0, 1
1174, 1.0, 7.0, 0.126, -0.134, -0.0040, 0.0, 0.0, 0.0, 0.0, 1.0, 0.0, 0.0, 0.0, 1.0, 0.0, 0.0, 1.0, 0.0, 0.0, 0.0, 0.0, 3.0, 21.0, 21.0, 1
1174, 1.0, 2.0, -0.0040, 0.797, -0.403, 0.0, 1.0, 0.0, 0.0, 0.0, 0.0, 0.0, 0.0, 0.0, 1.0, 0.0, 0.0, 0.0, 0.0, 0.0, 1.0, 21.0, 38.0, 40.0, 1
1174, 1.0, 2.0, -0.0040, 0.797, -0.404, 0.0, 1.0, 0.0, 0.0, 0.0, 0.0, 0.0, 0.0, 0.0, 1.0, 0.0, 0.0, 0.0, 0.0, 0.0, 1.0, 21.0, 38.0, 40.0, 1
1174, 1.0, 7.0, -0.204, 0.096, -0.134, 0.0, 1.0, 0.0, 0.0, 0.0, 0.0, 0.0, 0.0, 1.0, 0.0, 0.0, 1.0, 0.0, 0.0, 0.0, 0.0, 16.0, 21.0, 21.0, 1
1174, 1.0, 7.0, -0.204, 0.096, -0.134, 0.0, 1.0, 0.0, 0.0, 0.0, 0.0, 0.0, 0.0, 1.0, 0.0, 0.0, 1.0, 0.0, 0.0, 0.0, 0.0, 16.0, 21.0, 21.0, 1
2345, 7.0, 7.0, -0.125, -0.125, 0.0050, 0.0, 1.0, 0.0, 0.0, 0.0, 0.0, 0.0, 0.0, 1.0, 0.0, 0.0, 1.0, 0.0, 0.0, 0.0, 0.0, 22.0, 22.0, 27.0, 1
2345, 1.0, 7.0, 0.135, -0.125, -0.125, 0.0, 0.0, 0.0, 0.0, 1.0, 0.0, 0.0, 0.0, 1.0, 0.0, 0.0, 1.0, 0.0, 0.0, 0.0, 0.0, 3.0, 22.0, 22.0, 1
2345, 7.0, 7.0, -0.125, 0.0050, 0.0050, 0.0, 1.0, 0.0, 0.0, 0.0, 0.0, 0.0, 0.0, 1.0, 0.0, 0.0, 1.0, 0.0, 0.0, 0.0, 0.0, 22.0, 27.0, 27.0, 1
2345, 7.0, 7.0, -0.125, 0.0050, 0.0050, 0.0, 1.0, 0.0, 0.0, 0.0, 0.0, 0.0, 0.0, 1.0, 0.0, 0.0, 1.0, 0.0, 0.0, 0.0, 0.0, 22.0, 27.0, 27.0, 1
2345, 7.0, 7.0, -0.125, 0.0050, 0.0050, 0.0, 1.0, 0.0, 0.0, 0.0, 0.0, 0.0, 0.0, 1.0, 0.0, 0.0, 1.0, 0.0, 0.0, 0.0, 0.0, 22.0, 27.0, 27.0, 1
2345, 7.0, 7.0, -0.125, -0.125, 0.0050, 0.0, 1.0, 0.0, 0.0, 0.0, 0.0, 0.0, 0.0, 1.0, 0.0, 0.0, 1.0, 0.0, 0.0, 0.0, 0.0, 22.0, 22.0, 27.0, 1
2345, 1.0, 7.0, 0.135, -0.125, 0.0050, 0.0, 0.0, 0.0, 0.0, 1.0, 0.0, 0.0, 0.0, 1.0, 0.0, 0.0, 1.0, 0.0, 0.0, 0.0, 0.0, 3.0, 22.0, 27.0, 1
2345, 1.0, 7.0, 0.135, -0.125, -0.125, 0.0, 0.0, 0.0, 0.0, 1.0, 0.0, 0.0, 0.0, 1.0, 0.0, 0.0, 1.0, 0.0, 0.0, 0.0, 0.0, 3.0, 22.0, 22.0, 1
2345, 1.0, 7.0, 0.135, -0.125, -0.125, 0.0, 0.0, 0.0, 0.0, 1.0, 0.0, 0.0, 0.0, 1.0, 0.0, 0.0, 1.0, 0.0, 0.0, 0.0, 0.0, 3.0, 22.0, 22.0, 1
2345, 1.0, 7.0, 0.135, -0.125, 0.0050, 0.0, 0.0, 0.0, 0.0, 1.0, 0.0, 0.0, 0.0, 1.0, 0.0, 0.0, 1.0, 0.0, 0.0, 0.0, 0.0, 3.0, 22.0, 27.0, 1
2345, 7.0, 7.0, -0.125, 0.0050, 0.0050, 0.0, 1.0, 0.0, 0.0, 0.0, 0.0, 0.0, 0.0, 1.0, 0.0, 0.0, 1.0, 0.0, 0.0, 0.0, 0.0, 22.0, 27.0, 27.0, 1
2345, 7.0, 7.0, -0.125, 0.0050, 0.0050, 0.0, 1.0, 0.0, 0.0, 0.0, 0.0, 0.0, 0.0, 1.0, 0.0, 0.0, 1.0, 0.0, 0.0, 0.0, 0.0, 22.0, 27.0, 27.0, 1
2345, 7.0, 7.0, -0.125, 0.0050, 0.0050, 0.0, 1.0, 0.0, 0.0, 0.0, 0.0, 0.0, 0.0, 1.0, 0.0, 0.0, 1.0, 0.0, 0.0, 0.0, 0.0, 22.0, 27.0, 27.0, 1
2345, 1.0, 7.0, 0.135, -0.125, 0.0050, 0.0, 0.0, 0.0, 0.0, 1.0, 0.0, 0.0, 0.0, 1.0, 0.0, 0.0, 1.0, 0.0, 0.0, 0.0, 0.0, 3.0, 22.0, 27.0, 1
2345, 7.0, 7.0, -0.125, 0.0050, 0.0050, 0.0, 1.0, 0.0, 0.0, 0.0, 0.0, 0.0, 0.0, 1.0, 0.0, 0.0, 1.0, 0.0, 0.0, 0.0, 0.0, 22.0, 27.0, 27.0, 1
2345, 7.0, 7.0, -0.125, -0.125, 0.0050, 0.0, 1.0, 0.0, 0.0, 0.0, 0.0, 0.0, 0.0, 1.0, 0.0, 0.0, 1.0, 0.0, 0.0, 0.0, 0.0, 22.0, 22.0, 27.0, 1
2345, 1.0, 7.0, 0.135, -0.125, -0.125, 0.0, 0.0, 0.0, 0.0, 1.0, 0.0, 0.0, 0.0, 1.0, 0.0, 0.0, 1.0, 0.0, 0.0, 0.0, 0.0, 3.0, 22.0, 22.0, 1
2345, 1.0, 7.0, 0.135, -0.125, 0.0050, 0.0, 0.0, 0.0, 0.0, 1.0, 0.0, 0.0, 0.0, 1.0, 0.0, 0.0, 1.0, 0.0, 0.0, 0.0, 0.0, 3.0, 22.0, 27.0, 1
2345, 7.0, 7.0, -0.125, -0.125, 0.0050, 0.0, 1.0, 0.0, 0.0, 0.0, 0.0, 0.0, 0.0, 1.0, 0.0, 0.0, 1.0, 0.0, 0.0, 0.0, 0.0, 22.0, 22.0, 27.0, 1
2345, 1.0, 7.0, 0.805, -0.125, -0.125, 0.0, 0.0, 0.0, 0.0, 0.0, 0.0, 1.0, 0.0, 1.0, 0.0, 0.0, 1.0, 0.0, 0.0, 0.0, 0.0, 38.0, 22.0, 22.0, 1
2345, 7.0, 7.0, -0.125, 0.0050, 0.0050, 0.0, 1.0, 0.0, 0.0, 0.0, 0.0, 0.0, 0.0, 1.0, 0.0, 0.0, 1.0, 0.0, 0.0, 0.0, 0.0, 22.0, 27.0, 27.0, 1
2345, 1.0, 7.0, 0.135, -0.125, -0.125, 0.0, 0.0, 0.0, 0.0, 1.0, 0.0, 0.0, 0.0, 1.0, 0.0, 0.0, 1.0, 0.0, 0.0, 0.0, 0.0, 3.0, 22.0, 22.0, 1
2345, 1.0, 2.0, -0.125, 0.805, -0.395, 0.0, 1.0, 0.0, 0.0, 0.0, 0.0, 0.0, 0.0, 0.0, 1.0, 0.0, 0.0, 0.0, 0.0, 0.0, 1.0, 22.0, 38.0, 40.0, 1
2345, 1.0, 2.0, -0.125, 0.805, -0.395, 0.0, 1.0, 0.0, 0.0, 0.0, 0.0, 0.0, 0.0, 0.0, 1.0, 0.0, 0.0, 0.0, 0.0, 0.0, 1.0, 22.0, 38.0, 40.0, 1
2345, 1.0, 2.0, -0.125, 0.805, -0.395, 0.0, 1.0, 0.0, 0.0, 0.0, 0.0, 0.0, 0.0, 0.0, 1.0, 0.0, 0.0, 0.0, 0.0, 0.0, 1.0, 22.0, 38.0, 40.0, 1
5500, 1.0, 7.0, 0.149, -0.111, -0.111, 0.0, 0.0, 0.0, 0.0, 1.0, 0.0, 0.0, 0.0, 1.0, 0.0, 0.0, 1.0, 0.0, 0.0, 0.0, 0.0, 3.0, 22.0, 22.0, 1
5500, 7.0, 7.0, -0.111, -0.111, 0.019, 0.0, 1.0, 0.0, 0.0, 0.0, 0.0, 0.0, 0.0, 1.0, 0.0, 0.0, 1.0, 0.0, 0.0, 0.0, 0.0, 22.0, 22.0, 29.0, 1
5500, 1.0, 7.0, 0.019, -0.111, -0.111, 0.0, 1.0, 0.0, 0.0, 0.0, 0.0, 0.0, 0.0, 1.0, 0.0, 0.0, 1.0, 0.0, 0.0, 0.0, 0.0, 10.0, 22.0, 22.0, 1
5500, 1.0, 7.0, 0.019, 0.019, -0.111, 0.0, 1.0, 0.0, 0.0, 0.0, 0.0, 0.0, 0.0, 1.0, 0.0, 0.0, 1.0, 0.0, 0.0, 0.0, 0.0, 29.0, 29.0, 22.0, 1
5500, 7.0, 7.0, -0.111, -0.111, 0.019, 0.0, 1.0, 0.0, 0.0, 0.0, 0.0, 0.0, 0.0, 1.0, 0.0, 0.0, 1.0, 0.0, 0.0, 0.0, 0.0, 22.0, 22.0, 29.0, 1
5500, 1.0, 7.0, 0.149, -0.111, 0.019, 0.0, 0.0, 0.0, 0.0, 1.0, 0.0, 0.0, 0.0, 1.0, 0.0, 0.0, 1.0, 0.0, 0.0, 0.0, 0.0, 3.0, 22.0, 29.0, 1
5500, 1.0, 7.0, 0.149, -0.111, -0.111, 0.0, 0.0, 0.0, 0.0, 1.0, 0.0, 0.0, 0.0, 1.0, 0.0, 0.0, 1.0, 0.0, 0.0, 0.0, 0.0, 3.0, 22.0, 22.0, 1
5500, 1.0, 7.0, 0.818, -0.111, -0.111, 0.0, 0.0, 0.0, 0.0, 0.0, 0.0, 1.0, 0.0, 1.0, 0.0, 0.0, 1.0, 0.0, 0.0, 0.0, 0.0, 38.0, 22.0, 22.0, 1
5500, 1.0, 7.0, 0.149, -0.111, -0.111, 0.0, 0.0, 0.0, 0.0, 1.0, 0.0, 0.0, 0.0, 1.0, 0.0, 0.0, 1.0, 0.0, 0.0, 0.0, 0.0, 3.0, 22.0, 22.0, 1
5500, 1.0, 7.0, 0.448, -0.111, -0.111, 0.0, 1.0, 0.0, 0.0, 0.0, 0.0, 0.0, 0.0, 1.0, 0.0, 0.0, 1.0, 0.0, 0.0, 0.0, 0.0, 19.0, 22.0, 22.0, 1
5500, 1.0, 7.0, 0.149, -0.111, -0.111, 0.0, 0.0, 0.0, 0.0, 1.0, 0.0, 0.0, 0.0, 1.0, 0.0, 0.0, 1.0, 0.0, 0.0, 0.0, 0.0, 3.0, 22.0, 22.0, 1
5500, 7.0, 7.0, -0.111, -0.111, 0.019, 0.0, 1.0, 0.0, 0.0, 0.0, 0.0, 0.0, 0.0, 1.0, 0.0, 0.0, 1.0, 0.0, 0.0, 0.0, 0.0, 22.0, 22.0, 29.0, 1
5500, 1.0, 7.0, 0.149, -0.111, -0.111, 0.0, 0.0, 0.0, 0.0, 1.0, 0.0, 0.0, 0.0, 1.0, 0.0, 0.0, 1.0, 0.0, 0.0, 0.0, 0.0, 3.0, 22.0, 22.0, 1
5500, 1.0, 7.0, 0.019, 0.019, -0.111, 0.0, 1.0, 0.0, 0.0, 0.0, 0.0, 0.0, 0.0, 1.0, 0.0, 0.0, 1.0, 0.0, 0.0, 0.0, 0.0, 29.0, 29.0, 22.0, 1
5500, 7.0, 7.0, -0.111, -0.111, 0.019, 0.0, 1.0, 0.0, 0.0, 0.0, 0.0, 0.0, 0.0, 1.0, 0.0, 0.0, 1.0, 0.0, 0.0, 0.0, 0.0, 22.0, 22.0, 29.0, 1
5500, 1.0, 7.0, 0.019, -0.111, 0.019, 0.0, 1.0, 0.0, 0.0, 0.0, 0.0, 0.0, 0.0, 1.0, 0.0, 0.0, 1.0, 0.0, 0.0, 0.0, 0.0, 10.0, 22.0, 29.0, 1
5500, 1.0, 7.0, 0.019, 0.019, -0.111, 0.0, 1.0, 0.0, 0.0, 0.0, 0.0, 0.0, 0.0, 1.0, 0.0, 0.0, 1.0, 0.0, 0.0, 0.0, 0.0, 29.0, 29.0, 22.0, 1
5500, 1.0, 7.0, 0.019, 0.019, -0.111, 0.0, 1.0, 0.0, 0.0, 0.0, 0.0, 0.0, 0.0, 1.0, 0.0, 0.0, 1.0, 0.0, 0.0, 0.0, 0.0, 29.0, 29.0, 22.0, 1
5500, 1.0, 1.0, -0.111, 0.019, 0.069, 0.0, 1.0, 0.0, 0.0, 0.0, 0.0, 0.0, 0.0, 1.0, 0.0, 0.0, 0.0, 0.0, 1.0, 0.0, 0.0, 22.0, 10.0, 3.0, 1
5500, 1.0, 1.0, -0.111, 0.019, 0.069, 0.0, 1.0, 0.0, 0.0, 0.0, 0.0, 0.0, 0.0, 1.0, 0.0, 0.0, 0.0, 0.0, 1.0, 0.0, 0.0, 22.0, 10.0, 3.0, 1
5500, 1.0, 7.0, 0.019, -0.111, 0.019, 0.0, 1.0, 0.0, 0.0, 0.0, 0.0, 0.0, 0.0, 1.0, 0.0, 0.0, 1.0, 0.0, 0.0, 0.0, 0.0, 10.0, 22.0, 29.0, 1
5500, 1.0, 7.0, 0.019, -0.111, -0.111, 0.0, 1.0, 0.0, 0.0, 0.0, 0.0, 0.0, 0.0, 1.0, 0.0, 0.0, 1.0, 0.0, 0.0, 0.0, 0.0, 10.0, 22.0, 22.0, 1
5500, 1.0, 2.0, -0.111, 0.818, -0.382, 0.0, 1.0, 0.0, 0.0, 0.0, 0.0, 0.0, 0.0, 0.0, 1.0, 0.0, 0.0, 0.0, 0.0, 0.0, 1.0, 22.0, 38.0, 40.0, 1
5500, 1.0, 2.0, -0.111, 0.818, -0.381, 0.0, 1.0, 0.0, 0.0, 0.0, 0.0, 0.0, 0.0, 0.0, 1.0, 0.0, 0.0, 0.0, 0.0, 0.0, 1.0, 22.0, 38.0, 40.0, 1
5500, 1.0, 3.0, -0.111, 0.448, -0.482, 0.0, 1.0, 0.0, 0.0, 0.0, 0.0, 0.0, 0.0, 1.0, 0.0, 0.0, 0.0, 0.0, 0.0, 1.0, 0.0, 22.0, 19.0, 31.0, 1
2810, 1.0, 7.0, 0.817, -0.114, -0.114, 0.0, 0.0, 0.0, 0.0, 0.0, 0.0, 1.0, 0.0, 1.0, 0.0, 0.0, 1.0, 0.0, 0.0, 0.0, 0.0, 38.0, 22.0, 22.0, 1
2810, 1.0, 7.0, 0.146, -0.114, -0.114, 0.0, 0.0, 0.0, 0.0, 1.0, 0.0, 0.0, 0.0, 1.0, 0.0, 0.0, 1.0, 0.0, 0.0, 0.0, 0.0, 3.0, 22.0, 22.0, 1
2810, 1.0, 7.0, 0.146, -0.114, -0.114, 0.0, 0.0, 0.0, 0.0, 1.0, 0.0, 0.0, 0.0, 1.0, 0.0, 0.0, 1.0, 0.0, 0.0, 0.0, 0.0, 3.0, 22.0, 22.0, 1
2810, 1.0, 7.0, 0.817, -0.114, -0.114, 0.0, 0.0, 0.0, 0.0, 0.0, 0.0, 1.0, 0.0, 1.0, 0.0, 0.0, 1.0, 0.0, 0.0, 0.0, 0.0, 38.0, 22.0, 22.0, 1
2810, 1.0, 7.0, 0.146, -0.114, -0.114, 0.0, 0.0, 0.0, 0.0, 1.0, 0.0, 0.0, 0.0, 1.0, 0.0, 0.0, 1.0, 0.0, 0.0, 0.0, 0.0, 3.0, 22.0, 22.0, 1
2810, 1.0, 7.0, 0.146, -0.114, -0.114, 0.0, 0.0, 0.0, 0.0, 1.0, 0.0, 0.0, 0.0, 1.0, 0.0, 0.0, 1.0, 0.0, 0.0, 0.0, 0.0, 3.0, 22.0, 22.0, 1
2810, 1.0, 7.0, 0.817, -0.114, -0.114, 0.0, 0.0, 0.0, 0.0, 0.0, 0.0, 1.0, 0.0, 1.0, 0.0, 0.0, 1.0, 0.0, 0.0, 0.0, 0.0, 38.0, 22.0, 22.0, 1
2810, 1.0, 7.0, 0.817, -0.114, -0.114, 0.0, 0.0, 0.0, 0.0, 0.0, 0.0, 1.0, 0.0, 1.0, 0.0, 0.0, 1.0, 0.0, 0.0, 0.0, 0.0, 38.0, 22.0, 22.0, 1
2810, 1.0, 2.0, -0.114, 0.817, -0.384, 0.0, 1.0, 0.0, 0.0, 0.0, 0.0, 0.0, 0.0, 0.0, 1.0, 0.0, 0.0, 0.0, 0.0, 0.0, 1.0, 22.0, 38.0, 40.0, 1
2810, 1.0, 2.0, -0.114, 0.817, -0.383, 0.0, 1.0, 0.0, 0.0, 0.0, 0.0, 0.0, 0.0, 0.0, 1.0, 0.0, 0.0, 0.0, 0.0, 0.0, 1.0, 22.0, 38.0, 40.0, 1
2810, 1.0, 2.0, -0.114, 0.817, -0.383, 0.0, 1.0, 0.0, 0.0, 0.0, 0.0, 0.0, 0.0, 0.0, 1.0, 0.0, 0.0, 0.0, 0.0, 0.0, 1.0, 22.0, 38.0, 40.0, 1
2810, 2.0, 2.0, -0.384, 0.817, -0.383, 0.0, 0.0, 0.0, 0.0, 0.0, 0.0, 0.0, 1.0, 0.0, 1.0, 0.0, 0.0, 0.0, 0.0, 0.0, 1.0, 40.0, 38.0, 40.0, 1
