@relation mutagenesis-bonds
@attribute Bonds-bag-id {3933, 3688, 583, 2127, 1764, 3209, 105, 1463, 4168, 681, 3328, 4008, 841, 1714, 11, 3760, 395, 73, 2464, 3466, 4097, 1156, 1176, 516, 205, 3085, 77, 1951, 1451, 4066, 142, 3389, 2664, 909, 4134, 3080, 1292, 1111, 3749, 3580, 251, 586, 2942, 4060, 2657, 1644, 452, 4145, 941, 1884, 600, 1200, 3365, 1855, 2592, 2622, 316, 104, 74, 3052, 3071, 3478, 1863, 647, 2122, 3919, 2992, 2452, 2789, 3558, 2889, 3293, 2349, 1724, 1065, 2550, 3459, 631, 2041, 2085, 1273, 3307, 3899, 2095, 1834, 950, 2755, 2524, 3256, 3225, 2010, 3498, 2483, 1237, 1838, 3322, 3449, 826, 2933, 1759, 1752, 640, 285, 1580, 2874, 502, 3167, 187, 2497, 1131, 273, 3587, 3238, 1063, 2809, 1019, 334, 2879, 927, 2235, 3260, 3743, 1894, 311, 1613, 2522, 1425, 3120, 2751, 3, 1515, 1428, 1190, 724, 1205, 3008, 1924, 1372, 2880, 3766, 2711, 587, 1743, 2134, 2329, 1312, 828, 1210, 3655, 693, 2117, 1615, 2996, 3990, 3599, 2412, 2642, 4, 308, 3559, 1745, 2028, 2005, 3777, 1270, 561, 1849, 3592, 707, 2043, 171, 3570, 886, 2914, 2573, 1659, 652, 3653, 2030, 902, 3495, 2320, 2376, 3230, 538, 3201, 2219, 3344}
@attribute Bondtype real [1.0, 7.0]
@attribute Charge1 real [-0.533, 1.002]
@attribute Charge2 real [-0.781, 1.002]
@attribute Elementtype1=br real [0.0, 1.0]
@attribute Elementtype1=c real [0.0, 1.0]
@attribute Elementtype1=h real [0.0, 1.0]
@attribute Elementtype1=n real [0.0, 1.0]
@attribute Elementtype2=c real [0.0, 1.0]
@attribute Elementtype2=cl real [0.0, 1.0]
@attribute Elementtype2=f real [0.0, 1.0]
@attribute Elementtype2=h real [0.0, 1.0]
@attribute Elementtype2=i real [0.0, 1.0]
@attribute Elementtype2=n real [0.0, 1.0]
@attribute Elementtype2=o real [0.0, 1.0]
@attribute Quanta1 real [1.0, 232.0]
@attribute Quanta2 real [3.0, 232.0]
@attribute Class {0, 1}
@inputs Bonds-bag-id, Bondtype, Charge1, Charge2, Elementtype1=br, Elementtype1=c, Elementtype1=h, Elementtype1=n, Elementtype2=c, Elementtype2=cl, Elementtype2=f, Elementtype2=h, Elementtype2=i, Elementtype2=n, Elementtype2=o, Quanta1, Quanta2
@outputs Class
@data
3766, 7.0, -0.122, 0.0080, 0.0, 1.0, 0.0, 0.0, 1.0, 0.0, 0.0, 0.0, 0.0, 0.0, 0.0, 22.0, 22.0, 0
3766, 7.0, -0.122, 0.0080, 0.0, 1.0, 0.0, 0.0, 1.0, 0.0, 0.0, 0.0, 0.0, 0.0, 0.0, 22.0, 22.0, 0
3766, 1.0, -0.122, 0.138, 0.0, 1.0, 0.0, 0.0, 0.0, 0.0, 0.0, 1.0, 0.0, 0.0, 0.0, 22.0, 3.0, 0
3766, 1.0, -0.122, 0.138, 0.0, 1.0, 0.0, 0.0, 0.0, 0.0, 0.0, 1.0, 0.0, 0.0, 0.0, 22.0, 3.0, 0
3766, 1.0, -0.122, 0.138, 0.0, 1.0, 0.0, 0.0, 0.0, 0.0, 0.0, 1.0, 0.0, 0.0, 0.0, 22.0, 3.0, 0
3766, 1.0, 0.238, 0.0080, 0.0, 1.0, 0.0, 0.0, 1.0, 0.0, 0.0, 0.0, 0.0, 0.0, 0.0, 14.0, 22.0, 0
3766, 2.0, 0.238, -0.421, 0.0, 1.0, 0.0, 0.0, 0.0, 0.0, 0.0, 0.0, 0.0, 0.0, 1.0, 14.0, 41.0, 0
3766, 1.0, 0.238, 0.208, 0.0, 1.0, 0.0, 0.0, 0.0, 0.0, 0.0, 1.0, 0.0, 0.0, 0.0, 14.0, 3.0, 0
3766, 1.0, -0.122, 0.138, 0.0, 1.0, 0.0, 0.0, 0.0, 0.0, 0.0, 1.0, 0.0, 0.0, 0.0, 22.0, 3.0, 0
3766, 1.0, -0.122, 0.809, 0.0, 1.0, 0.0, 0.0, 0.0, 0.0, 0.0, 0.0, 0.0, 1.0, 0.0, 22.0, 38.0, 0
3766, 2.0, 0.809, -0.392, 0.0, 0.0, 0.0, 1.0, 0.0, 0.0, 0.0, 0.0, 0.0, 0.0, 1.0, 38.0, 40.0, 0
3766, 2.0, 0.809, -0.392, 0.0, 0.0, 0.0, 1.0, 0.0, 0.0, 0.0, 0.0, 0.0, 0.0, 1.0, 38.0, 40.0, 0
2642, 7.0, -0.132, 0.198, 0.0, 1.0, 0.0, 0.0, 1.0, 0.0, 0.0, 0.0, 0.0, 0.0, 0.0, 22.0, 22.0, 0
2642, 7.0, -0.132, 0.198, 0.0, 1.0, 0.0, 0.0, 1.0, 0.0, 0.0, 0.0, 0.0, 0.0, 0.0, 22.0, 22.0, 0
2642, 7.0, -0.132, 0.198, 0.0, 1.0, 0.0, 0.0, 1.0, 0.0, 0.0, 0.0, 0.0, 0.0, 0.0, 22.0, 22.0, 0
2642, 7.0, -0.132, 0.198, 0.0, 1.0, 0.0, 0.0, 1.0, 0.0, 0.0, 0.0, 0.0, 0.0, 0.0, 22.0, 22.0, 0
2642, 1.0, -0.132, 0.128, 0.0, 1.0, 0.0, 0.0, 0.0, 0.0, 0.0, 1.0, 0.0, 0.0, 0.0, 22.0, 3.0, 0
2642, 1.0, -0.132, 0.128, 0.0, 1.0, 0.0, 0.0, 0.0, 0.0, 0.0, 1.0, 0.0, 0.0, 0.0, 22.0, 3.0, 0
2642, 1.0, -0.132, 0.128, 0.0, 1.0, 0.0, 0.0, 0.0, 0.0, 0.0, 1.0, 0.0, 0.0, 0.0, 22.0, 3.0, 0
2642, 1.0, -0.132, 0.799, 0.0, 1.0, 0.0, 0.0, 0.0, 0.0, 0.0, 0.0, 0.0, 1.0, 0.0, 22.0, 38.0, 0
2642, 2.0, 0.799, -0.401, 0.0, 0.0, 0.0, 1.0, 0.0, 0.0, 0.0, 0.0, 0.0, 0.0, 1.0, 38.0, 40.0, 0
2642, 2.0, 0.799, -0.401, 0.0, 0.0, 0.0, 1.0, 0.0, 0.0, 0.0, 0.0, 0.0, 0.0, 1.0, 38.0, 40.0, 0
2642, 1.0, 0.198, -0.781, 0.0, 1.0, 0.0, 0.0, 0.0, 0.0, 0.0, 0.0, 0.0, 1.0, 0.0, 22.0, 32.0, 0
2642, 1.0, 0.198, -0.781, 0.0, 1.0, 0.0, 0.0, 0.0, 0.0, 0.0, 0.0, 0.0, 1.0, 0.0, 22.0, 32.0, 0
2642, 1.0, 0.328, -0.781, 0.0, 0.0, 1.0, 0.0, 0.0, 0.0, 0.0, 0.0, 0.0, 1.0, 0.0, 1.0, 32.0, 0
2642, 1.0, 0.328, -0.781, 0.0, 0.0, 1.0, 0.0, 0.0, 0.0, 0.0, 0.0, 0.0, 1.0, 0.0, 1.0, 32.0, 0
2642, 1.0, 0.328, -0.781, 0.0, 0.0, 1.0, 0.0, 0.0, 0.0, 0.0, 0.0, 0.0, 1.0, 0.0, 1.0, 32.0, 0
2642, 1.0, 0.329, -0.781, 0.0, 0.0, 1.0, 0.0, 0.0, 0.0, 0.0, 0.0, 0.0, 1.0, 0.0, 1.0, 32.0, 0
1312, 7.0, -0.123, 0.0070, 0.0, 1.0, 0.0, 0.0, 1.0, 0.0, 0.0, 0.0, 0.0, 0.0, 0.0, 22.0, 27.0, 0
1312, 7.0, -0.123, 0.0070, 0.0, 1.0, 0.0, 0.0, 1.0, 0.0, 0.0, 0.0, 0.0, 0.0, 0.0, 22.0, 27.0, 0
1312, 1.0, -0.123, 0.137, 0.0, 1.0, 0.0, 0.0, 0.0, 0.0, 0.0, 1.0, 0.0, 0.0, 0.0, 22.0, 3.0, 0
1312, 1.0, -0.123, 0.137, 0.0, 1.0, 0.0, 0.0, 0.0, 0.0, 0.0, 1.0, 0.0, 0.0, 0.0, 22.0, 3.0, 0
1312, 1.0, -0.123, 0.137, 0.0, 1.0, 0.0, 0.0, 0.0, 0.0, 0.0, 1.0, 0.0, 0.0, 0.0, 22.0, 3.0, 0
1312, 1.0, -0.123, 0.137, 0.0, 1.0, 0.0, 0.0, 0.0, 0.0, 0.0, 1.0, 0.0, 0.0, 0.0, 22.0, 3.0, 0
1312, 7.0, -0.123, 0.0070, 0.0, 1.0, 0.0, 0.0, 1.0, 0.0, 0.0, 0.0, 0.0, 0.0, 0.0, 22.0, 27.0, 0
1312, 7.0, -0.173, -0.123, 0.0, 1.0, 0.0, 0.0, 1.0, 0.0, 0.0, 0.0, 0.0, 0.0, 0.0, 22.0, 22.0, 0
1312, 7.0, -0.173, -0.123, 0.0, 1.0, 0.0, 0.0, 1.0, 0.0, 0.0, 0.0, 0.0, 0.0, 0.0, 22.0, 22.0, 0
1312, 7.0, -0.123, 0.0070, 0.0, 1.0, 0.0, 0.0, 1.0, 0.0, 0.0, 0.0, 0.0, 0.0, 0.0, 22.0, 27.0, 0
1312, 1.0, -0.123, 0.137, 0.0, 1.0, 0.0, 0.0, 0.0, 0.0, 0.0, 1.0, 0.0, 0.0, 0.0, 22.0, 3.0, 0
1312, 1.0, -0.123, 0.137, 0.0, 1.0, 0.0, 0.0, 0.0, 0.0, 0.0, 1.0, 0.0, 0.0, 0.0, 22.0, 3.0, 0
1312, 1.0, 0.0070, -0.173, 0.0, 1.0, 0.0, 0.0, 1.0, 0.0, 0.0, 0.0, 0.0, 0.0, 0.0, 10.0, 22.0, 0
1312, 1.0, 0.0070, 0.057, 0.0, 1.0, 0.0, 0.0, 0.0, 0.0, 0.0, 1.0, 0.0, 0.0, 0.0, 10.0, 3.0, 0
1312, 1.0, 0.0070, 0.057, 0.0, 1.0, 0.0, 0.0, 0.0, 0.0, 0.0, 1.0, 0.0, 0.0, 0.0, 10.0, 3.0, 0
1312, 1.0, 0.0070, 0.057, 0.0, 1.0, 0.0, 0.0, 0.0, 0.0, 0.0, 1.0, 0.0, 0.0, 0.0, 10.0, 3.0, 0
1312, 2.0, 0.806, -0.393, 0.0, 0.0, 0.0, 1.0, 0.0, 0.0, 0.0, 0.0, 0.0, 0.0, 1.0, 38.0, 40.0, 0
1312, 1.0, -0.123, 0.806, 0.0, 1.0, 0.0, 0.0, 0.0, 0.0, 0.0, 0.0, 0.0, 1.0, 0.0, 22.0, 38.0, 0
1312, 2.0, 0.806, -0.393, 0.0, 0.0, 0.0, 1.0, 0.0, 0.0, 0.0, 0.0, 0.0, 0.0, 1.0, 38.0, 40.0, 0
2711, 7.0, -0.122, 0.307, 0.0, 1.0, 0.0, 0.0, 1.0, 0.0, 0.0, 0.0, 0.0, 0.0, 0.0, 22.0, 26.0, 0
2711, 7.0, 0.108, 0.307, 0.0, 1.0, 0.0, 0.0, 1.0, 0.0, 0.0, 0.0, 0.0, 0.0, 0.0, 26.0, 26.0, 0
2711, 7.0, -0.122, 0.108, 0.0, 1.0, 0.0, 0.0, 1.0, 0.0, 0.0, 0.0, 0.0, 0.0, 0.0, 22.0, 26.0, 0
2711, 7.0, 0.307, -0.393, 0.0, 1.0, 0.0, 0.0, 0.0, 0.0, 0.0, 0.0, 0.0, 1.0, 0.0, 26.0, 34.0, 0
2711, 7.0, -0.533, -0.393, 0.0, 0.0, 0.0, 1.0, 0.0, 0.0, 0.0, 0.0, 0.0, 1.0, 0.0, 34.0, 34.0, 0
2711, 7.0, -0.122, 0.108, 0.0, 1.0, 0.0, 0.0, 1.0, 0.0, 0.0, 0.0, 0.0, 0.0, 0.0, 21.0, 26.0, 0
2711, 7.0, -0.122, -0.533, 0.0, 1.0, 0.0, 0.0, 0.0, 0.0, 0.0, 0.0, 0.0, 1.0, 0.0, 21.0, 34.0, 0
2711, 1.0, 0.098, -0.533, 0.0, 1.0, 0.0, 0.0, 0.0, 0.0, 0.0, 0.0, 0.0, 1.0, 0.0, 10.0, 34.0, 0
2711, 1.0, -0.122, 0.807, 0.0, 1.0, 0.0, 0.0, 0.0, 0.0, 0.0, 0.0, 0.0, 1.0, 0.0, 22.0, 38.0, 0
2711, 2.0, 0.807, -0.393, 0.0, 0.0, 0.0, 1.0, 0.0, 0.0, 0.0, 0.0, 0.0, 0.0, 1.0, 38.0, 40.0, 0
2711, 2.0, 0.807, -0.393, 0.0, 0.0, 0.0, 1.0, 0.0, 0.0, 0.0, 0.0, 0.0, 0.0, 1.0, 38.0, 40.0, 0
2711, 1.0, -0.122, 0.137, 0.0, 1.0, 0.0, 0.0, 0.0, 0.0, 0.0, 1.0, 0.0, 0.0, 0.0, 22.0, 3.0, 0
2711, 1.0, -0.122, 0.138, 0.0, 1.0, 0.0, 0.0, 0.0, 0.0, 0.0, 1.0, 0.0, 0.0, 0.0, 22.0, 3.0, 0
2711, 1.0, -0.122, 0.108, 0.0, 1.0, 0.0, 0.0, 0.0, 0.0, 0.0, 1.0, 0.0, 0.0, 0.0, 22.0, 3.0, 0
2711, 1.0, -0.122, 0.138, 0.0, 1.0, 0.0, 0.0, 0.0, 0.0, 0.0, 1.0, 0.0, 0.0, 0.0, 21.0, 3.0, 0
2711, 1.0, 0.098, 0.058, 0.0, 1.0, 0.0, 0.0, 0.0, 0.0, 0.0, 1.0, 0.0, 0.0, 0.0, 10.0, 3.0, 0
2711, 1.0, 0.098, 0.058, 0.0, 1.0, 0.0, 0.0, 0.0, 0.0, 0.0, 1.0, 0.0, 0.0, 0.0, 10.0, 3.0, 0
2711, 1.0, 0.098, 0.058, 0.0, 1.0, 0.0, 0.0, 0.0, 0.0, 0.0, 1.0, 0.0, 0.0, 0.0, 10.0, 3.0, 0
2711, 1.0, 0.307, -0.393, 0.0, 0.0, 1.0, 0.0, 0.0, 0.0, 0.0, 0.0, 0.0, 1.0, 0.0, 1.0, 34.0, 0
1063, 7.0, -0.106, 0.224, 0.0, 1.0, 0.0, 0.0, 1.0, 0.0, 0.0, 0.0, 0.0, 0.0, 0.0, 22.0, 22.0, 0
1063, 7.0, -0.106, 0.224, 0.0, 1.0, 0.0, 0.0, 1.0, 0.0, 0.0, 0.0, 0.0, 0.0, 0.0, 22.0, 22.0, 0
1063, 1.0, -0.106, 0.154, 0.0, 1.0, 0.0, 0.0, 0.0, 0.0, 0.0, 1.0, 0.0, 0.0, 0.0, 22.0, 3.0, 0
1063, 1.0, -0.106, 0.154, 0.0, 1.0, 0.0, 0.0, 0.0, 0.0, 0.0, 1.0, 0.0, 0.0, 0.0, 22.0, 3.0, 0
1063, 1.0, -0.106, 0.154, 0.0, 1.0, 0.0, 0.0, 0.0, 0.0, 0.0, 1.0, 0.0, 0.0, 0.0, 22.0, 3.0, 0
1063, 1.0, 0.224, -0.757, 0.0, 1.0, 0.0, 0.0, 0.0, 0.0, 0.0, 0.0, 0.0, 1.0, 0.0, 22.0, 32.0, 0
1063, 1.0, 0.354, -0.757, 0.0, 0.0, 1.0, 0.0, 0.0, 0.0, 0.0, 0.0, 0.0, 1.0, 0.0, 1.0, 32.0, 0
1063, 1.0, 0.354, -0.757, 0.0, 0.0, 1.0, 0.0, 0.0, 0.0, 0.0, 0.0, 0.0, 1.0, 0.0, 1.0, 32.0, 0
1063, 1.0, -0.106, 0.823, 0.0, 1.0, 0.0, 0.0, 0.0, 0.0, 0.0, 0.0, 0.0, 1.0, 0.0, 22.0, 38.0, 0
1063, 1.0, -0.106, -0.176, 0.0, 1.0, 0.0, 0.0, 0.0, 1.0, 0.0, 0.0, 0.0, 0.0, 0.0, 22.0, 93.0, 0
1063, 2.0, 0.823, -0.377, 0.0, 0.0, 0.0, 1.0, 0.0, 0.0, 0.0, 0.0, 0.0, 0.0, 1.0, 38.0, 40.0, 0
1063, 2.0, 0.823, -0.377, 0.0, 0.0, 0.0, 1.0, 0.0, 0.0, 0.0, 0.0, 0.0, 0.0, 1.0, 38.0, 40.0, 0
3655, 1.0, -0.097, 0.163, 0.0, 1.0, 0.0, 0.0, 0.0, 0.0, 0.0, 1.0, 0.0, 0.0, 0.0, 22.0, 3.0, 0
3655, 1.0, -0.097, 0.163, 0.0, 1.0, 0.0, 0.0, 0.0, 0.0, 0.0, 1.0, 0.0, 0.0, 0.0, 22.0, 3.0, 0
3655, 1.0, -0.097, 0.163, 0.0, 1.0, 0.0, 0.0, 0.0, 0.0, 0.0, 1.0, 0.0, 0.0, 0.0, 22.0, 3.0, 0
3655, 1.0, -0.097, 0.163, 0.0, 1.0, 0.0, 0.0, 0.0, 0.0, 0.0, 1.0, 0.0, 0.0, 0.0, 22.0, 3.0, 0
3655, 1.0, -0.097, 0.832, 0.0, 1.0, 0.0, 0.0, 0.0, 0.0, 0.0, 0.0, 0.0, 1.0, 0.0, 22.0, 38.0, 0
3655, 1.0, -0.097, -0.167, 0.0, 1.0, 0.0, 0.0, 0.0, 1.0, 0.0, 0.0, 0.0, 0.0, 0.0, 22.0, 93.0, 0
3655, 2.0, 0.832, -0.368, 0.0, 0.0, 0.0, 1.0, 0.0, 0.0, 0.0, 0.0, 0.0, 0.0, 1.0, 38.0, 40.0, 0
3655, 2.0, 0.832, -0.367, 0.0, 0.0, 0.0, 1.0, 0.0, 0.0, 0.0, 0.0, 0.0, 0.0, 1.0, 38.0, 40.0, 0
3225, 7.0, -0.115, -0.085, 0.0, 1.0, 0.0, 0.0, 1.0, 0.0, 0.0, 0.0, 0.0, 0.0, 0.0, 22.0, 27.0, 1
3225, 7.0, -0.085, -0.085, 0.0, 1.0, 0.0, 0.0, 1.0, 0.0, 0.0, 0.0, 0.0, 0.0, 0.0, 26.0, 27.0, 1
3225, 7.0, -0.115, -0.085, 0.0, 1.0, 0.0, 0.0, 1.0, 0.0, 0.0, 0.0, 0.0, 0.0, 0.0, 22.0, 26.0, 1
3225, 7.0, -0.085, 0.015, 0.0, 1.0, 0.0, 0.0, 1.0, 0.0, 0.0, 0.0, 0.0, 0.0, 0.0, 27.0, 27.0, 1
3225, 7.0, -0.115, 0.015, 0.0, 1.0, 0.0, 0.0, 1.0, 0.0, 0.0, 0.0, 0.0, 0.0, 0.0, 22.0, 27.0, 1
3225, 7.0, -0.115, -0.085, 0.0, 1.0, 0.0, 0.0, 1.0, 0.0, 0.0, 0.0, 0.0, 0.0, 0.0, 22.0, 26.0, 1
3225, 7.0, -0.085, -0.085, 0.0, 1.0, 0.0, 0.0, 1.0, 0.0, 0.0, 0.0, 0.0, 0.0, 0.0, 26.0, 27.0, 1
3225, 7.0, -0.115, -0.085, 0.0, 1.0, 0.0, 0.0, 1.0, 0.0, 0.0, 0.0, 0.0, 0.0, 0.0, 22.0, 27.0, 1
3225, 7.0, -0.115, 0.015, 0.0, 1.0, 0.0, 0.0, 1.0, 0.0, 0.0, 0.0, 0.0, 0.0, 0.0, 22.0, 27.0, 1
3225, 7.0, -0.115, 0.015, 0.0, 1.0, 0.0, 0.0, 1.0, 0.0, 0.0, 0.0, 0.0, 0.0, 0.0, 22.0, 27.0, 1
3225, 7.0, -0.115, 0.015, 0.0, 1.0, 0.0, 0.0, 1.0, 0.0, 0.0, 0.0, 0.0, 0.0, 0.0, 22.0, 27.0, 1
3225, 7.0, -0.115, 0.015, 0.0, 1.0, 0.0, 0.0, 1.0, 0.0, 0.0, 0.0, 0.0, 0.0, 0.0, 22.0, 27.0, 1
3225, 7.0, -0.115, 0.015, 0.0, 1.0, 0.0, 0.0, 1.0, 0.0, 0.0, 0.0, 0.0, 0.0, 0.0, 22.0, 27.0, 1
3225, 7.0, 0.015, -0.085, 0.0, 1.0, 0.0, 0.0, 1.0, 0.0, 0.0, 0.0, 0.0, 0.0, 0.0, 21.0, 26.0, 1
3225, 7.0, -0.085, 0.015, 0.0, 1.0, 0.0, 0.0, 1.0, 0.0, 0.0, 0.0, 0.0, 0.0, 0.0, 21.0, 21.0, 1
3225, 7.0, -0.085, -0.085, 0.0, 1.0, 0.0, 0.0, 1.0, 0.0, 0.0, 0.0, 0.0, 0.0, 0.0, 21.0, 26.0, 1
3225, 1.0, -0.115, 0.145, 0.0, 1.0, 0.0, 0.0, 0.0, 0.0, 0.0, 1.0, 0.0, 0.0, 0.0, 22.0, 3.0, 1
3225, 1.0, -0.115, 0.145, 0.0, 1.0, 0.0, 0.0, 0.0, 0.0, 0.0, 1.0, 0.0, 0.0, 0.0, 22.0, 3.0, 1
3225, 1.0, -0.115, 0.145, 0.0, 1.0, 0.0, 0.0, 0.0, 0.0, 0.0, 1.0, 0.0, 0.0, 0.0, 22.0, 3.0, 1
3225, 1.0, -0.115, 0.144, 0.0, 1.0, 0.0, 0.0, 0.0, 0.0, 0.0, 1.0, 0.0, 0.0, 0.0, 22.0, 3.0, 1
3225, 1.0, -0.115, 0.144, 0.0, 1.0, 0.0, 0.0, 0.0, 0.0, 0.0, 1.0, 0.0, 0.0, 0.0, 22.0, 3.0, 1
3225, 1.0, -0.115, 0.144, 0.0, 1.0, 0.0, 0.0, 0.0, 0.0, 0.0, 1.0, 0.0, 0.0, 0.0, 22.0, 3.0, 1
3225, 1.0, -0.115, 0.144, 0.0, 1.0, 0.0, 0.0, 0.0, 0.0, 0.0, 1.0, 0.0, 0.0, 0.0, 22.0, 3.0, 1
3225, 1.0, -0.115, 0.144, 0.0, 1.0, 0.0, 0.0, 0.0, 0.0, 0.0, 1.0, 0.0, 0.0, 0.0, 22.0, 3.0, 1
3225, 1.0, -0.115, 0.144, 0.0, 1.0, 0.0, 0.0, 0.0, 0.0, 0.0, 1.0, 0.0, 0.0, 0.0, 22.0, 3.0, 1
3225, 1.0, -0.115, 0.144, 0.0, 1.0, 0.0, 0.0, 0.0, 0.0, 0.0, 1.0, 0.0, 0.0, 0.0, 22.0, 3.0, 1
3225, 1.0, 0.015, 0.814, 0.0, 1.0, 0.0, 0.0, 0.0, 0.0, 0.0, 0.0, 0.0, 1.0, 0.0, 21.0, 38.0, 1
3225, 1.0, -0.085, 0.115, 0.0, 1.0, 0.0, 0.0, 0.0, 0.0, 0.0, 1.0, 0.0, 0.0, 0.0, 21.0, 3.0, 1
3225, 2.0, 0.814, -0.386, 0.0, 0.0, 0.0, 1.0, 0.0, 0.0, 0.0, 0.0, 0.0, 0.0, 1.0, 38.0, 40.0, 1
3225, 2.0, 0.814, -0.386, 0.0, 0.0, 0.0, 1.0, 0.0, 0.0, 0.0, 0.0, 0.0, 0.0, 1.0, 38.0, 40.0, 1
4145, 7.0, -0.116, 0.014, 0.0, 1.0, 0.0, 0.0, 1.0, 0.0, 0.0, 0.0, 0.0, 0.0, 0.0, 22.0, 29.0, 1
4145, 7.0, -0.116, 0.014, 0.0, 1.0, 0.0, 0.0, 1.0, 0.0, 0.0, 0.0, 0.0, 0.0, 0.0, 22.0, 29.0, 1
4145, 1.0, -0.116, 0.144, 0.0, 1.0, 0.0, 0.0, 0.0, 0.0, 0.0, 1.0, 0.0, 0.0, 0.0, 22.0, 3.0, 1
4145, 1.0, -0.116, 0.144, 0.0, 1.0, 0.0, 0.0, 0.0, 0.0, 0.0, 1.0, 0.0, 0.0, 0.0, 22.0, 3.0, 1
4145, 1.0, -0.116, 0.144, 0.0, 1.0, 0.0, 0.0, 0.0, 0.0, 0.0, 1.0, 0.0, 0.0, 0.0, 22.0, 3.0, 1
4145, 1.0, -0.116, 0.144, 0.0, 1.0, 0.0, 0.0, 0.0, 0.0, 0.0, 1.0, 0.0, 0.0, 0.0, 22.0, 3.0, 1
4145, 7.0, -0.116, 0.014, 0.0, 1.0, 0.0, 0.0, 1.0, 0.0, 0.0, 0.0, 0.0, 0.0, 0.0, 22.0, 29.0, 1
4145, 7.0, -0.116, 0.014, 0.0, 1.0, 0.0, 0.0, 1.0, 0.0, 0.0, 0.0, 0.0, 0.0, 0.0, 22.0, 29.0, 1
4145, 1.0, -0.116, 0.144, 0.0, 1.0, 0.0, 0.0, 0.0, 0.0, 0.0, 1.0, 0.0, 0.0, 0.0, 22.0, 3.0, 1
4145, 1.0, -0.116, 0.144, 0.0, 1.0, 0.0, 0.0, 0.0, 0.0, 0.0, 1.0, 0.0, 0.0, 0.0, 22.0, 3.0, 1
4145, 1.0, -0.116, 0.144, 0.0, 1.0, 0.0, 0.0, 0.0, 0.0, 0.0, 1.0, 0.0, 0.0, 0.0, 22.0, 3.0, 1
4145, 1.0, -0.116, 0.813, 0.0, 1.0, 0.0, 0.0, 0.0, 0.0, 0.0, 0.0, 0.0, 1.0, 0.0, 22.0, 38.0, 1
4145, 1.0, -0.116, 0.813, 0.0, 1.0, 0.0, 0.0, 0.0, 0.0, 0.0, 0.0, 0.0, 1.0, 0.0, 22.0, 38.0, 1
4145, 1.0, -0.116, 0.814, 0.0, 1.0, 0.0, 0.0, 0.0, 0.0, 0.0, 0.0, 0.0, 1.0, 0.0, 22.0, 38.0, 1
4145, 2.0, 0.813, -0.386, 0.0, 0.0, 0.0, 1.0, 0.0, 0.0, 0.0, 0.0, 0.0, 0.0, 1.0, 38.0, 40.0, 1
4145, 2.0, 0.813, -0.386, 0.0, 0.0, 0.0, 1.0, 0.0, 0.0, 0.0, 0.0, 0.0, 0.0, 1.0, 38.0, 40.0, 1
4145, 2.0, 0.814, -0.386, 0.0, 0.0, 0.0, 1.0, 0.0, 0.0, 0.0, 0.0, 0.0, 0.0, 1.0, 38.0, 40.0, 1
4145, 2.0, 0.814, -0.386, 0.0, 0.0, 0.0, 1.0, 0.0, 0.0, 0.0, 0.0, 0.0, 0.0, 1.0, 38.0, 40.0, 1
4145, 2.0, 0.813, -0.386, 0.0, 0.0, 0.0, 1.0, 0.0, 0.0, 0.0, 0.0, 0.0, 0.0, 1.0, 38.0, 40.0, 1
4145, 2.0, 0.813, -0.386, 0.0, 0.0, 0.0, 1.0, 0.0, 0.0, 0.0, 0.0, 0.0, 0.0, 1.0, 38.0, 40.0, 1
4134, 7.0, -0.134, -0.0040, 0.0, 1.0, 0.0, 0.0, 1.0, 0.0, 0.0, 0.0, 0.0, 0.0, 0.0, 21.0, 21.0, 1
4134, 7.0, -0.134, 0.096, 0.0, 1.0, 0.0, 0.0, 1.0, 0.0, 0.0, 0.0, 0.0, 0.0, 0.0, 21.0, 21.0, 1
4134, 7.0, 0.096, -0.034, 0.0, 1.0, 0.0, 0.0, 0.0, 0.0, 0.0, 0.0, 0.0, 0.0, 1.0, 21.0, 52.0, 1
4134, 7.0, -0.0040, -0.034, 0.0, 1.0, 0.0, 0.0, 0.0, 0.0, 0.0, 0.0, 0.0, 0.0, 1.0, 21.0, 52.0, 1
4134, 1.0, -0.0040, 0.797, 0.0, 1.0, 0.0, 0.0, 0.0, 0.0, 0.0, 0.0, 0.0, 1.0, 0.0, 21.0, 38.0, 1
4134, 2.0, 0.797, -0.403, 0.0, 0.0, 0.0, 1.0, 0.0, 0.0, 0.0, 0.0, 0.0, 0.0, 1.0, 38.0, 40.0, 1
4134, 2.0, 0.797, -0.403, 0.0, 0.0, 0.0, 1.0, 0.0, 0.0, 0.0, 0.0, 0.0, 0.0, 1.0, 38.0, 40.0, 1
4134, 1.0, 0.597, 0.096, 0.0, 1.0, 0.0, 0.0, 1.0, 0.0, 0.0, 0.0, 0.0, 0.0, 0.0, 14.0, 21.0, 1
4134, 2.0, 0.597, -0.404, 0.0, 1.0, 0.0, 0.0, 0.0, 0.0, 0.0, 0.0, 0.0, 1.0, 0.0, 14.0, 32.0, 1
4134, 1.0, 0.597, -0.404, 0.0, 1.0, 0.0, 0.0, 0.0, 0.0, 0.0, 0.0, 0.0, 1.0, 0.0, 14.0, 32.0, 1
4134, 1.0, 0.597, -0.204, 0.0, 1.0, 0.0, 0.0, 1.0, 0.0, 0.0, 0.0, 0.0, 0.0, 0.0, 14.0, 16.0, 1
4134, 2.0, 0.597, -0.553, 0.0, 1.0, 0.0, 0.0, 0.0, 0.0, 0.0, 0.0, 0.0, 0.0, 1.0, 14.0, 40.0, 1
4134, 7.0, -0.134, 0.096, 0.0, 1.0, 0.0, 0.0, 1.0, 0.0, 0.0, 0.0, 0.0, 0.0, 0.0, 21.0, 21.0, 1
4134, 7.0, -0.134, -0.0040, 0.0, 1.0, 0.0, 0.0, 1.0, 0.0, 0.0, 0.0, 0.0, 0.0, 0.0, 21.0, 21.0, 1
4134, 7.0, -0.134, -0.0040, 0.0, 1.0, 0.0, 0.0, 1.0, 0.0, 0.0, 0.0, 0.0, 0.0, 0.0, 21.0, 21.0, 1
4134, 7.0, -0.134, 0.096, 0.0, 1.0, 0.0, 0.0, 1.0, 0.0, 0.0, 0.0, 0.0, 0.0, 0.0, 21.0, 21.0, 1
4134, 2.0, 0.797, -0.404, 0.0, 0.0, 0.0, 1.0, 0.0, 0.0, 0.0, 0.0, 0.0, 0.0, 1.0, 38.0, 40.0, 1
4134, 1.0, -0.0040, 0.797, 0.0, 1.0, 0.0, 0.0, 0.0, 0.0, 0.0, 0.0, 0.0, 1.0, 0.0, 21.0, 38.0, 1
4134, 1.0, -0.134, 0.126, 0.0, 1.0, 0.0, 0.0, 0.0, 0.0, 0.0, 1.0, 0.0, 0.0, 0.0, 21.0, 3.0, 1
4134, 2.0, 0.797, -0.403, 0.0, 0.0, 0.0, 1.0, 0.0, 0.0, 0.0, 0.0, 0.0, 0.0, 1.0, 38.0, 40.0, 1
4134, 1.0, 0.597, 0.046, 0.0, 1.0, 0.0, 0.0, 0.0, 0.0, 0.0, 1.0, 0.0, 0.0, 0.0, 14.0, 3.0, 1
4134, 1.0, -0.134, 0.126, 0.0, 1.0, 0.0, 0.0, 0.0, 0.0, 0.0, 1.0, 0.0, 0.0, 0.0, 21.0, 3.0, 1
4134, 1.0, -0.204, 0.096, 0.0, 1.0, 0.0, 0.0, 0.0, 0.0, 0.0, 1.0, 0.0, 0.0, 0.0, 16.0, 3.0, 1
4134, 1.0, 0.246, -0.404, 0.0, 0.0, 1.0, 0.0, 0.0, 0.0, 0.0, 0.0, 0.0, 1.0, 0.0, 1.0, 32.0, 1
4134, 1.0, -0.134, 0.126, 0.0, 1.0, 0.0, 0.0, 0.0, 0.0, 0.0, 1.0, 0.0, 0.0, 0.0, 21.0, 3.0, 1
4134, 1.0, -0.134, 0.126, 0.0, 1.0, 0.0, 0.0, 0.0, 0.0, 0.0, 1.0, 0.0, 0.0, 0.0, 21.0, 3.0, 1
4134, 1.0, -0.204, 0.096, 0.0, 1.0, 0.0, 0.0, 1.0, 0.0, 0.0, 0.0, 0.0, 0.0, 0.0, 16.0, 21.0, 1
4134, 1.0, -0.134, 0.126, 0.0, 1.0, 0.0, 0.0, 0.0, 0.0, 0.0, 1.0, 0.0, 0.0, 0.0, 21.0, 3.0, 1
4134, 1.0, -0.204, 0.096, 0.0, 1.0, 0.0, 0.0, 0.0, 0.0, 0.0, 1.0, 0.0, 0.0, 0.0, 16.0, 3.0, 1
909, 7.0, -0.119, -0.118, 0.0, 1.0, 0.0, 0.0, 1.0, 0.0, 0.0, 0.0, 0.0, 0.0, 0.0, 22.0, 22.0, 1
909, 7.0, -0.119, 0.011, 0.0, 1.0, 0.0, 0.0, 1.0, 0.0, 0.0, 0.0, 0.0, 0.0, 0.0, 22.0, 29.0, 1
909, 7.0, -0.119, 0.011, 0.0, 1.0, 0.0, 0.0, 1.0, 0.0, 0.0, 0.0, 0.0, 0.0, 0.0, 22.0, 29.0, 1
909, 7.0, -0.119, -0.118, 0.0, 1.0, 0.0, 0.0, 1.0, 0.0, 0.0, 0.0, 0.0, 0.0, 0.0, 22.0, 22.0, 1
909, 1.0, -0.118, 0.142, 0.0, 1.0, 0.0, 0.0, 0.0, 0.0, 0.0, 1.0, 0.0, 0.0, 0.0, 22.0, 3.0, 1
909, 1.0, -0.119, 0.142, 0.0, 1.0, 0.0, 0.0, 0.0, 0.0, 0.0, 1.0, 0.0, 0.0, 0.0, 22.0, 3.0, 1
909, 1.0, -0.119, 0.142, 0.0, 1.0, 0.0, 0.0, 0.0, 0.0, 0.0, 1.0, 0.0, 0.0, 0.0, 22.0, 3.0, 1
909, 7.0, -0.168, -0.119, 0.0, 1.0, 0.0, 0.0, 1.0, 0.0, 0.0, 0.0, 0.0, 0.0, 0.0, 22.0, 22.0, 1
909, 7.0, -0.168, -0.119, 0.0, 1.0, 0.0, 0.0, 1.0, 0.0, 0.0, 0.0, 0.0, 0.0, 0.0, 22.0, 22.0, 1
909, 7.0, -0.119, 0.011, 0.0, 1.0, 0.0, 0.0, 1.0, 0.0, 0.0, 0.0, 0.0, 0.0, 0.0, 22.0, 29.0, 1
909, 7.0, -0.119, 0.011, 0.0, 1.0, 0.0, 0.0, 1.0, 0.0, 0.0, 0.0, 0.0, 0.0, 0.0, 22.0, 29.0, 1
909, 1.0, -0.119, 0.142, 0.0, 1.0, 0.0, 0.0, 0.0, 0.0, 0.0, 1.0, 0.0, 0.0, 0.0, 22.0, 3.0, 1
909, 1.0, -0.119, 0.142, 0.0, 1.0, 0.0, 0.0, 0.0, 0.0, 0.0, 1.0, 0.0, 0.0, 0.0, 22.0, 3.0, 1
909, 1.0, -0.119, 0.142, 0.0, 1.0, 0.0, 0.0, 0.0, 0.0, 0.0, 1.0, 0.0, 0.0, 0.0, 22.0, 3.0, 1
909, 1.0, 0.011, -0.119, 0.0, 1.0, 0.0, 0.0, 1.0, 0.0, 0.0, 0.0, 0.0, 0.0, 0.0, 10.0, 22.0, 1
909, 1.0, 0.011, -0.119, 0.0, 1.0, 0.0, 0.0, 1.0, 0.0, 0.0, 0.0, 0.0, 0.0, 0.0, 10.0, 22.0, 1
909, 1.0, 0.011, 0.061, 0.0, 1.0, 0.0, 0.0, 0.0, 0.0, 0.0, 1.0, 0.0, 0.0, 0.0, 10.0, 3.0, 1
909, 1.0, 0.011, 0.061, 0.0, 1.0, 0.0, 0.0, 0.0, 0.0, 0.0, 1.0, 0.0, 0.0, 0.0, 10.0, 3.0, 1
909, 1.0, 0.011, 0.061, 0.0, 1.0, 0.0, 0.0, 0.0, 0.0, 0.0, 1.0, 0.0, 0.0, 0.0, 10.0, 3.0, 1
909, 1.0, 0.011, -0.168, 0.0, 1.0, 0.0, 0.0, 1.0, 0.0, 0.0, 0.0, 0.0, 0.0, 0.0, 10.0, 22.0, 1
909, 1.0, 0.011, 0.061, 0.0, 1.0, 0.0, 0.0, 0.0, 0.0, 0.0, 1.0, 0.0, 0.0, 0.0, 10.0, 3.0, 1
909, 1.0, 0.011, 0.061, 0.0, 1.0, 0.0, 0.0, 0.0, 0.0, 0.0, 1.0, 0.0, 0.0, 0.0, 10.0, 3.0, 1
909, 2.0, 0.812, -0.388, 0.0, 0.0, 0.0, 1.0, 0.0, 0.0, 0.0, 0.0, 0.0, 0.0, 1.0, 38.0, 40.0, 1
909, 1.0, -0.118, 0.812, 0.0, 1.0, 0.0, 0.0, 0.0, 0.0, 0.0, 0.0, 0.0, 1.0, 0.0, 22.0, 38.0, 1
909, 2.0, 0.812, -0.388, 0.0, 0.0, 0.0, 1.0, 0.0, 0.0, 0.0, 0.0, 0.0, 0.0, 1.0, 38.0, 40.0, 1
285, 7.0, -0.128, 0.0020, 0.0, 1.0, 0.0, 0.0, 1.0, 0.0, 0.0, 0.0, 0.0, 0.0, 0.0, 22.0, 29.0, 1
285, 7.0, -0.128, 0.0020, 0.0, 1.0, 0.0, 0.0, 1.0, 0.0, 0.0, 0.0, 0.0, 0.0, 0.0, 22.0, 29.0, 1
285, 1.0, -0.128, 0.132, 0.0, 1.0, 0.0, 0.0, 0.0, 0.0, 0.0, 1.0, 0.0, 0.0, 0.0, 22.0, 3.0, 1
285, 1.0, -0.128, 0.132, 0.0, 1.0, 0.0, 0.0, 0.0, 0.0, 0.0, 1.0, 0.0, 0.0, 0.0, 22.0, 3.0, 1
285, 1.0, -0.128, 0.132, 0.0, 1.0, 0.0, 0.0, 0.0, 0.0, 0.0, 1.0, 0.0, 0.0, 0.0, 22.0, 3.0, 1
285, 1.0, -0.128, 0.132, 0.0, 1.0, 0.0, 0.0, 0.0, 0.0, 0.0, 1.0, 0.0, 0.0, 0.0, 22.0, 3.0, 1
285, 7.0, -0.128, 0.0020, 0.0, 1.0, 0.0, 0.0, 1.0, 0.0, 0.0, 0.0, 0.0, 0.0, 0.0, 22.0, 29.0, 1
285, 7.0, -0.128, 0.202, 0.0, 1.0, 0.0, 0.0, 1.0, 0.0, 0.0, 0.0, 0.0, 0.0, 0.0, 22.0, 22.0, 1
285, 7.0, -0.128, 0.202, 0.0, 1.0, 0.0, 0.0, 1.0, 0.0, 0.0, 0.0, 0.0, 0.0, 0.0, 22.0, 22.0, 1
285, 7.0, -0.128, 0.0020, 0.0, 1.0, 0.0, 0.0, 1.0, 0.0, 0.0, 0.0, 0.0, 0.0, 0.0, 22.0, 29.0, 1
285, 1.0, -0.128, 0.132, 0.0, 1.0, 0.0, 0.0, 0.0, 0.0, 0.0, 1.0, 0.0, 0.0, 0.0, 22.0, 3.0, 1
285, 1.0, -0.128, 0.132, 0.0, 1.0, 0.0, 0.0, 0.0, 0.0, 0.0, 1.0, 0.0, 0.0, 0.0, 22.0, 3.0, 1
285, 1.0, -0.128, 0.132, 0.0, 1.0, 0.0, 0.0, 0.0, 0.0, 0.0, 1.0, 0.0, 0.0, 0.0, 22.0, 3.0, 1
285, 1.0, -0.128, 0.801, 0.0, 1.0, 0.0, 0.0, 0.0, 0.0, 0.0, 0.0, 0.0, 1.0, 0.0, 22.0, 38.0, 1
285, 2.0, 0.801, -0.398, 0.0, 0.0, 0.0, 1.0, 0.0, 0.0, 0.0, 0.0, 0.0, 0.0, 1.0, 38.0, 40.0, 1
285, 2.0, 0.801, -0.398, 0.0, 0.0, 0.0, 1.0, 0.0, 0.0, 0.0, 0.0, 0.0, 0.0, 1.0, 38.0, 40.0, 1
285, 1.0, 0.202, -0.779, 0.0, 1.0, 0.0, 0.0, 0.0, 0.0, 0.0, 0.0, 0.0, 1.0, 0.0, 22.0, 32.0, 1
285, 1.0, -0.128, 0.132, 0.0, 1.0, 0.0, 0.0, 0.0, 0.0, 0.0, 1.0, 0.0, 0.0, 0.0, 22.0, 3.0, 1
285, 1.0, 0.332, -0.779, 0.0, 0.0, 1.0, 0.0, 0.0, 0.0, 0.0, 0.0, 0.0, 1.0, 0.0, 1.0, 32.0, 1
285, 1.0, 0.332, -0.779, 0.0, 0.0, 1.0, 0.0, 0.0, 0.0, 0.0, 0.0, 0.0, 1.0, 0.0, 1.0, 32.0, 1
74, 7.0, -0.119, 0.011, 0.0, 1.0, 0.0, 0.0, 1.0, 0.0, 0.0, 0.0, 0.0, 0.0, 0.0, 22.0, 29.0, 1
74, 7.0, -0.119, 0.011, 0.0, 1.0, 0.0, 0.0, 1.0, 0.0, 0.0, 0.0, 0.0, 0.0, 0.0, 22.0, 29.0, 1
74, 7.0, -0.119, 0.261, 0.0, 1.0, 0.0, 0.0, 1.0, 0.0, 0.0, 0.0, 0.0, 0.0, 0.0, 22.0, 22.0, 1
74, 7.0, -0.119, 0.261, 0.0, 1.0, 0.0, 0.0, 1.0, 0.0, 0.0, 0.0, 0.0, 0.0, 0.0, 22.0, 22.0, 1
74, 7.0, -0.119, 0.011, 0.0, 1.0, 0.0, 0.0, 1.0, 0.0, 0.0, 0.0, 0.0, 0.0, 0.0, 22.0, 29.0, 1
74, 7.0, -0.119, 0.011, 0.0, 1.0, 0.0, 0.0, 1.0, 0.0, 0.0, 0.0, 0.0, 0.0, 0.0, 22.0, 29.0, 1
74, 1.0, 0.011, -0.119, 0.0, 1.0, 0.0, 0.0, 1.0, 0.0, 0.0, 0.0, 0.0, 0.0, 0.0, 10.0, 22.0, 1
74, 1.0, 0.011, -0.119, 0.0, 1.0, 0.0, 0.0, 1.0, 0.0, 0.0, 0.0, 0.0, 0.0, 0.0, 10.0, 22.0, 1
74, 1.0, 0.261, -0.638, 0.0, 1.0, 0.0, 0.0, 0.0, 0.0, 0.0, 0.0, 0.0, 0.0, 1.0, 22.0, 45.0, 1
74, 1.0, -0.119, 0.812, 0.0, 1.0, 0.0, 0.0, 0.0, 0.0, 0.0, 0.0, 0.0, 1.0, 0.0, 22.0, 38.0, 1
74, 2.0, 0.812, -0.388, 0.0, 0.0, 0.0, 1.0, 0.0, 0.0, 0.0, 0.0, 0.0, 0.0, 1.0, 38.0, 40.0, 1
74, 2.0, 0.812, -0.389, 0.0, 0.0, 0.0, 1.0, 0.0, 0.0, 0.0, 0.0, 0.0, 0.0, 1.0, 38.0, 40.0, 1
74, 1.0, -0.119, 0.141, 0.0, 1.0, 0.0, 0.0, 0.0, 0.0, 0.0, 1.0, 0.0, 0.0, 0.0, 22.0, 3.0, 1
74, 1.0, -0.119, 0.141, 0.0, 1.0, 0.0, 0.0, 0.0, 0.0, 0.0, 1.0, 0.0, 0.0, 0.0, 22.0, 3.0, 1
74, 1.0, -0.119, 0.141, 0.0, 1.0, 0.0, 0.0, 0.0, 0.0, 0.0, 1.0, 0.0, 0.0, 0.0, 22.0, 3.0, 1
74, 1.0, -0.119, 0.141, 0.0, 1.0, 0.0, 0.0, 0.0, 0.0, 0.0, 1.0, 0.0, 0.0, 0.0, 22.0, 3.0, 1
74, 1.0, -0.119, 0.141, 0.0, 1.0, 0.0, 0.0, 0.0, 0.0, 0.0, 1.0, 0.0, 0.0, 0.0, 22.0, 3.0, 1
74, 1.0, -0.119, 0.141, 0.0, 1.0, 0.0, 0.0, 0.0, 0.0, 0.0, 1.0, 0.0, 0.0, 0.0, 22.0, 3.0, 1
74, 1.0, 0.011, 0.061, 0.0, 1.0, 0.0, 0.0, 0.0, 0.0, 0.0, 1.0, 0.0, 0.0, 0.0, 10.0, 3.0, 1
74, 1.0, 0.412, -0.638, 0.0, 0.0, 1.0, 0.0, 0.0, 0.0, 0.0, 0.0, 0.0, 0.0, 1.0, 8.0, 45.0, 1
74, 1.0, 0.011, 0.061, 0.0, 1.0, 0.0, 0.0, 0.0, 0.0, 0.0, 1.0, 0.0, 0.0, 0.0, 10.0, 3.0, 1
1463, 1.0, 0.017, 0.206, 0.0, 1.0, 0.0, 0.0, 1.0, 0.0, 0.0, 0.0, 0.0, 0.0, 0.0, 10.0, 10.0, 1
1463, 1.0, 0.017, -0.114, 0.0, 1.0, 0.0, 0.0, 1.0, 0.0, 0.0, 0.0, 0.0, 0.0, 0.0, 10.0, 22.0, 1
1463, 7.0, -0.114, 0.017, 0.0, 1.0, 0.0, 0.0, 1.0, 0.0, 0.0, 0.0, 0.0, 0.0, 0.0, 22.0, 22.0, 1
1463, 1.0, -0.083, 0.017, 0.0, 1.0, 0.0, 0.0, 1.0, 0.0, 0.0, 0.0, 0.0, 0.0, 0.0, 10.0, 22.0, 1
1463, 1.0, -0.083, 0.206, 0.0, 1.0, 0.0, 0.0, 1.0, 0.0, 0.0, 0.0, 0.0, 0.0, 0.0, 10.0, 10.0, 1
1463, 7.0, -0.114, -0.113, 0.0, 1.0, 0.0, 0.0, 1.0, 0.0, 0.0, 0.0, 0.0, 0.0, 0.0, 22.0, 22.0, 1
1463, 7.0, -0.113, 0.017, 0.0, 1.0, 0.0, 0.0, 1.0, 0.0, 0.0, 0.0, 0.0, 0.0, 0.0, 22.0, 27.0, 1
1463, 7.0, -0.083, 0.017, 0.0, 1.0, 0.0, 0.0, 1.0, 0.0, 0.0, 0.0, 0.0, 0.0, 0.0, 27.0, 27.0, 1
1463, 7.0, -0.083, 0.017, 0.0, 1.0, 0.0, 0.0, 1.0, 0.0, 0.0, 0.0, 0.0, 0.0, 0.0, 27.0, 27.0, 1
1463, 7.0, 0.017, 0.017, 0.0, 1.0, 0.0, 0.0, 1.0, 0.0, 0.0, 0.0, 0.0, 0.0, 0.0, 22.0, 27.0, 1
1463, 7.0, -0.113, 0.017, 0.0, 1.0, 0.0, 0.0, 1.0, 0.0, 0.0, 0.0, 0.0, 0.0, 0.0, 22.0, 27.0, 1
1463, 7.0, -0.113, 0.017, 0.0, 1.0, 0.0, 0.0, 1.0, 0.0, 0.0, 0.0, 0.0, 0.0, 0.0, 22.0, 27.0, 1
1463, 7.0, -0.083, 0.017, 0.0, 1.0, 0.0, 0.0, 1.0, 0.0, 0.0, 0.0, 0.0, 0.0, 0.0, 27.0, 27.0, 1
1463, 7.0, -0.083, 0.017, 0.0, 1.0, 0.0, 0.0, 1.0, 0.0, 0.0, 0.0, 0.0, 0.0, 0.0, 27.0, 27.0, 1
1463, 7.0, -0.113, 0.017, 0.0, 1.0, 0.0, 0.0, 1.0, 0.0, 0.0, 0.0, 0.0, 0.0, 0.0, 22.0, 27.0, 1
1463, 7.0, -0.114, -0.113, 0.0, 1.0, 0.0, 0.0, 1.0, 0.0, 0.0, 0.0, 0.0, 0.0, 0.0, 22.0, 22.0, 1
1463, 7.0, -0.114, 0.017, 0.0, 1.0, 0.0, 0.0, 1.0, 0.0, 0.0, 0.0, 0.0, 0.0, 0.0, 22.0, 27.0, 1
1463, 7.0, -0.114, 0.017, 0.0, 1.0, 0.0, 0.0, 1.0, 0.0, 0.0, 0.0, 0.0, 0.0, 0.0, 22.0, 27.0, 1
1463, 7.0, -0.113, 0.017, 0.0, 1.0, 0.0, 0.0, 1.0, 0.0, 0.0, 0.0, 0.0, 0.0, 0.0, 22.0, 27.0, 1
1463, 7.0, -0.114, -0.113, 0.0, 1.0, 0.0, 0.0, 1.0, 0.0, 0.0, 0.0, 0.0, 0.0, 0.0, 22.0, 22.0, 1
1463, 2.0, 0.816, -0.385, 0.0, 0.0, 0.0, 1.0, 0.0, 0.0, 0.0, 0.0, 0.0, 0.0, 1.0, 38.0, 40.0, 1
1463, 1.0, -0.114, 0.816, 0.0, 1.0, 0.0, 0.0, 0.0, 0.0, 0.0, 0.0, 0.0, 1.0, 0.0, 22.0, 38.0, 1
1463, 1.0, -0.083, 0.067, 0.0, 1.0, 0.0, 0.0, 0.0, 0.0, 0.0, 1.0, 0.0, 0.0, 0.0, 10.0, 3.0, 1
1463, 2.0, 0.816, -0.385, 0.0, 0.0, 0.0, 1.0, 0.0, 0.0, 0.0, 0.0, 0.0, 0.0, 1.0, 38.0, 40.0, 1
1463, 1.0, -0.083, 0.067, 0.0, 1.0, 0.0, 0.0, 0.0, 0.0, 0.0, 1.0, 0.0, 0.0, 0.0, 10.0, 3.0, 1
1463, 1.0, -0.083, 0.067, 0.0, 1.0, 0.0, 0.0, 0.0, 0.0, 0.0, 1.0, 0.0, 0.0, 0.0, 10.0, 3.0, 1
1463, 1.0, -0.113, 0.146, 0.0, 1.0, 0.0, 0.0, 0.0, 0.0, 0.0, 1.0, 0.0, 0.0, 0.0, 22.0, 3.0, 1
1463, 1.0, -0.083, 0.067, 0.0, 1.0, 0.0, 0.0, 0.0, 0.0, 0.0, 1.0, 0.0, 0.0, 0.0, 10.0, 3.0, 1
1463, 1.0, -0.113, 0.146, 0.0, 1.0, 0.0, 0.0, 0.0, 0.0, 0.0, 1.0, 0.0, 0.0, 0.0, 22.0, 3.0, 1
1463, 1.0, -0.113, 0.146, 0.0, 1.0, 0.0, 0.0, 0.0, 0.0, 0.0, 1.0, 0.0, 0.0, 0.0, 22.0, 3.0, 1
1463, 1.0, -0.114, 0.146, 0.0, 1.0, 0.0, 0.0, 0.0, 0.0, 0.0, 1.0, 0.0, 0.0, 0.0, 22.0, 3.0, 1
1463, 1.0, -0.113, 0.146, 0.0, 1.0, 0.0, 0.0, 0.0, 0.0, 0.0, 1.0, 0.0, 0.0, 0.0, 22.0, 3.0, 1
1463, 4.0, 0.206, -0.634, 0.0, 1.0, 0.0, 0.0, 0.0, 0.0, 0.0, 0.0, 0.0, 0.0, 1.0, 10.0, 45.0, 1
1463, 1.0, 0.206, 0.077, 0.0, 1.0, 0.0, 0.0, 0.0, 0.0, 0.0, 1.0, 0.0, 0.0, 0.0, 10.0, 3.0, 1
1463, 1.0, -0.113, 0.146, 0.0, 1.0, 0.0, 0.0, 0.0, 0.0, 0.0, 1.0, 0.0, 0.0, 0.0, 22.0, 3.0, 1
1463, 1.0, -0.113, 0.146, 0.0, 1.0, 0.0, 0.0, 0.0, 0.0, 0.0, 1.0, 0.0, 0.0, 0.0, 22.0, 3.0, 1
1463, 1.0, 0.416, -0.634, 0.0, 0.0, 1.0, 0.0, 0.0, 0.0, 0.0, 0.0, 0.0, 0.0, 1.0, 8.0, 45.0, 1
1463, 1.0, 0.416, -0.634, 0.0, 0.0, 1.0, 0.0, 0.0, 0.0, 0.0, 0.0, 0.0, 0.0, 1.0, 8.0, 45.0, 1
1463, 5.0, 0.017, -0.634, 0.0, 1.0, 0.0, 0.0, 0.0, 0.0, 0.0, 0.0, 0.0, 0.0, 1.0, 10.0, 45.0, 1
1463, 1.0, 0.017, 0.067, 0.0, 1.0, 0.0, 0.0, 0.0, 0.0, 0.0, 1.0, 0.0, 0.0, 0.0, 10.0, 3.0, 1
3209, 7.0, -0.118, 0.012, 0.0, 1.0, 0.0, 0.0, 1.0, 0.0, 0.0, 0.0, 0.0, 0.0, 0.0, 22.0, 27.0, 1
3209, 7.0, -0.118, 0.012, 0.0, 1.0, 0.0, 0.0, 1.0, 0.0, 0.0, 0.0, 0.0, 0.0, 0.0, 22.0, 27.0, 1
3209, 1.0, -0.118, 0.142, 0.0, 1.0, 0.0, 0.0, 0.0, 0.0, 0.0, 1.0, 0.0, 0.0, 0.0, 22.0, 3.0, 1
3209, 1.0, -0.118, 0.142, 0.0, 1.0, 0.0, 0.0, 0.0, 0.0, 0.0, 1.0, 0.0, 0.0, 0.0, 22.0, 3.0, 1
3209, 1.0, -0.118, 0.142, 0.0, 1.0, 0.0, 0.0, 0.0, 0.0, 0.0, 1.0, 0.0, 0.0, 0.0, 22.0, 3.0, 1
3209, 7.0, -0.118, 0.012, 0.0, 1.0, 0.0, 0.0, 1.0, 0.0, 0.0, 0.0, 0.0, 0.0, 0.0, 22.0, 27.0, 1
3209, 7.0, -0.118, 0.012, 0.0, 1.0, 0.0, 0.0, 1.0, 0.0, 0.0, 0.0, 0.0, 0.0, 0.0, 22.0, 27.0, 1
3209, 1.0, -0.118, 0.142, 0.0, 1.0, 0.0, 0.0, 0.0, 0.0, 0.0, 1.0, 0.0, 0.0, 0.0, 22.0, 3.0, 1
3209, 1.0, -0.118, 0.142, 0.0, 1.0, 0.0, 0.0, 0.0, 0.0, 0.0, 1.0, 0.0, 0.0, 0.0, 22.0, 3.0, 1
3209, 1.0, -0.118, 0.142, 0.0, 1.0, 0.0, 0.0, 0.0, 0.0, 0.0, 1.0, 0.0, 0.0, 0.0, 22.0, 3.0, 1
3209, 1.0, -0.118, 0.811, 0.0, 1.0, 0.0, 0.0, 0.0, 0.0, 0.0, 0.0, 0.0, 1.0, 0.0, 22.0, 38.0, 1
3209, 1.0, -0.118, 0.811, 0.0, 1.0, 0.0, 0.0, 0.0, 0.0, 0.0, 0.0, 0.0, 1.0, 0.0, 22.0, 38.0, 1
3209, 2.0, 0.811, -0.389, 0.0, 0.0, 0.0, 1.0, 0.0, 0.0, 0.0, 0.0, 0.0, 0.0, 1.0, 38.0, 40.0, 1
3209, 2.0, 0.811, -0.389, 0.0, 0.0, 0.0, 1.0, 0.0, 0.0, 0.0, 0.0, 0.0, 0.0, 1.0, 38.0, 40.0, 1
3209, 2.0, 0.811, -0.388, 0.0, 0.0, 0.0, 1.0, 0.0, 0.0, 0.0, 0.0, 0.0, 0.0, 1.0, 38.0, 40.0, 1
3209, 2.0, 0.811, -0.388, 0.0, 0.0, 0.0, 1.0, 0.0, 0.0, 0.0, 0.0, 0.0, 0.0, 1.0, 38.0, 40.0, 1
73, 7.0, -0.113, 0.017, 0.0, 1.0, 0.0, 0.0, 1.0, 0.0, 0.0, 0.0, 0.0, 0.0, 0.0, 22.0, 29.0, 1
73, 7.0, -0.113, 0.017, 0.0, 1.0, 0.0, 0.0, 1.0, 0.0, 0.0, 0.0, 0.0, 0.0, 0.0, 22.0, 29.0, 1
73, 1.0, -0.113, 0.147, 0.0, 1.0, 0.0, 0.0, 0.0, 0.0, 0.0, 1.0, 0.0, 0.0, 0.0, 22.0, 3.0, 1
73, 1.0, -0.113, 0.147, 0.0, 1.0, 0.0, 0.0, 0.0, 0.0, 0.0, 1.0, 0.0, 0.0, 0.0, 22.0, 3.0, 1
73, 1.0, -0.113, 0.147, 0.0, 1.0, 0.0, 0.0, 0.0, 0.0, 0.0, 1.0, 0.0, 0.0, 0.0, 22.0, 3.0, 1
73, 7.0, -0.113, 0.017, 0.0, 1.0, 0.0, 0.0, 1.0, 0.0, 0.0, 0.0, 0.0, 0.0, 0.0, 22.0, 29.0, 1
73, 7.0, -0.113, 0.017, 0.0, 1.0, 0.0, 0.0, 1.0, 0.0, 0.0, 0.0, 0.0, 0.0, 0.0, 22.0, 29.0, 1
73, 1.0, -0.113, 0.147, 0.0, 1.0, 0.0, 0.0, 0.0, 0.0, 0.0, 1.0, 0.0, 0.0, 0.0, 22.0, 3.0, 1
73, 1.0, -0.113, 0.147, 0.0, 1.0, 0.0, 0.0, 0.0, 0.0, 0.0, 1.0, 0.0, 0.0, 0.0, 22.0, 3.0, 1
73, 1.0, -0.113, 0.147, 0.0, 1.0, 0.0, 0.0, 0.0, 0.0, 0.0, 1.0, 0.0, 0.0, 0.0, 22.0, 3.0, 1
73, 1.0, -0.113, 0.818, 0.0, 1.0, 0.0, 0.0, 0.0, 0.0, 0.0, 0.0, 0.0, 1.0, 0.0, 22.0, 38.0, 1
73, 1.0, -0.113, 0.818, 0.0, 1.0, 0.0, 0.0, 0.0, 0.0, 0.0, 0.0, 0.0, 1.0, 0.0, 22.0, 38.0, 1
73, 1.0, -0.113, 0.818, 0.0, 1.0, 0.0, 0.0, 0.0, 0.0, 0.0, 0.0, 0.0, 1.0, 0.0, 22.0, 38.0, 1
73, 1.0, -0.113, 0.818, 0.0, 1.0, 0.0, 0.0, 0.0, 0.0, 0.0, 0.0, 0.0, 1.0, 0.0, 22.0, 38.0, 1
73, 2.0, 0.818, -0.382, 0.0, 0.0, 0.0, 1.0, 0.0, 0.0, 0.0, 0.0, 0.0, 0.0, 1.0, 38.0, 40.0, 1
73, 2.0, 0.818, -0.382, 0.0, 0.0, 0.0, 1.0, 0.0, 0.0, 0.0, 0.0, 0.0, 0.0, 1.0, 38.0, 40.0, 1
73, 2.0, 0.818, -0.383, 0.0, 0.0, 0.0, 1.0, 0.0, 0.0, 0.0, 0.0, 0.0, 0.0, 1.0, 38.0, 40.0, 1
73, 2.0, 0.818, -0.382, 0.0, 0.0, 0.0, 1.0, 0.0, 0.0, 0.0, 0.0, 0.0, 0.0, 1.0, 38.0, 40.0, 1
73, 2.0, 0.818, -0.382, 0.0, 0.0, 0.0, 1.0, 0.0, 0.0, 0.0, 0.0, 0.0, 0.0, 1.0, 38.0, 40.0, 1
73, 2.0, 0.818, -0.383, 0.0, 0.0, 0.0, 1.0, 0.0, 0.0, 0.0, 0.0, 0.0, 0.0, 1.0, 38.0, 40.0, 1
73, 2.0, 0.818, -0.382, 0.0, 0.0, 0.0, 1.0, 0.0, 0.0, 0.0, 0.0, 0.0, 0.0, 1.0, 38.0, 40.0, 1
73, 2.0, 0.818, -0.382, 0.0, 0.0, 0.0, 1.0, 0.0, 0.0, 0.0, 0.0, 0.0, 0.0, 1.0, 38.0, 40.0, 1
11, 7.0, -0.121, 0.0090, 0.0, 1.0, 0.0, 0.0, 1.0, 0.0, 0.0, 0.0, 0.0, 0.0, 0.0, 22.0, 27.0, 1
11, 7.0, -0.091, 0.0090, 0.0, 1.0, 0.0, 0.0, 1.0, 0.0, 0.0, 0.0, 0.0, 0.0, 0.0, 27.0, 27.0, 1
11, 7.0, -0.091, 0.0090, 0.0, 1.0, 0.0, 0.0, 1.0, 0.0, 0.0, 0.0, 0.0, 0.0, 0.0, 27.0, 27.0, 1
11, 7.0, -0.122, 0.0090, 0.0, 1.0, 0.0, 0.0, 1.0, 0.0, 0.0, 0.0, 0.0, 0.0, 0.0, 22.0, 27.0, 1
11, 7.0, -0.122, -0.121, 0.0, 1.0, 0.0, 0.0, 1.0, 0.0, 0.0, 0.0, 0.0, 0.0, 0.0, 22.0, 22.0, 1
11, 7.0, -0.121, 0.0090, 0.0, 1.0, 0.0, 0.0, 1.0, 0.0, 0.0, 0.0, 0.0, 0.0, 0.0, 22.0, 27.0, 1
11, 7.0, -0.121, 0.0090, 0.0, 1.0, 0.0, 0.0, 1.0, 0.0, 0.0, 0.0, 0.0, 0.0, 0.0, 22.0, 27.0, 1
11, 7.0, -0.091, 0.0090, 0.0, 1.0, 0.0, 0.0, 1.0, 0.0, 0.0, 0.0, 0.0, 0.0, 0.0, 27.0, 27.0, 1
11, 7.0, -0.091, 0.0090, 0.0, 1.0, 0.0, 0.0, 1.0, 0.0, 0.0, 0.0, 0.0, 0.0, 0.0, 27.0, 27.0, 1
11, 7.0, 0.0090, 0.0090, 0.0, 1.0, 0.0, 0.0, 1.0, 0.0, 0.0, 0.0, 0.0, 0.0, 0.0, 22.0, 27.0, 1
11, 7.0, 0.0090, 0.0090, 0.0, 1.0, 0.0, 0.0, 1.0, 0.0, 0.0, 0.0, 0.0, 0.0, 0.0, 22.0, 27.0, 1
11, 7.0, -0.121, 0.0090, 0.0, 1.0, 0.0, 0.0, 1.0, 0.0, 0.0, 0.0, 0.0, 0.0, 0.0, 22.0, 27.0, 1
11, 7.0, -0.122, -0.121, 0.0, 1.0, 0.0, 0.0, 1.0, 0.0, 0.0, 0.0, 0.0, 0.0, 0.0, 22.0, 22.0, 1
11, 7.0, -0.122, 0.0090, 0.0, 1.0, 0.0, 0.0, 1.0, 0.0, 0.0, 0.0, 0.0, 0.0, 0.0, 22.0, 27.0, 1
11, 1.0, -0.091, 0.0090, 0.0, 1.0, 0.0, 0.0, 1.0, 0.0, 0.0, 0.0, 0.0, 0.0, 0.0, 10.0, 22.0, 1
11, 1.0, -0.091, 0.0090, 0.0, 1.0, 0.0, 0.0, 1.0, 0.0, 0.0, 0.0, 0.0, 0.0, 0.0, 10.0, 22.0, 1
11, 2.0, 0.808, -0.392, 0.0, 0.0, 0.0, 1.0, 0.0, 0.0, 0.0, 0.0, 0.0, 0.0, 1.0, 38.0, 40.0, 1
11, 1.0, -0.121, 0.808, 0.0, 1.0, 0.0, 0.0, 0.0, 0.0, 0.0, 0.0, 0.0, 1.0, 0.0, 22.0, 38.0, 1
11, 1.0, -0.121, 0.138, 0.0, 1.0, 0.0, 0.0, 0.0, 0.0, 0.0, 1.0, 0.0, 0.0, 0.0, 22.0, 3.0, 1
11, 2.0, 0.808, -0.392, 0.0, 0.0, 0.0, 1.0, 0.0, 0.0, 0.0, 0.0, 0.0, 0.0, 1.0, 38.0, 40.0, 1
11, 1.0, -0.122, 0.138, 0.0, 1.0, 0.0, 0.0, 0.0, 0.0, 0.0, 1.0, 0.0, 0.0, 0.0, 22.0, 3.0, 1
11, 1.0, -0.121, 0.138, 0.0, 1.0, 0.0, 0.0, 0.0, 0.0, 0.0, 1.0, 0.0, 0.0, 0.0, 22.0, 3.0, 1
11, 1.0, -0.121, 0.138, 0.0, 1.0, 0.0, 0.0, 0.0, 0.0, 0.0, 1.0, 0.0, 0.0, 0.0, 22.0, 3.0, 1
11, 1.0, -0.121, 0.138, 0.0, 1.0, 0.0, 0.0, 0.0, 0.0, 0.0, 1.0, 0.0, 0.0, 0.0, 22.0, 3.0, 1
11, 1.0, -0.122, 0.138, 0.0, 1.0, 0.0, 0.0, 0.0, 0.0, 0.0, 1.0, 0.0, 0.0, 0.0, 22.0, 3.0, 1
11, 1.0, -0.121, 0.138, 0.0, 1.0, 0.0, 0.0, 0.0, 0.0, 0.0, 1.0, 0.0, 0.0, 0.0, 22.0, 3.0, 1
11, 1.0, -0.091, 0.059, 0.0, 1.0, 0.0, 0.0, 0.0, 0.0, 0.0, 1.0, 0.0, 0.0, 0.0, 10.0, 3.0, 1
11, 1.0, -0.091, 0.059, 0.0, 1.0, 0.0, 0.0, 0.0, 0.0, 0.0, 1.0, 0.0, 0.0, 0.0, 10.0, 3.0, 1
11, 1.0, -0.091, 0.059, 0.0, 1.0, 0.0, 0.0, 0.0, 0.0, 0.0, 1.0, 0.0, 0.0, 0.0, 10.0, 3.0, 1
11, 1.0, -0.091, 0.059, 0.0, 1.0, 0.0, 0.0, 0.0, 0.0, 0.0, 1.0, 0.0, 0.0, 0.0, 10.0, 3.0, 1
11, 1.0, -0.091, 0.059, 0.0, 1.0, 0.0, 0.0, 0.0, 0.0, 0.0, 1.0, 0.0, 0.0, 0.0, 10.0, 3.0, 1
11, 1.0, -0.091, 0.059, 0.0, 1.0, 0.0, 0.0, 0.0, 0.0, 0.0, 1.0, 0.0, 0.0, 0.0, 10.0, 3.0, 1
11, 1.0, -0.091, 0.059, 0.0, 1.0, 0.0, 0.0, 0.0, 0.0, 0.0, 1.0, 0.0, 0.0, 0.0, 10.0, 3.0, 1
11, 1.0, -0.091, 0.059, 0.0, 1.0, 0.0, 0.0, 0.0, 0.0, 0.0, 1.0, 0.0, 0.0, 0.0, 10.0, 3.0, 1
3466, 7.0, -0.122, 0.108, 0.0, 1.0, 0.0, 0.0, 1.0, 0.0, 0.0, 0.0, 0.0, 0.0, 0.0, 22.0, 22.0, 1
3466, 7.0, -0.122, 0.108, 0.0, 1.0, 0.0, 0.0, 1.0, 0.0, 0.0, 0.0, 0.0, 0.0, 0.0, 22.0, 22.0, 1
3466, 1.0, -0.122, 0.139, 0.0, 1.0, 0.0, 0.0, 0.0, 0.0, 0.0, 1.0, 0.0, 0.0, 0.0, 22.0, 3.0, 1
3466, 1.0, -0.122, 0.139, 0.0, 1.0, 0.0, 0.0, 0.0, 0.0, 0.0, 1.0, 0.0, 0.0, 0.0, 22.0, 3.0, 1
3466, 1.0, -0.122, 0.139, 0.0, 1.0, 0.0, 0.0, 0.0, 0.0, 0.0, 1.0, 0.0, 0.0, 0.0, 22.0, 3.0, 1
3466, 1.0, 0.108, -0.122, 0.0, 1.0, 0.0, 0.0, 1.0, 0.0, 0.0, 0.0, 0.0, 0.0, 0.0, 10.0, 22.0, 1
3466, 1.0, 0.108, -0.191, 0.0, 1.0, 0.0, 0.0, 1.0, 0.0, 0.0, 0.0, 0.0, 0.0, 0.0, 10.0, 16.0, 1
3466, 1.0, 0.108, 0.058, 0.0, 1.0, 0.0, 0.0, 0.0, 0.0, 0.0, 1.0, 0.0, 0.0, 0.0, 10.0, 3.0, 1
3466, 1.0, 0.108, 0.058, 0.0, 1.0, 0.0, 0.0, 0.0, 0.0, 0.0, 1.0, 0.0, 0.0, 0.0, 10.0, 3.0, 1
3466, 1.0, -0.191, 0.108, 0.0, 1.0, 0.0, 0.0, 1.0, 0.0, 0.0, 0.0, 0.0, 0.0, 0.0, 16.0, 22.0, 1
3466, 1.0, -0.191, 0.108, 0.0, 1.0, 0.0, 0.0, 0.0, 0.0, 0.0, 1.0, 0.0, 0.0, 0.0, 16.0, 3.0, 1
3466, 1.0, -0.191, 0.108, 0.0, 1.0, 0.0, 0.0, 0.0, 0.0, 0.0, 1.0, 0.0, 0.0, 0.0, 16.0, 3.0, 1
3466, 1.0, -0.122, 0.809, 0.0, 1.0, 0.0, 0.0, 0.0, 0.0, 0.0, 0.0, 0.0, 1.0, 0.0, 22.0, 38.0, 1
3466, 2.0, 0.809, -0.391, 0.0, 0.0, 0.0, 1.0, 0.0, 0.0, 0.0, 0.0, 0.0, 0.0, 1.0, 38.0, 40.0, 1
3466, 2.0, 0.809, -0.391, 0.0, 0.0, 0.0, 1.0, 0.0, 0.0, 0.0, 0.0, 0.0, 0.0, 1.0, 38.0, 40.0, 1
1659, 7.0, -0.122, 0.0080, 0.0, 1.0, 0.0, 0.0, 1.0, 0.0, 0.0, 0.0, 0.0, 0.0, 0.0, 22.0, 27.0, 1
1659, 7.0, -0.092, 0.0080, 0.0, 1.0, 0.0, 0.0, 1.0, 0.0, 0.0, 0.0, 0.0, 0.0, 0.0, 27.0, 27.0, 1
1659, 7.0, -0.092, 0.0080, 0.0, 1.0, 0.0, 0.0, 1.0, 0.0, 0.0, 0.0, 0.0, 0.0, 0.0, 27.0, 28.0, 1
1659, 7.0, -0.122, 0.0080, 0.0, 1.0, 0.0, 0.0, 1.0, 0.0, 0.0, 0.0, 0.0, 0.0, 0.0, 22.0, 28.0, 1
1659, 1.0, -0.122, 0.139, 0.0, 1.0, 0.0, 0.0, 0.0, 0.0, 0.0, 1.0, 0.0, 0.0, 0.0, 22.0, 3.0, 1
1659, 1.0, -0.122, 0.139, 0.0, 1.0, 0.0, 0.0, 0.0, 0.0, 0.0, 1.0, 0.0, 0.0, 0.0, 22.0, 3.0, 1
1659, 7.0, -0.122, 0.0080, 0.0, 1.0, 0.0, 0.0, 1.0, 0.0, 0.0, 0.0, 0.0, 0.0, 0.0, 22.0, 27.0, 1
1659, 7.0, -0.122, 0.0080, 0.0, 1.0, 0.0, 0.0, 1.0, 0.0, 0.0, 0.0, 0.0, 0.0, 0.0, 22.0, 29.0, 1
1659, 7.0, -0.092, 0.0080, 0.0, 1.0, 0.0, 0.0, 1.0, 0.0, 0.0, 0.0, 0.0, 0.0, 0.0, 27.0, 29.0, 1
1659, 1.0, -0.122, 0.138, 0.0, 1.0, 0.0, 0.0, 0.0, 0.0, 0.0, 1.0, 0.0, 0.0, 0.0, 22.0, 3.0, 1
1659, 7.0, -0.122, 0.0080, 0.0, 1.0, 0.0, 0.0, 1.0, 0.0, 0.0, 0.0, 0.0, 0.0, 0.0, 22.0, 28.0, 1
1659, 7.0, -0.122, 0.0080, 0.0, 1.0, 0.0, 0.0, 1.0, 0.0, 0.0, 0.0, 0.0, 0.0, 0.0, 22.0, 28.0, 1
1659, 1.0, -0.122, 0.138, 0.0, 1.0, 0.0, 0.0, 0.0, 0.0, 0.0, 1.0, 0.0, 0.0, 0.0, 22.0, 3.0, 1
1659, 1.0, -0.122, 0.138, 0.0, 1.0, 0.0, 0.0, 0.0, 0.0, 0.0, 1.0, 0.0, 0.0, 0.0, 22.0, 3.0, 1
1659, 1.0, -0.122, 0.138, 0.0, 1.0, 0.0, 0.0, 0.0, 0.0, 0.0, 1.0, 0.0, 0.0, 0.0, 22.0, 3.0, 1
1659, 1.0, -0.122, 0.138, 0.0, 1.0, 0.0, 0.0, 0.0, 0.0, 0.0, 1.0, 0.0, 0.0, 0.0, 22.0, 3.0, 1
1659, 1.0, -0.122, 0.809, 0.0, 1.0, 0.0, 0.0, 0.0, 0.0, 0.0, 0.0, 0.0, 1.0, 0.0, 22.0, 38.0, 1
1659, 1.0, 0.0080, 0.0080, 0.0, 1.0, 0.0, 0.0, 1.0, 0.0, 0.0, 0.0, 0.0, 0.0, 0.0, 28.0, 29.0, 1
1659, 2.0, 0.809, -0.391, 0.0, 0.0, 0.0, 1.0, 0.0, 0.0, 0.0, 0.0, 0.0, 0.0, 1.0, 38.0, 40.0, 1
1659, 2.0, 0.809, -0.391, 0.0, 0.0, 0.0, 1.0, 0.0, 0.0, 0.0, 0.0, 0.0, 0.0, 1.0, 38.0, 40.0, 1
1659, 1.0, -0.122, 0.139, 0.0, 1.0, 0.0, 0.0, 0.0, 0.0, 0.0, 1.0, 0.0, 0.0, 0.0, 22.0, 3.0, 1
1659, 1.0, -0.122, 0.138, 0.0, 1.0, 0.0, 0.0, 0.0, 0.0, 0.0, 1.0, 0.0, 0.0, 0.0, 22.0, 3.0, 1
1131, 7.0, -0.124, 0.0060, 0.0, 1.0, 0.0, 0.0, 1.0, 0.0, 0.0, 0.0, 0.0, 0.0, 0.0, 22.0, 29.0, 1
1131, 7.0, -0.124, 0.0060, 0.0, 1.0, 0.0, 0.0, 1.0, 0.0, 0.0, 0.0, 0.0, 0.0, 0.0, 22.0, 29.0, 1
1131, 1.0, -0.124, 0.136, 0.0, 1.0, 0.0, 0.0, 0.0, 0.0, 0.0, 1.0, 0.0, 0.0, 0.0, 22.0, 3.0, 1
1131, 1.0, -0.124, 0.136, 0.0, 1.0, 0.0, 0.0, 0.0, 0.0, 0.0, 1.0, 0.0, 0.0, 0.0, 22.0, 3.0, 1
1131, 1.0, -0.124, 0.136, 0.0, 1.0, 0.0, 0.0, 0.0, 0.0, 0.0, 1.0, 0.0, 0.0, 0.0, 22.0, 3.0, 1
1131, 7.0, -0.124, 0.206, 0.0, 1.0, 0.0, 0.0, 1.0, 0.0, 0.0, 0.0, 0.0, 0.0, 0.0, 22.0, 22.0, 1
1131, 7.0, -0.124, 0.206, 0.0, 1.0, 0.0, 0.0, 1.0, 0.0, 0.0, 0.0, 0.0, 0.0, 0.0, 22.0, 22.0, 1
1131, 7.0, -0.124, 0.0060, 0.0, 1.0, 0.0, 0.0, 1.0, 0.0, 0.0, 0.0, 0.0, 0.0, 0.0, 22.0, 29.0, 1
1131, 7.0, -0.124, 0.0060, 0.0, 1.0, 0.0, 0.0, 1.0, 0.0, 0.0, 0.0, 0.0, 0.0, 0.0, 22.0, 29.0, 1
1131, 1.0, -0.124, 0.136, 0.0, 1.0, 0.0, 0.0, 0.0, 0.0, 0.0, 1.0, 0.0, 0.0, 0.0, 22.0, 3.0, 1
1131, 1.0, -0.124, 0.136, 0.0, 1.0, 0.0, 0.0, 0.0, 0.0, 0.0, 1.0, 0.0, 0.0, 0.0, 22.0, 3.0, 1
1131, 1.0, -0.124, 0.136, 0.0, 1.0, 0.0, 0.0, 0.0, 0.0, 0.0, 1.0, 0.0, 0.0, 0.0, 22.0, 3.0, 1
1131, 1.0, 0.0060, -0.124, 0.0, 1.0, 0.0, 0.0, 1.0, 0.0, 0.0, 0.0, 0.0, 0.0, 0.0, 10.0, 22.0, 1
1131, 1.0, 0.0060, -0.124, 0.0, 1.0, 0.0, 0.0, 1.0, 0.0, 0.0, 0.0, 0.0, 0.0, 0.0, 10.0, 22.0, 1
1131, 1.0, 0.0060, 0.056, 0.0, 1.0, 0.0, 0.0, 0.0, 0.0, 0.0, 1.0, 0.0, 0.0, 0.0, 10.0, 3.0, 1
1131, 1.0, 0.0060, 0.056, 0.0, 1.0, 0.0, 0.0, 0.0, 0.0, 0.0, 1.0, 0.0, 0.0, 0.0, 10.0, 3.0, 1
1131, 2.0, 0.805, -0.394, 0.0, 0.0, 0.0, 1.0, 0.0, 0.0, 0.0, 0.0, 0.0, 0.0, 1.0, 38.0, 40.0, 1
1131, 1.0, -0.124, 0.805, 0.0, 1.0, 0.0, 0.0, 0.0, 0.0, 0.0, 0.0, 0.0, 1.0, 0.0, 22.0, 38.0, 1
1131, 1.0, 0.206, -0.394, 0.0, 1.0, 0.0, 0.0, 0.0, 0.0, 0.0, 0.0, 0.0, 1.0, 0.0, 22.0, 32.0, 1
1131, 2.0, 0.805, -0.394, 0.0, 0.0, 0.0, 1.0, 0.0, 0.0, 0.0, 0.0, 0.0, 0.0, 1.0, 38.0, 40.0, 1
1131, 1.0, -0.144, 0.605, 0.0, 1.0, 0.0, 0.0, 1.0, 0.0, 0.0, 0.0, 0.0, 0.0, 0.0, 10.0, 14.0, 1
1131, 1.0, 0.605, -0.394, 0.0, 1.0, 0.0, 0.0, 0.0, 0.0, 0.0, 0.0, 0.0, 1.0, 0.0, 14.0, 32.0, 1
1131, 2.0, 0.605, -0.544, 0.0, 1.0, 0.0, 0.0, 0.0, 0.0, 0.0, 0.0, 0.0, 0.0, 1.0, 14.0, 40.0, 1
1131, 1.0, 0.256, -0.394, 0.0, 0.0, 1.0, 0.0, 0.0, 0.0, 0.0, 0.0, 0.0, 1.0, 0.0, 1.0, 32.0, 1
1131, 1.0, -0.144, 0.056, 0.0, 1.0, 0.0, 0.0, 0.0, 0.0, 0.0, 1.0, 0.0, 0.0, 0.0, 10.0, 3.0, 1
1131, 1.0, -0.144, 0.056, 0.0, 1.0, 0.0, 0.0, 0.0, 0.0, 0.0, 1.0, 0.0, 0.0, 0.0, 10.0, 3.0, 1
1131, 1.0, -0.144, 0.056, 0.0, 1.0, 0.0, 0.0, 0.0, 0.0, 0.0, 1.0, 0.0, 0.0, 0.0, 10.0, 3.0, 1
