@relation mutagenesis-bonds
@attribute Bonds-bag-id {3933, 3688, 583, 2127, 1764, 3209, 105, 1463, 4168, 681, 3328, 4008, 841, 1714, 11, 3760, 395, 73, 2464, 3466, 4097, 1156, 1176, 516, 205, 3085, 77, 1951, 1451, 4066, 142, 3389, 2664, 909, 4134, 3080, 1292, 1111, 3749, 3580, 251, 586, 2942, 4060, 2657, 1644, 452, 4145, 941, 1884, 600, 1200, 3365, 1855, 2592, 2622, 316, 104, 74, 3052, 3071, 3478, 1863, 647, 2122, 3919, 2992, 2452, 2789, 3558, 2889, 3293, 2349, 1724, 1065, 2550, 3459, 631, 2041, 2085, 1273, 3307, 3899, 2095, 1834, 950, 2755, 2524, 3256, 3225, 2010, 3498, 2483, 1237, 1838, 3322, 3449, 826, 2933, 1759, 1752, 640, 285, 1580, 2874, 502, 3167, 187, 2497, 1131, 273, 3587, 3238, 1063, 2809, 1019, 334, 2879, 927, 2235, 3260, 3743, 1894, 311, 1613, 2522, 1425, 3120, 2751, 3, 1515, 1428, 1190, 724, 1205, 3008, 1924, 1372, 2880, 3766, 2711, 587, 1743, 2134, 2329, 1312, 828, 1210, 3655, 693, 2117, 1615, 2996, 3990, 3599, 2412, 2642, 4, 308, 3559, 1745, 2028, 2005, 3777, 1270, 561, 1849, 3592, 707, 2043, 171, 3570, 886, 2914, 2573, 1659, 652, 3653, 2030, 902, 3495, 2320, 2376, 3230, 538, 3201, 2219, 3344}
@attribute Bondtype real [1.0, 7.0]
@attribute Charge1 real [-0.533, 1.002]
@attribute Charge2 real [-0.781, 1.002]
@attribute Elementtype1=br real [0.0, 1.0]
@attribute Elementtype1=c real [0.0, 1.0]
@attribute Elementtype1=h real [0.0, 1.0]
@attribute Elementtype1=n real [0.0, 1.0]
@attribute Elementtype2=c real [0.0, 1.0]
@attribute Elementtype2=cl real [0.0, 1.0]
@attribute Elementtype2=f real [0.0, 1.0]
@attribute Elementtype2=h real [0.0, 1.0]
@attribute Elementtype2=i real [0.0, 1.0]
@attribute Elementtype2=n real [0.0, 1.0]
@attribute Elementtype2=o real [0.0, 1.0]
@attribute Quanta1 real [1.0, 232.0]
@attribute Quanta2 real [3.0, 232.0]
@attribute Class {0, 1}
@inputs Bonds-bag-id, Bondtype, Charge1, Charge2, Elementtype1=br, Elementtype1=c, Elementtype1=h, Elementtype1=n, Elementtype2=c, Elementtype2=cl, Elementtype2=f, Elementtype2=h, Elementtype2=i, Elementtype2=n, Elementtype2=o, Quanta1, Quanta2
@outputs Class
@data
1372, 7.0, -0.097, 0.333, 0.0, 1.0, 0.0, 0.0, 1.0, 0.0, 0.0, 0.0, 0.0, 0.0, 0.0, 22.0, 22.0, 0
1372, 7.0, -0.097, 0.333, 0.0, 1.0, 0.0, 0.0, 1.0, 0.0, 0.0, 0.0, 0.0, 0.0, 0.0, 22.0, 22.0, 0
1372, 1.0, -0.097, 0.163, 0.0, 1.0, 0.0, 0.0, 0.0, 0.0, 0.0, 1.0, 0.0, 0.0, 0.0, 22.0, 3.0, 0
1372, 1.0, -0.097, 0.163, 0.0, 1.0, 0.0, 0.0, 0.0, 0.0, 0.0, 1.0, 0.0, 0.0, 0.0, 22.0, 3.0, 0
1372, 1.0, -0.097, 0.163, 0.0, 1.0, 0.0, 0.0, 0.0, 0.0, 0.0, 1.0, 0.0, 0.0, 0.0, 22.0, 3.0, 0
1372, 1.0, -0.097, 0.832, 0.0, 1.0, 0.0, 0.0, 0.0, 0.0, 0.0, 0.0, 0.0, 1.0, 0.0, 22.0, 38.0, 0
1372, 2.0, 0.832, -0.367, 0.0, 0.0, 0.0, 1.0, 0.0, 0.0, 0.0, 0.0, 0.0, 0.0, 1.0, 38.0, 40.0, 0
1372, 2.0, 0.832, -0.368, 0.0, 0.0, 0.0, 1.0, 0.0, 0.0, 0.0, 0.0, 0.0, 0.0, 1.0, 38.0, 40.0, 0
1372, 1.0, -0.097, -0.167, 0.0, 1.0, 0.0, 0.0, 0.0, 1.0, 0.0, 0.0, 0.0, 0.0, 0.0, 22.0, 93.0, 0
1372, 1.0, 0.333, -0.267, 0.0, 1.0, 0.0, 0.0, 0.0, 0.0, 1.0, 0.0, 0.0, 0.0, 0.0, 22.0, 92.0, 0
3599, 7.0, -0.12, 0.21, 0.0, 1.0, 0.0, 0.0, 1.0, 0.0, 0.0, 0.0, 0.0, 0.0, 0.0, 22.0, 22.0, 0
3599, 7.0, -0.12, 0.21, 0.0, 1.0, 0.0, 0.0, 1.0, 0.0, 0.0, 0.0, 0.0, 0.0, 0.0, 22.0, 22.0, 0
3599, 1.0, -0.12, 0.14, 0.0, 1.0, 0.0, 0.0, 0.0, 0.0, 0.0, 1.0, 0.0, 0.0, 0.0, 22.0, 3.0, 0
3599, 1.0, -0.12, 0.14, 0.0, 1.0, 0.0, 0.0, 0.0, 0.0, 0.0, 1.0, 0.0, 0.0, 0.0, 22.0, 3.0, 0
3599, 1.0, -0.12, 0.14, 0.0, 1.0, 0.0, 0.0, 0.0, 0.0, 0.0, 1.0, 0.0, 0.0, 0.0, 22.0, 3.0, 0
3599, 1.0, 0.21, -0.77, 0.0, 1.0, 0.0, 0.0, 0.0, 0.0, 0.0, 0.0, 0.0, 1.0, 0.0, 22.0, 32.0, 0
3599, 1.0, -0.12, 0.81, 0.0, 1.0, 0.0, 0.0, 0.0, 0.0, 0.0, 0.0, 0.0, 1.0, 0.0, 22.0, 38.0, 0
3599, 1.0, -0.12, 0.81, 0.0, 1.0, 0.0, 0.0, 0.0, 0.0, 0.0, 0.0, 0.0, 1.0, 0.0, 22.0, 38.0, 0
3599, 2.0, 0.81, -0.39, 0.0, 0.0, 0.0, 1.0, 0.0, 0.0, 0.0, 0.0, 0.0, 0.0, 1.0, 38.0, 40.0, 0
3599, 2.0, 0.81, -0.39, 0.0, 0.0, 0.0, 1.0, 0.0, 0.0, 0.0, 0.0, 0.0, 0.0, 1.0, 38.0, 40.0, 0
3599, 2.0, 0.81, -0.39, 0.0, 0.0, 0.0, 1.0, 0.0, 0.0, 0.0, 0.0, 0.0, 0.0, 1.0, 38.0, 40.0, 0
3599, 2.0, 0.81, -0.39, 0.0, 0.0, 0.0, 1.0, 0.0, 0.0, 0.0, 0.0, 0.0, 0.0, 1.0, 38.0, 40.0, 0
3599, 1.0, 0.34, -0.77, 0.0, 0.0, 1.0, 0.0, 0.0, 0.0, 0.0, 0.0, 0.0, 1.0, 0.0, 1.0, 32.0, 0
3599, 1.0, 0.34, -0.77, 0.0, 0.0, 1.0, 0.0, 0.0, 0.0, 0.0, 0.0, 0.0, 1.0, 0.0, 1.0, 32.0, 0
3570, 7.0, -0.133, 0.176, 0.0, 1.0, 0.0, 0.0, 1.0, 0.0, 0.0, 0.0, 0.0, 0.0, 0.0, 22.0, 22.0, 0
3570, 7.0, -0.134, 0.176, 0.0, 1.0, 0.0, 0.0, 1.0, 0.0, 0.0, 0.0, 0.0, 0.0, 0.0, 22.0, 22.0, 0
3570, 7.0, -0.134, -0.133, 0.0, 1.0, 0.0, 0.0, 1.0, 0.0, 0.0, 0.0, 0.0, 0.0, 0.0, 22.0, 22.0, 0
3570, 1.0, -0.133, 0.127, 0.0, 1.0, 0.0, 0.0, 0.0, 0.0, 0.0, 1.0, 0.0, 0.0, 0.0, 22.0, 3.0, 0
3570, 1.0, -0.133, 0.127, 0.0, 1.0, 0.0, 0.0, 0.0, 0.0, 0.0, 1.0, 0.0, 0.0, 0.0, 22.0, 3.0, 0
3570, 1.0, -0.133, 0.127, 0.0, 1.0, 0.0, 0.0, 0.0, 0.0, 0.0, 1.0, 0.0, 0.0, 0.0, 22.0, 3.0, 0
3570, 1.0, -0.134, 0.127, 0.0, 1.0, 0.0, 0.0, 0.0, 0.0, 0.0, 1.0, 0.0, 0.0, 0.0, 22.0, 3.0, 0
3570, 1.0, 0.176, -0.234, 0.0, 1.0, 0.0, 0.0, 0.0, 0.0, 0.0, 0.0, 0.0, 0.0, 1.0, 22.0, 50.0, 0
3570, 1.0, 0.087, -0.234, 0.0, 1.0, 0.0, 0.0, 0.0, 0.0, 0.0, 0.0, 0.0, 0.0, 1.0, 10.0, 50.0, 0
3570, 1.0, 0.087, 0.047, 0.0, 1.0, 0.0, 0.0, 0.0, 0.0, 0.0, 1.0, 0.0, 0.0, 0.0, 10.0, 3.0, 0
3570, 1.0, 0.087, 0.047, 0.0, 1.0, 0.0, 0.0, 0.0, 0.0, 0.0, 1.0, 0.0, 0.0, 0.0, 10.0, 3.0, 0
3570, 1.0, 0.087, 0.047, 0.0, 1.0, 0.0, 0.0, 0.0, 0.0, 0.0, 1.0, 0.0, 0.0, 0.0, 10.0, 3.0, 0
3570, 1.0, -0.133, 0.796, 0.0, 1.0, 0.0, 0.0, 0.0, 0.0, 0.0, 0.0, 0.0, 1.0, 0.0, 22.0, 38.0, 0
3570, 2.0, 0.796, -0.404, 0.0, 0.0, 0.0, 1.0, 0.0, 0.0, 0.0, 0.0, 0.0, 0.0, 1.0, 38.0, 40.0, 0
3570, 2.0, 0.796, -0.404, 0.0, 0.0, 0.0, 1.0, 0.0, 0.0, 0.0, 0.0, 0.0, 0.0, 1.0, 38.0, 40.0, 0
1190, 7.0, -0.115, 0.015, 0.0, 1.0, 0.0, 0.0, 1.0, 0.0, 0.0, 0.0, 0.0, 0.0, 0.0, 22.0, 27.0, 0
1190, 7.0, -0.115, 0.015, 0.0, 1.0, 0.0, 0.0, 1.0, 0.0, 0.0, 0.0, 0.0, 0.0, 0.0, 22.0, 27.0, 0
1190, 1.0, -0.115, 0.145, 0.0, 1.0, 0.0, 0.0, 0.0, 0.0, 0.0, 1.0, 0.0, 0.0, 0.0, 22.0, 3.0, 0
1190, 1.0, -0.115, 0.145, 0.0, 1.0, 0.0, 0.0, 0.0, 0.0, 0.0, 1.0, 0.0, 0.0, 0.0, 22.0, 3.0, 0
1190, 1.0, -0.115, 0.145, 0.0, 1.0, 0.0, 0.0, 0.0, 0.0, 0.0, 1.0, 0.0, 0.0, 0.0, 22.0, 3.0, 0
1190, 7.0, -0.115, 0.015, 0.0, 1.0, 0.0, 0.0, 1.0, 0.0, 0.0, 0.0, 0.0, 0.0, 0.0, 22.0, 27.0, 0
1190, 7.0, -0.115, -0.524, 0.0, 1.0, 0.0, 0.0, 0.0, 0.0, 0.0, 0.0, 0.0, 1.0, 0.0, 22.0, 35.0, 0
1190, 7.0, 0.266, -0.524, 0.0, 1.0, 0.0, 0.0, 0.0, 0.0, 0.0, 0.0, 0.0, 1.0, 0.0, 22.0, 35.0, 0
1190, 7.0, -0.115, 0.266, 0.0, 1.0, 0.0, 0.0, 1.0, 0.0, 0.0, 0.0, 0.0, 0.0, 0.0, 22.0, 22.0, 0
1190, 7.0, -0.115, 0.015, 0.0, 1.0, 0.0, 0.0, 1.0, 0.0, 0.0, 0.0, 0.0, 0.0, 0.0, 22.0, 27.0, 0
1190, 1.0, -0.115, 0.145, 0.0, 1.0, 0.0, 0.0, 0.0, 0.0, 0.0, 1.0, 0.0, 0.0, 0.0, 22.0, 3.0, 0
1190, 1.0, 0.266, 0.145, 0.0, 1.0, 0.0, 0.0, 0.0, 0.0, 0.0, 1.0, 0.0, 0.0, 0.0, 22.0, 3.0, 0
1190, 1.0, -0.115, 0.145, 0.0, 1.0, 0.0, 0.0, 0.0, 0.0, 0.0, 1.0, 0.0, 0.0, 0.0, 22.0, 3.0, 0
1190, 1.0, -0.115, 0.816, 0.0, 1.0, 0.0, 0.0, 0.0, 0.0, 0.0, 0.0, 0.0, 1.0, 0.0, 22.0, 38.0, 0
1190, 2.0, 0.816, -0.384, 0.0, 0.0, 0.0, 1.0, 0.0, 0.0, 0.0, 0.0, 0.0, 0.0, 1.0, 38.0, 40.0, 0
1190, 2.0, 0.816, -0.384, 0.0, 0.0, 0.0, 1.0, 0.0, 0.0, 0.0, 0.0, 0.0, 0.0, 1.0, 38.0, 40.0, 0
707, 7.0, -0.128, 0.0020, 0.0, 1.0, 0.0, 0.0, 1.0, 0.0, 0.0, 0.0, 0.0, 0.0, 0.0, 22.0, 29.0, 0
707, 7.0, -0.128, 0.0020, 0.0, 1.0, 0.0, 0.0, 1.0, 0.0, 0.0, 0.0, 0.0, 0.0, 0.0, 22.0, 29.0, 0
707, 1.0, -0.128, 0.132, 0.0, 1.0, 0.0, 0.0, 0.0, 0.0, 0.0, 1.0, 0.0, 0.0, 0.0, 22.0, 3.0, 0
707, 1.0, -0.128, 0.132, 0.0, 1.0, 0.0, 0.0, 0.0, 0.0, 0.0, 1.0, 0.0, 0.0, 0.0, 22.0, 3.0, 0
707, 1.0, -0.128, 0.132, 0.0, 1.0, 0.0, 0.0, 0.0, 0.0, 0.0, 1.0, 0.0, 0.0, 0.0, 22.0, 3.0, 0
707, 1.0, -0.128, 0.132, 0.0, 1.0, 0.0, 0.0, 0.0, 0.0, 0.0, 1.0, 0.0, 0.0, 0.0, 22.0, 3.0, 0
707, 7.0, -0.128, 0.0020, 0.0, 1.0, 0.0, 0.0, 1.0, 0.0, 0.0, 0.0, 0.0, 0.0, 0.0, 22.0, 29.0, 0
707, 7.0, -0.128, 0.202, 0.0, 1.0, 0.0, 0.0, 1.0, 0.0, 0.0, 0.0, 0.0, 0.0, 0.0, 22.0, 22.0, 0
707, 7.0, -0.128, 0.202, 0.0, 1.0, 0.0, 0.0, 1.0, 0.0, 0.0, 0.0, 0.0, 0.0, 0.0, 22.0, 22.0, 0
707, 7.0, -0.128, 0.0020, 0.0, 1.0, 0.0, 0.0, 1.0, 0.0, 0.0, 0.0, 0.0, 0.0, 0.0, 22.0, 29.0, 0
707, 1.0, -0.128, 0.132, 0.0, 1.0, 0.0, 0.0, 0.0, 0.0, 0.0, 1.0, 0.0, 0.0, 0.0, 22.0, 3.0, 0
707, 1.0, -0.128, 0.132, 0.0, 1.0, 0.0, 0.0, 0.0, 0.0, 0.0, 1.0, 0.0, 0.0, 0.0, 22.0, 3.0, 0
707, 1.0, -0.128, 0.132, 0.0, 1.0, 0.0, 0.0, 0.0, 0.0, 0.0, 1.0, 0.0, 0.0, 0.0, 22.0, 3.0, 0
707, 1.0, -0.128, 0.132, 0.0, 1.0, 0.0, 0.0, 0.0, 0.0, 0.0, 1.0, 0.0, 0.0, 0.0, 22.0, 3.0, 0
707, 1.0, 0.202, -0.779, 0.0, 1.0, 0.0, 0.0, 0.0, 0.0, 0.0, 0.0, 0.0, 1.0, 0.0, 22.0, 32.0, 0
707, 1.0, -0.128, 0.801, 0.0, 1.0, 0.0, 0.0, 0.0, 0.0, 0.0, 0.0, 0.0, 1.0, 0.0, 22.0, 38.0, 0
707, 2.0, 0.801, -0.398, 0.0, 0.0, 0.0, 1.0, 0.0, 0.0, 0.0, 0.0, 0.0, 0.0, 1.0, 38.0, 40.0, 0
707, 2.0, 0.801, -0.398, 0.0, 0.0, 0.0, 1.0, 0.0, 0.0, 0.0, 0.0, 0.0, 0.0, 1.0, 38.0, 40.0, 0
707, 1.0, 0.332, -0.779, 0.0, 0.0, 1.0, 0.0, 0.0, 0.0, 0.0, 0.0, 0.0, 1.0, 0.0, 1.0, 32.0, 0
707, 1.0, 0.332, -0.779, 0.0, 0.0, 1.0, 0.0, 0.0, 0.0, 0.0, 0.0, 0.0, 1.0, 0.0, 1.0, 32.0, 0
2879, 7.0, -0.067, 0.244, 0.0, 1.0, 0.0, 0.0, 1.0, 0.0, 0.0, 0.0, 0.0, 0.0, 0.0, 22.0, 22.0, 0
2879, 7.0, -0.067, 0.244, 0.0, 1.0, 0.0, 0.0, 1.0, 0.0, 0.0, 0.0, 0.0, 0.0, 0.0, 22.0, 22.0, 0
2879, 1.0, -0.067, 0.194, 0.0, 1.0, 0.0, 0.0, 0.0, 0.0, 0.0, 1.0, 0.0, 0.0, 0.0, 22.0, 3.0, 0
2879, 1.0, -0.067, 0.193, 0.0, 1.0, 0.0, 0.0, 0.0, 0.0, 0.0, 1.0, 0.0, 0.0, 0.0, 22.0, 3.0, 0
2879, 1.0, 0.244, -0.167, 0.0, 1.0, 0.0, 0.0, 0.0, 0.0, 0.0, 0.0, 0.0, 0.0, 1.0, 22.0, 50.0, 0
2879, 1.0, 0.244, -0.167, 0.0, 1.0, 0.0, 0.0, 0.0, 0.0, 0.0, 0.0, 0.0, 0.0, 1.0, 22.0, 50.0, 0
2879, 1.0, 0.244, -0.167, 0.0, 1.0, 0.0, 0.0, 0.0, 0.0, 0.0, 0.0, 0.0, 0.0, 1.0, 22.0, 50.0, 0
2879, 1.0, 0.244, -0.167, 0.0, 1.0, 0.0, 0.0, 0.0, 0.0, 0.0, 0.0, 0.0, 0.0, 1.0, 22.0, 50.0, 0
2879, 7.0, -0.067, 0.244, 0.0, 1.0, 0.0, 0.0, 1.0, 0.0, 0.0, 0.0, 0.0, 0.0, 0.0, 22.0, 22.0, 0
2879, 7.0, -0.067, 0.244, 0.0, 1.0, 0.0, 0.0, 1.0, 0.0, 0.0, 0.0, 0.0, 0.0, 0.0, 22.0, 22.0, 0
2879, 1.0, -0.067, 0.864, 0.0, 1.0, 0.0, 0.0, 0.0, 0.0, 0.0, 0.0, 0.0, 1.0, 0.0, 22.0, 38.0, 0
2879, 2.0, 0.864, -0.336, 0.0, 0.0, 0.0, 1.0, 0.0, 0.0, 0.0, 0.0, 0.0, 0.0, 1.0, 38.0, 40.0, 0
2879, 2.0, 0.864, -0.336, 0.0, 0.0, 0.0, 1.0, 0.0, 0.0, 0.0, 0.0, 0.0, 0.0, 1.0, 38.0, 40.0, 0
2879, 1.0, -0.067, -0.137, 0.0, 1.0, 0.0, 0.0, 0.0, 1.0, 0.0, 0.0, 0.0, 0.0, 0.0, 22.0, 93.0, 0
2879, 1.0, -0.067, -0.137, 0.0, 1.0, 0.0, 0.0, 0.0, 1.0, 0.0, 0.0, 0.0, 0.0, 0.0, 22.0, 93.0, 0
2879, 1.0, -0.067, -0.137, 0.0, 1.0, 0.0, 0.0, 0.0, 1.0, 0.0, 0.0, 0.0, 0.0, 0.0, 22.0, 93.0, 0
2879, 1.0, -0.067, -0.137, 0.0, 1.0, 0.0, 0.0, 0.0, 1.0, 0.0, 0.0, 0.0, 0.0, 0.0, 22.0, 93.0, 0
2879, 1.0, -0.067, -0.137, 0.0, 1.0, 0.0, 0.0, 0.0, 1.0, 0.0, 0.0, 0.0, 0.0, 0.0, 22.0, 93.0, 0
1580, 7.0, -0.117, -0.087, 0.0, 1.0, 0.0, 0.0, 1.0, 0.0, 0.0, 0.0, 0.0, 0.0, 0.0, 22.0, 195.0, 1
1580, 7.0, -0.087, 0.013, 0.0, 1.0, 0.0, 0.0, 1.0, 0.0, 0.0, 0.0, 0.0, 0.0, 0.0, 195.0, 195.0, 1
1580, 7.0, -0.117, 0.013, 0.0, 1.0, 0.0, 0.0, 1.0, 0.0, 0.0, 0.0, 0.0, 0.0, 0.0, 22.0, 195.0, 1
1580, 1.0, -0.117, 0.142, 0.0, 1.0, 0.0, 0.0, 0.0, 0.0, 0.0, 1.0, 0.0, 0.0, 0.0, 22.0, 3.0, 1
1580, 1.0, -0.117, 0.143, 0.0, 1.0, 0.0, 0.0, 0.0, 0.0, 0.0, 1.0, 0.0, 0.0, 0.0, 22.0, 3.0, 1
1580, 1.0, -0.117, 0.142, 0.0, 1.0, 0.0, 0.0, 0.0, 0.0, 0.0, 1.0, 0.0, 0.0, 0.0, 22.0, 3.0, 1
1580, 1.0, -0.117, 0.142, 0.0, 1.0, 0.0, 0.0, 0.0, 0.0, 0.0, 1.0, 0.0, 0.0, 0.0, 22.0, 3.0, 1
1580, 7.0, -0.087, -0.087, 0.0, 1.0, 0.0, 0.0, 1.0, 0.0, 0.0, 0.0, 0.0, 0.0, 0.0, 27.0, 195.0, 1
1580, 7.0, -0.087, 0.013, 0.0, 1.0, 0.0, 0.0, 1.0, 0.0, 0.0, 0.0, 0.0, 0.0, 0.0, 27.0, 27.0, 1
1580, 7.0, -0.117, 0.013, 0.0, 1.0, 0.0, 0.0, 1.0, 0.0, 0.0, 0.0, 0.0, 0.0, 0.0, 22.0, 27.0, 1
1580, 7.0, -0.117, 0.013, 0.0, 1.0, 0.0, 0.0, 1.0, 0.0, 0.0, 0.0, 0.0, 0.0, 0.0, 22.0, 195.0, 1
1580, 1.0, -0.117, 0.143, 0.0, 1.0, 0.0, 0.0, 0.0, 0.0, 0.0, 1.0, 0.0, 0.0, 0.0, 22.0, 3.0, 1
1580, 7.0, -0.117, -0.087, 0.0, 1.0, 0.0, 0.0, 1.0, 0.0, 0.0, 0.0, 0.0, 0.0, 0.0, 22.0, 27.0, 1
1580, 7.0, -0.117, 0.013, 0.0, 1.0, 0.0, 0.0, 1.0, 0.0, 0.0, 0.0, 0.0, 0.0, 0.0, 22.0, 27.0, 1
1580, 1.0, -0.117, 0.143, 0.0, 1.0, 0.0, 0.0, 0.0, 0.0, 0.0, 1.0, 0.0, 0.0, 0.0, 22.0, 3.0, 1
1580, 1.0, -0.117, 0.142, 0.0, 1.0, 0.0, 0.0, 0.0, 0.0, 0.0, 1.0, 0.0, 0.0, 0.0, 22.0, 3.0, 1
1580, 1.0, -0.117, 0.142, 0.0, 1.0, 0.0, 0.0, 0.0, 0.0, 0.0, 1.0, 0.0, 0.0, 0.0, 22.0, 3.0, 1
1580, 1.0, -0.117, 0.143, 0.0, 1.0, 0.0, 0.0, 0.0, 0.0, 0.0, 1.0, 0.0, 0.0, 0.0, 22.0, 3.0, 1
1580, 2.0, 0.812, -0.388, 0.0, 0.0, 0.0, 1.0, 0.0, 0.0, 0.0, 0.0, 0.0, 0.0, 1.0, 38.0, 40.0, 1
1580, 1.0, -0.117, 0.812, 0.0, 1.0, 0.0, 0.0, 0.0, 0.0, 0.0, 0.0, 0.0, 1.0, 0.0, 22.0, 38.0, 1
1580, 2.0, 0.812, -0.388, 0.0, 0.0, 0.0, 1.0, 0.0, 0.0, 0.0, 0.0, 0.0, 0.0, 1.0, 38.0, 40.0, 1
2464, 7.0, -0.142, 0.188, 0.0, 1.0, 0.0, 0.0, 1.0, 0.0, 0.0, 0.0, 0.0, 0.0, 0.0, 22.0, 22.0, 1
2464, 7.0, -0.142, 0.188, 0.0, 1.0, 0.0, 0.0, 1.0, 0.0, 0.0, 0.0, 0.0, 0.0, 0.0, 22.0, 22.0, 1
2464, 1.0, -0.142, 0.118, 0.0, 1.0, 0.0, 0.0, 0.0, 0.0, 0.0, 1.0, 0.0, 0.0, 0.0, 22.0, 3.0, 1
2464, 1.0, -0.142, 0.118, 0.0, 1.0, 0.0, 0.0, 0.0, 0.0, 0.0, 1.0, 0.0, 0.0, 0.0, 22.0, 3.0, 1
2464, 1.0, -0.142, 0.118, 0.0, 1.0, 0.0, 0.0, 0.0, 0.0, 0.0, 1.0, 0.0, 0.0, 0.0, 22.0, 3.0, 1
2464, 1.0, 0.188, -0.412, 0.0, 1.0, 0.0, 0.0, 0.0, 0.0, 0.0, 0.0, 0.0, 1.0, 0.0, 22.0, 32.0, 1
2464, 1.0, 0.188, -0.412, 0.0, 1.0, 0.0, 0.0, 0.0, 0.0, 0.0, 0.0, 0.0, 1.0, 0.0, 22.0, 32.0, 1
2464, 1.0, 0.188, -0.412, 0.0, 1.0, 0.0, 0.0, 0.0, 0.0, 0.0, 0.0, 0.0, 1.0, 0.0, 22.0, 32.0, 1
2464, 1.0, 0.188, -0.412, 0.0, 1.0, 0.0, 0.0, 0.0, 0.0, 0.0, 0.0, 0.0, 1.0, 0.0, 22.0, 32.0, 1
2464, 7.0, -0.142, 0.188, 0.0, 1.0, 0.0, 0.0, 1.0, 0.0, 0.0, 0.0, 0.0, 0.0, 0.0, 22.0, 22.0, 1
2464, 7.0, -0.142, 0.188, 0.0, 1.0, 0.0, 0.0, 1.0, 0.0, 0.0, 0.0, 0.0, 0.0, 0.0, 22.0, 22.0, 1
2464, 1.0, -0.142, 0.118, 0.0, 1.0, 0.0, 0.0, 0.0, 0.0, 0.0, 1.0, 0.0, 0.0, 0.0, 22.0, 3.0, 1
2464, 1.0, -0.142, 0.118, 0.0, 1.0, 0.0, 0.0, 0.0, 0.0, 0.0, 1.0, 0.0, 0.0, 0.0, 22.0, 3.0, 1
2464, 1.0, -0.142, 0.118, 0.0, 1.0, 0.0, 0.0, 0.0, 0.0, 0.0, 1.0, 0.0, 0.0, 0.0, 22.0, 3.0, 1
2464, 1.0, 0.288, -0.412, 0.0, 0.0, 1.0, 0.0, 0.0, 0.0, 0.0, 0.0, 0.0, 1.0, 0.0, 1.0, 32.0, 1
2464, 1.0, 0.288, -0.412, 0.0, 0.0, 1.0, 0.0, 0.0, 0.0, 0.0, 0.0, 0.0, 1.0, 0.0, 1.0, 32.0, 1
2464, 1.0, -0.142, 0.787, 0.0, 1.0, 0.0, 0.0, 0.0, 0.0, 0.0, 0.0, 0.0, 1.0, 0.0, 22.0, 38.0, 1
2464, 1.0, -0.142, 0.787, 0.0, 1.0, 0.0, 0.0, 0.0, 0.0, 0.0, 0.0, 0.0, 1.0, 0.0, 22.0, 38.0, 1
2464, 2.0, 0.787, -0.413, 0.0, 0.0, 0.0, 1.0, 0.0, 0.0, 0.0, 0.0, 0.0, 0.0, 1.0, 38.0, 40.0, 1
2464, 2.0, 0.787, -0.413, 0.0, 0.0, 0.0, 1.0, 0.0, 0.0, 0.0, 0.0, 0.0, 0.0, 1.0, 38.0, 40.0, 1
2464, 2.0, 0.787, -0.412, 0.0, 0.0, 0.0, 1.0, 0.0, 0.0, 0.0, 0.0, 0.0, 0.0, 1.0, 38.0, 40.0, 1
2464, 2.0, 0.787, -0.412, 0.0, 0.0, 0.0, 1.0, 0.0, 0.0, 0.0, 0.0, 0.0, 0.0, 1.0, 38.0, 40.0, 1
104, 7.0, -0.119, 0.011, 0.0, 1.0, 0.0, 0.0, 1.0, 0.0, 0.0, 0.0, 0.0, 0.0, 0.0, 22.0, 29.0, 1
104, 7.0, -0.119, 0.011, 0.0, 1.0, 0.0, 0.0, 1.0, 0.0, 0.0, 0.0, 0.0, 0.0, 0.0, 22.0, 29.0, 1
104, 7.0, -0.119, -0.118, 0.0, 1.0, 0.0, 0.0, 1.0, 0.0, 0.0, 0.0, 0.0, 0.0, 0.0, 22.0, 22.0, 1
104, 7.0, -0.119, -0.118, 0.0, 1.0, 0.0, 0.0, 1.0, 0.0, 0.0, 0.0, 0.0, 0.0, 0.0, 22.0, 22.0, 1
104, 7.0, -0.168, -0.119, 0.0, 1.0, 0.0, 0.0, 1.0, 0.0, 0.0, 0.0, 0.0, 0.0, 0.0, 22.0, 22.0, 1
104, 7.0, -0.168, -0.119, 0.0, 1.0, 0.0, 0.0, 1.0, 0.0, 0.0, 0.0, 0.0, 0.0, 0.0, 22.0, 22.0, 1
104, 7.0, -0.119, -0.118, 0.0, 1.0, 0.0, 0.0, 1.0, 0.0, 0.0, 0.0, 0.0, 0.0, 0.0, 22.0, 22.0, 1
104, 7.0, -0.118, 0.011, 0.0, 1.0, 0.0, 0.0, 1.0, 0.0, 0.0, 0.0, 0.0, 0.0, 0.0, 22.0, 29.0, 1
104, 7.0, -0.119, 0.011, 0.0, 1.0, 0.0, 0.0, 1.0, 0.0, 0.0, 0.0, 0.0, 0.0, 0.0, 22.0, 29.0, 1
104, 1.0, 0.011, -0.119, 0.0, 1.0, 0.0, 0.0, 1.0, 0.0, 0.0, 0.0, 0.0, 0.0, 0.0, 10.0, 22.0, 1
104, 1.0, 0.011, -0.119, 0.0, 1.0, 0.0, 0.0, 1.0, 0.0, 0.0, 0.0, 0.0, 0.0, 0.0, 10.0, 22.0, 1
104, 1.0, -0.119, 0.812, 0.0, 1.0, 0.0, 0.0, 0.0, 0.0, 0.0, 0.0, 0.0, 1.0, 0.0, 22.0, 38.0, 1
104, 2.0, 0.812, -0.388, 0.0, 0.0, 0.0, 1.0, 0.0, 0.0, 0.0, 0.0, 0.0, 0.0, 1.0, 38.0, 40.0, 1
104, 2.0, 0.812, -0.388, 0.0, 0.0, 0.0, 1.0, 0.0, 0.0, 0.0, 0.0, 0.0, 0.0, 1.0, 38.0, 40.0, 1
104, 1.0, 0.011, -0.168, 0.0, 1.0, 0.0, 0.0, 1.0, 0.0, 0.0, 0.0, 0.0, 0.0, 0.0, 10.0, 22.0, 1
104, 1.0, -0.119, 0.142, 0.0, 1.0, 0.0, 0.0, 0.0, 0.0, 0.0, 1.0, 0.0, 0.0, 0.0, 22.0, 3.0, 1
104, 1.0, -0.118, 0.142, 0.0, 1.0, 0.0, 0.0, 0.0, 0.0, 0.0, 1.0, 0.0, 0.0, 0.0, 22.0, 3.0, 1
104, 1.0, -0.119, 0.142, 0.0, 1.0, 0.0, 0.0, 0.0, 0.0, 0.0, 1.0, 0.0, 0.0, 0.0, 22.0, 3.0, 1
104, 1.0, -0.119, 0.142, 0.0, 1.0, 0.0, 0.0, 0.0, 0.0, 0.0, 1.0, 0.0, 0.0, 0.0, 22.0, 3.0, 1
104, 1.0, -0.119, 0.142, 0.0, 1.0, 0.0, 0.0, 0.0, 0.0, 0.0, 1.0, 0.0, 0.0, 0.0, 22.0, 3.0, 1
104, 1.0, 0.011, 0.061, 0.0, 1.0, 0.0, 0.0, 0.0, 0.0, 0.0, 1.0, 0.0, 0.0, 0.0, 10.0, 3.0, 1
104, 1.0, -0.118, 0.142, 0.0, 1.0, 0.0, 0.0, 0.0, 0.0, 0.0, 1.0, 0.0, 0.0, 0.0, 22.0, 3.0, 1
104, 1.0, 0.011, 0.061, 0.0, 1.0, 0.0, 0.0, 0.0, 0.0, 0.0, 1.0, 0.0, 0.0, 0.0, 10.0, 3.0, 1
104, 1.0, 0.011, 0.061, 0.0, 1.0, 0.0, 0.0, 0.0, 0.0, 0.0, 1.0, 0.0, 0.0, 0.0, 10.0, 3.0, 1
104, 1.0, 0.011, 0.061, 0.0, 1.0, 0.0, 0.0, 0.0, 0.0, 0.0, 1.0, 0.0, 0.0, 0.0, 10.0, 3.0, 1
104, 1.0, 0.011, 0.061, 0.0, 1.0, 0.0, 0.0, 0.0, 0.0, 0.0, 1.0, 0.0, 0.0, 0.0, 10.0, 3.0, 1
4066, 7.0, -0.111, 0.019, 0.0, 1.0, 0.0, 0.0, 1.0, 0.0, 0.0, 0.0, 0.0, 0.0, 0.0, 22.0, 27.0, 1
4066, 7.0, -0.081, 0.019, 0.0, 1.0, 0.0, 0.0, 1.0, 0.0, 0.0, 0.0, 0.0, 0.0, 0.0, 27.0, 27.0, 1
4066, 7.0, -0.081, 0.019, 0.0, 1.0, 0.0, 0.0, 1.0, 0.0, 0.0, 0.0, 0.0, 0.0, 0.0, 27.0, 27.0, 1
4066, 7.0, -0.111, 0.019, 0.0, 1.0, 0.0, 0.0, 1.0, 0.0, 0.0, 0.0, 0.0, 0.0, 0.0, 22.0, 27.0, 1
4066, 1.0, -0.111, 0.15, 0.0, 1.0, 0.0, 0.0, 0.0, 0.0, 0.0, 1.0, 0.0, 0.0, 0.0, 22.0, 3.0, 1
4066, 1.0, -0.111, 0.15, 0.0, 1.0, 0.0, 0.0, 0.0, 0.0, 0.0, 1.0, 0.0, 0.0, 0.0, 22.0, 3.0, 1
4066, 7.0, -0.111, 0.019, 0.0, 1.0, 0.0, 0.0, 1.0, 0.0, 0.0, 0.0, 0.0, 0.0, 0.0, 22.0, 27.0, 1
4066, 7.0, -0.111, 0.019, 0.0, 1.0, 0.0, 0.0, 1.0, 0.0, 0.0, 0.0, 0.0, 0.0, 0.0, 22.0, 27.0, 1
4066, 7.0, -0.081, 0.019, 0.0, 1.0, 0.0, 0.0, 1.0, 0.0, 0.0, 0.0, 0.0, 0.0, 0.0, 27.0, 27.0, 1
4066, 1.0, -0.111, 0.149, 0.0, 1.0, 0.0, 0.0, 0.0, 0.0, 0.0, 1.0, 0.0, 0.0, 0.0, 22.0, 3.0, 1
4066, 1.0, -0.111, 0.149, 0.0, 1.0, 0.0, 0.0, 0.0, 0.0, 0.0, 1.0, 0.0, 0.0, 0.0, 22.0, 3.0, 1
4066, 7.0, -0.111, 0.019, 0.0, 1.0, 0.0, 0.0, 1.0, 0.0, 0.0, 0.0, 0.0, 0.0, 0.0, 22.0, 27.0, 1
4066, 7.0, -0.111, 0.019, 0.0, 1.0, 0.0, 0.0, 1.0, 0.0, 0.0, 0.0, 0.0, 0.0, 0.0, 22.0, 27.0, 1
4066, 7.0, -0.081, 0.019, 0.0, 1.0, 0.0, 0.0, 1.0, 0.0, 0.0, 0.0, 0.0, 0.0, 0.0, 27.0, 27.0, 1
4066, 1.0, -0.111, 0.149, 0.0, 1.0, 0.0, 0.0, 0.0, 0.0, 0.0, 1.0, 0.0, 0.0, 0.0, 22.0, 3.0, 1
4066, 1.0, -0.111, 0.149, 0.0, 1.0, 0.0, 0.0, 0.0, 0.0, 0.0, 1.0, 0.0, 0.0, 0.0, 22.0, 3.0, 1
4066, 7.0, -0.111, 0.019, 0.0, 1.0, 0.0, 0.0, 1.0, 0.0, 0.0, 0.0, 0.0, 0.0, 0.0, 22.0, 27.0, 1
4066, 7.0, -0.111, 0.019, 0.0, 1.0, 0.0, 0.0, 1.0, 0.0, 0.0, 0.0, 0.0, 0.0, 0.0, 22.0, 27.0, 1
4066, 1.0, -0.111, 0.149, 0.0, 1.0, 0.0, 0.0, 0.0, 0.0, 0.0, 1.0, 0.0, 0.0, 0.0, 22.0, 3.0, 1
4066, 7.0, -0.081, 0.019, 0.0, 1.0, 0.0, 0.0, 1.0, 0.0, 0.0, 0.0, 0.0, 0.0, 0.0, 27.0, 27.0, 1
4066, 7.0, -0.111, 0.019, 0.0, 1.0, 0.0, 0.0, 1.0, 0.0, 0.0, 0.0, 0.0, 0.0, 0.0, 22.0, 27.0, 1
4066, 7.0, -0.111, 0.019, 0.0, 1.0, 0.0, 0.0, 1.0, 0.0, 0.0, 0.0, 0.0, 0.0, 0.0, 22.0, 27.0, 1
4066, 1.0, -0.111, 0.15, 0.0, 1.0, 0.0, 0.0, 0.0, 0.0, 0.0, 1.0, 0.0, 0.0, 0.0, 22.0, 3.0, 1
4066, 7.0, -0.081, 0.019, 0.0, 1.0, 0.0, 0.0, 1.0, 0.0, 0.0, 0.0, 0.0, 0.0, 0.0, 27.0, 27.0, 1
4066, 7.0, -0.111, 0.019, 0.0, 1.0, 0.0, 0.0, 1.0, 0.0, 0.0, 0.0, 0.0, 0.0, 0.0, 22.0, 27.0, 1
4066, 1.0, -0.111, 0.15, 0.0, 1.0, 0.0, 0.0, 0.0, 0.0, 0.0, 1.0, 0.0, 0.0, 0.0, 22.0, 3.0, 1
4066, 1.0, -0.111, 0.15, 0.0, 1.0, 0.0, 0.0, 0.0, 0.0, 0.0, 1.0, 0.0, 0.0, 0.0, 22.0, 3.0, 1
4066, 7.0, -0.111, 0.019, 0.0, 1.0, 0.0, 0.0, 1.0, 0.0, 0.0, 0.0, 0.0, 0.0, 0.0, 22.0, 27.0, 1
4066, 1.0, -0.111, 0.82, 0.0, 1.0, 0.0, 0.0, 0.0, 0.0, 0.0, 0.0, 0.0, 1.0, 0.0, 22.0, 38.0, 1
4066, 1.0, -0.111, 0.149, 0.0, 1.0, 0.0, 0.0, 0.0, 0.0, 0.0, 1.0, 0.0, 0.0, 0.0, 22.0, 3.0, 1
4066, 2.0, 0.82, -0.38, 0.0, 0.0, 0.0, 1.0, 0.0, 0.0, 0.0, 0.0, 0.0, 0.0, 1.0, 38.0, 40.0, 1
4066, 2.0, 0.82, -0.38, 0.0, 0.0, 0.0, 1.0, 0.0, 0.0, 0.0, 0.0, 0.0, 0.0, 1.0, 38.0, 40.0, 1
2942, 7.0, -0.115, 0.015, 0.0, 1.0, 0.0, 0.0, 1.0, 0.0, 0.0, 0.0, 0.0, 0.0, 0.0, 22.0, 27.0, 1
2942, 7.0, -0.085, 0.015, 0.0, 1.0, 0.0, 0.0, 1.0, 0.0, 0.0, 0.0, 0.0, 0.0, 0.0, 27.0, 27.0, 1
2942, 7.0, -0.085, 0.015, 0.0, 1.0, 0.0, 0.0, 1.0, 0.0, 0.0, 0.0, 0.0, 0.0, 0.0, 27.0, 27.0, 1
2942, 7.0, -0.115, 0.015, 0.0, 1.0, 0.0, 0.0, 1.0, 0.0, 0.0, 0.0, 0.0, 0.0, 0.0, 22.0, 27.0, 1
2942, 1.0, -0.115, 0.145, 0.0, 1.0, 0.0, 0.0, 0.0, 0.0, 0.0, 1.0, 0.0, 0.0, 0.0, 22.0, 3.0, 1
2942, 1.0, -0.115, 0.146, 0.0, 1.0, 0.0, 0.0, 0.0, 0.0, 0.0, 1.0, 0.0, 0.0, 0.0, 22.0, 3.0, 1
2942, 7.0, -0.115, 0.015, 0.0, 1.0, 0.0, 0.0, 1.0, 0.0, 0.0, 0.0, 0.0, 0.0, 0.0, 22.0, 27.0, 1
2942, 7.0, -0.115, 0.015, 0.0, 1.0, 0.0, 0.0, 1.0, 0.0, 0.0, 0.0, 0.0, 0.0, 0.0, 22.0, 27.0, 1
2942, 7.0, -0.085, 0.015, 0.0, 1.0, 0.0, 0.0, 1.0, 0.0, 0.0, 0.0, 0.0, 0.0, 0.0, 27.0, 27.0, 1
2942, 1.0, -0.115, 0.146, 0.0, 1.0, 0.0, 0.0, 0.0, 0.0, 0.0, 1.0, 0.0, 0.0, 0.0, 22.0, 3.0, 1
2942, 1.0, -0.115, 0.146, 0.0, 1.0, 0.0, 0.0, 0.0, 0.0, 0.0, 1.0, 0.0, 0.0, 0.0, 22.0, 3.0, 1
2942, 7.0, -0.085, 0.015, 0.0, 1.0, 0.0, 0.0, 1.0, 0.0, 0.0, 0.0, 0.0, 0.0, 0.0, 27.0, 27.0, 1
2942, 7.0, -0.115, 0.015, 0.0, 1.0, 0.0, 0.0, 1.0, 0.0, 0.0, 0.0, 0.0, 0.0, 0.0, 22.0, 27.0, 1
2942, 7.0, -0.115, 0.015, 0.0, 1.0, 0.0, 0.0, 1.0, 0.0, 0.0, 0.0, 0.0, 0.0, 0.0, 22.0, 27.0, 1
2942, 1.0, -0.115, 0.145, 0.0, 1.0, 0.0, 0.0, 0.0, 0.0, 0.0, 1.0, 0.0, 0.0, 0.0, 22.0, 3.0, 1
2942, 1.0, -0.115, 0.145, 0.0, 1.0, 0.0, 0.0, 0.0, 0.0, 0.0, 1.0, 0.0, 0.0, 0.0, 22.0, 3.0, 1
2942, 7.0, -0.115, 0.015, 0.0, 1.0, 0.0, 0.0, 1.0, 0.0, 0.0, 0.0, 0.0, 0.0, 0.0, 22.0, 27.0, 1
2942, 7.0, -0.115, 0.015, 0.0, 1.0, 0.0, 0.0, 1.0, 0.0, 0.0, 0.0, 0.0, 0.0, 0.0, 22.0, 27.0, 1
2942, 1.0, -0.115, 0.145, 0.0, 1.0, 0.0, 0.0, 0.0, 0.0, 0.0, 1.0, 0.0, 0.0, 0.0, 22.0, 3.0, 1
2942, 1.0, -0.115, 0.146, 0.0, 1.0, 0.0, 0.0, 0.0, 0.0, 0.0, 1.0, 0.0, 0.0, 0.0, 22.0, 3.0, 1
2942, 1.0, -0.115, 0.816, 0.0, 1.0, 0.0, 0.0, 0.0, 0.0, 0.0, 0.0, 0.0, 1.0, 0.0, 22.0, 38.0, 1
2942, 1.0, -0.115, 0.816, 0.0, 1.0, 0.0, 0.0, 0.0, 0.0, 0.0, 0.0, 0.0, 1.0, 0.0, 22.0, 38.0, 1
2942, 2.0, 0.816, -0.384, 0.0, 0.0, 0.0, 1.0, 0.0, 0.0, 0.0, 0.0, 0.0, 0.0, 1.0, 38.0, 40.0, 1
2942, 2.0, 0.816, -0.384, 0.0, 0.0, 0.0, 1.0, 0.0, 0.0, 0.0, 0.0, 0.0, 0.0, 1.0, 38.0, 40.0, 1
2942, 2.0, 0.816, -0.384, 0.0, 0.0, 0.0, 1.0, 0.0, 0.0, 0.0, 0.0, 0.0, 0.0, 1.0, 38.0, 40.0, 1
2942, 2.0, 0.816, -0.384, 0.0, 0.0, 0.0, 1.0, 0.0, 0.0, 0.0, 0.0, 0.0, 0.0, 1.0, 38.0, 40.0, 1
3466, 7.0, -0.122, 0.108, 0.0, 1.0, 0.0, 0.0, 1.0, 0.0, 0.0, 0.0, 0.0, 0.0, 0.0, 22.0, 22.0, 1
3466, 7.0, -0.122, 0.108, 0.0, 1.0, 0.0, 0.0, 1.0, 0.0, 0.0, 0.0, 0.0, 0.0, 0.0, 22.0, 22.0, 1
3466, 1.0, -0.122, 0.139, 0.0, 1.0, 0.0, 0.0, 0.0, 0.0, 0.0, 1.0, 0.0, 0.0, 0.0, 22.0, 3.0, 1
3466, 1.0, -0.122, 0.139, 0.0, 1.0, 0.0, 0.0, 0.0, 0.0, 0.0, 1.0, 0.0, 0.0, 0.0, 22.0, 3.0, 1
3466, 1.0, -0.122, 0.139, 0.0, 1.0, 0.0, 0.0, 0.0, 0.0, 0.0, 1.0, 0.0, 0.0, 0.0, 22.0, 3.0, 1
3466, 1.0, 0.108, -0.122, 0.0, 1.0, 0.0, 0.0, 1.0, 0.0, 0.0, 0.0, 0.0, 0.0, 0.0, 10.0, 22.0, 1
3466, 1.0, 0.108, -0.191, 0.0, 1.0, 0.0, 0.0, 1.0, 0.0, 0.0, 0.0, 0.0, 0.0, 0.0, 10.0, 16.0, 1
3466, 1.0, 0.108, 0.058, 0.0, 1.0, 0.0, 0.0, 0.0, 0.0, 0.0, 1.0, 0.0, 0.0, 0.0, 10.0, 3.0, 1
3466, 1.0, 0.108, 0.058, 0.0, 1.0, 0.0, 0.0, 0.0, 0.0, 0.0, 1.0, 0.0, 0.0, 0.0, 10.0, 3.0, 1
3466, 1.0, -0.191, 0.108, 0.0, 1.0, 0.0, 0.0, 1.0, 0.0, 0.0, 0.0, 0.0, 0.0, 0.0, 16.0, 22.0, 1
3466, 1.0, -0.191, 0.108, 0.0, 1.0, 0.0, 0.0, 0.0, 0.0, 0.0, 1.0, 0.0, 0.0, 0.0, 16.0, 3.0, 1
3466, 1.0, -0.191, 0.108, 0.0, 1.0, 0.0, 0.0, 0.0, 0.0, 0.0, 1.0, 0.0, 0.0, 0.0, 16.0, 3.0, 1
3466, 1.0, -0.122, 0.809, 0.0, 1.0, 0.0, 0.0, 0.0, 0.0, 0.0, 0.0, 0.0, 1.0, 0.0, 22.0, 38.0, 1
3466, 2.0, 0.809, -0.391, 0.0, 0.0, 0.0, 1.0, 0.0, 0.0, 0.0, 0.0, 0.0, 0.0, 1.0, 38.0, 40.0, 1
3466, 2.0, 0.809, -0.391, 0.0, 0.0, 0.0, 1.0, 0.0, 0.0, 0.0, 0.0, 0.0, 0.0, 1.0, 38.0, 40.0, 1
4060, 7.0, -0.111, 0.019, 0.0, 1.0, 0.0, 0.0, 1.0, 0.0, 0.0, 0.0, 0.0, 0.0, 0.0, 22.0, 29.0, 1
4060, 7.0, -0.111, 0.019, 0.0, 1.0, 0.0, 0.0, 1.0, 0.0, 0.0, 0.0, 0.0, 0.0, 0.0, 22.0, 29.0, 1
4060, 7.0, -0.111, 0.019, 0.0, 1.0, 0.0, 0.0, 1.0, 0.0, 0.0, 0.0, 0.0, 0.0, 0.0, 22.0, 29.0, 1
4060, 7.0, -0.111, 0.019, 0.0, 1.0, 0.0, 0.0, 1.0, 0.0, 0.0, 0.0, 0.0, 0.0, 0.0, 22.0, 29.0, 1
4060, 1.0, 0.019, -0.111, 0.0, 1.0, 0.0, 0.0, 1.0, 0.0, 0.0, 0.0, 0.0, 0.0, 0.0, 10.0, 22.0, 1
4060, 1.0, 0.019, -0.111, 0.0, 1.0, 0.0, 0.0, 1.0, 0.0, 0.0, 0.0, 0.0, 0.0, 0.0, 10.0, 22.0, 1
4060, 1.0, -0.111, -0.031, 0.0, 1.0, 0.0, 0.0, 0.0, 0.0, 0.0, 0.0, 1.0, 0.0, 0.0, 22.0, 95.0, 1
4060, 1.0, -0.111, 0.818, 0.0, 1.0, 0.0, 0.0, 0.0, 0.0, 0.0, 0.0, 0.0, 1.0, 0.0, 22.0, 38.0, 1
4060, 2.0, 0.818, -0.382, 0.0, 0.0, 0.0, 1.0, 0.0, 0.0, 0.0, 0.0, 0.0, 0.0, 1.0, 38.0, 40.0, 1
4060, 2.0, 0.818, -0.382, 0.0, 0.0, 0.0, 1.0, 0.0, 0.0, 0.0, 0.0, 0.0, 0.0, 1.0, 38.0, 40.0, 1
4060, 1.0, -0.111, 0.148, 0.0, 1.0, 0.0, 0.0, 0.0, 0.0, 0.0, 1.0, 0.0, 0.0, 0.0, 22.0, 3.0, 1
4060, 1.0, -0.111, 0.149, 0.0, 1.0, 0.0, 0.0, 0.0, 0.0, 0.0, 1.0, 0.0, 0.0, 0.0, 22.0, 3.0, 1
4060, 1.0, -0.111, 0.149, 0.0, 1.0, 0.0, 0.0, 0.0, 0.0, 0.0, 1.0, 0.0, 0.0, 0.0, 22.0, 3.0, 1
4060, 1.0, -0.111, 0.149, 0.0, 1.0, 0.0, 0.0, 0.0, 0.0, 0.0, 1.0, 0.0, 0.0, 0.0, 22.0, 3.0, 1
4060, 1.0, -0.111, 0.148, 0.0, 1.0, 0.0, 0.0, 0.0, 0.0, 0.0, 1.0, 0.0, 0.0, 0.0, 22.0, 3.0, 1
4060, 1.0, -0.111, 0.149, 0.0, 1.0, 0.0, 0.0, 0.0, 0.0, 0.0, 1.0, 0.0, 0.0, 0.0, 22.0, 3.0, 1
4060, 1.0, 0.019, 0.069, 0.0, 1.0, 0.0, 0.0, 0.0, 0.0, 0.0, 1.0, 0.0, 0.0, 0.0, 10.0, 3.0, 1
4060, 1.0, 0.019, 0.069, 0.0, 1.0, 0.0, 0.0, 0.0, 0.0, 0.0, 1.0, 0.0, 0.0, 0.0, 10.0, 3.0, 1
205, 7.0, -0.107, 0.023, 0.0, 1.0, 0.0, 0.0, 1.0, 0.0, 0.0, 0.0, 0.0, 0.0, 0.0, 22.0, 29.0, 1
205, 7.0, -0.107, 0.023, 0.0, 1.0, 0.0, 0.0, 1.0, 0.0, 0.0, 0.0, 0.0, 0.0, 0.0, 22.0, 29.0, 1
205, 1.0, -0.107, 0.152, 0.0, 1.0, 0.0, 0.0, 0.0, 0.0, 0.0, 1.0, 0.0, 0.0, 0.0, 22.0, 3.0, 1
205, 1.0, -0.107, 0.152, 0.0, 1.0, 0.0, 0.0, 0.0, 0.0, 0.0, 1.0, 0.0, 0.0, 0.0, 22.0, 3.0, 1
205, 1.0, -0.107, 0.153, 0.0, 1.0, 0.0, 0.0, 0.0, 0.0, 0.0, 1.0, 0.0, 0.0, 0.0, 22.0, 3.0, 1
205, 7.0, -0.107, 0.023, 0.0, 1.0, 0.0, 0.0, 1.0, 0.0, 0.0, 0.0, 0.0, 0.0, 0.0, 22.0, 29.0, 1
205, 7.0, -0.107, 0.023, 0.0, 1.0, 0.0, 0.0, 1.0, 0.0, 0.0, 0.0, 0.0, 0.0, 0.0, 22.0, 29.0, 1
205, 1.0, -0.107, 0.153, 0.0, 1.0, 0.0, 0.0, 0.0, 0.0, 0.0, 1.0, 0.0, 0.0, 0.0, 22.0, 3.0, 1
205, 1.0, -0.107, 0.153, 0.0, 1.0, 0.0, 0.0, 0.0, 0.0, 0.0, 1.0, 0.0, 0.0, 0.0, 22.0, 3.0, 1
205, 1.0, -0.107, 0.153, 0.0, 1.0, 0.0, 0.0, 0.0, 0.0, 0.0, 1.0, 0.0, 0.0, 0.0, 22.0, 3.0, 1
205, 1.0, 0.023, -0.107, 0.0, 1.0, 0.0, 0.0, 1.0, 0.0, 0.0, 0.0, 0.0, 0.0, 0.0, 10.0, 22.0, 1
205, 1.0, 0.023, -0.107, 0.0, 1.0, 0.0, 0.0, 1.0, 0.0, 0.0, 0.0, 0.0, 0.0, 0.0, 10.0, 22.0, 1
205, 1.0, 0.023, 0.073, 0.0, 1.0, 0.0, 0.0, 0.0, 0.0, 0.0, 1.0, 0.0, 0.0, 0.0, 10.0, 3.0, 1
205, 1.0, 0.023, 0.073, 0.0, 1.0, 0.0, 0.0, 0.0, 0.0, 0.0, 1.0, 0.0, 0.0, 0.0, 10.0, 3.0, 1
205, 1.0, -0.127, -0.107, 1.0, 0.0, 0.0, 0.0, 1.0, 0.0, 0.0, 0.0, 0.0, 0.0, 0.0, 94.0, 22.0, 1
205, 1.0, -0.107, 0.822, 0.0, 1.0, 0.0, 0.0, 0.0, 0.0, 0.0, 0.0, 0.0, 1.0, 0.0, 22.0, 38.0, 1
205, 2.0, 0.822, -0.378, 0.0, 0.0, 0.0, 1.0, 0.0, 0.0, 0.0, 0.0, 0.0, 0.0, 1.0, 38.0, 40.0, 1
205, 2.0, 0.822, -0.378, 0.0, 0.0, 0.0, 1.0, 0.0, 0.0, 0.0, 0.0, 0.0, 0.0, 1.0, 38.0, 40.0, 1
2592, 7.0, -0.113, 0.017, 0.0, 1.0, 0.0, 0.0, 1.0, 0.0, 0.0, 0.0, 0.0, 0.0, 0.0, 22.0, 29.0, 1
2592, 7.0, -0.083, 0.017, 0.0, 1.0, 0.0, 0.0, 1.0, 0.0, 0.0, 0.0, 0.0, 0.0, 0.0, 27.0, 29.0, 1
2592, 7.0, -0.083, 0.017, 0.0, 1.0, 0.0, 0.0, 1.0, 0.0, 0.0, 0.0, 0.0, 0.0, 0.0, 27.0, 27.0, 1
2592, 7.0, -0.113, 0.017, 0.0, 1.0, 0.0, 0.0, 1.0, 0.0, 0.0, 0.0, 0.0, 0.0, 0.0, 22.0, 27.0, 1
2592, 7.0, -0.083, 0.017, 0.0, 1.0, 0.0, 0.0, 1.0, 0.0, 0.0, 0.0, 0.0, 0.0, 0.0, 27.0, 27.0, 1
2592, 7.0, -0.113, 0.017, 0.0, 1.0, 0.0, 0.0, 1.0, 0.0, 0.0, 0.0, 0.0, 0.0, 0.0, 22.0, 27.0, 1
2592, 7.0, -0.113, 0.017, 0.0, 1.0, 0.0, 0.0, 1.0, 0.0, 0.0, 0.0, 0.0, 0.0, 0.0, 22.0, 27.0, 1
2592, 7.0, -0.083, 0.017, 0.0, 1.0, 0.0, 0.0, 1.0, 0.0, 0.0, 0.0, 0.0, 0.0, 0.0, 27.0, 27.0, 1
2592, 7.0, -0.113, 0.017, 0.0, 1.0, 0.0, 0.0, 1.0, 0.0, 0.0, 0.0, 0.0, 0.0, 0.0, 22.0, 27.0, 1
2592, 7.0, -0.113, 0.017, 0.0, 1.0, 0.0, 0.0, 1.0, 0.0, 0.0, 0.0, 0.0, 0.0, 0.0, 22.0, 27.0, 1
2592, 7.0, -0.083, 0.017, 0.0, 1.0, 0.0, 0.0, 1.0, 0.0, 0.0, 0.0, 0.0, 0.0, 0.0, 27.0, 27.0, 1
2592, 7.0, -0.113, 0.017, 0.0, 1.0, 0.0, 0.0, 1.0, 0.0, 0.0, 0.0, 0.0, 0.0, 0.0, 22.0, 27.0, 1
2592, 7.0, -0.113, 0.017, 0.0, 1.0, 0.0, 0.0, 1.0, 0.0, 0.0, 0.0, 0.0, 0.0, 0.0, 22.0, 27.0, 1
2592, 7.0, -0.083, 0.017, 0.0, 1.0, 0.0, 0.0, 1.0, 0.0, 0.0, 0.0, 0.0, 0.0, 0.0, 27.0, 29.0, 1
2592, 7.0, -0.113, 0.017, 0.0, 1.0, 0.0, 0.0, 1.0, 0.0, 0.0, 0.0, 0.0, 0.0, 0.0, 22.0, 29.0, 1
2592, 7.0, -0.113, 0.017, 0.0, 1.0, 0.0, 0.0, 1.0, 0.0, 0.0, 0.0, 0.0, 0.0, 0.0, 22.0, 27.0, 1
2592, 1.0, -0.113, 0.818, 0.0, 1.0, 0.0, 0.0, 0.0, 0.0, 0.0, 0.0, 0.0, 1.0, 0.0, 22.0, 38.0, 1
2592, 1.0, -0.113, 0.818, 0.0, 1.0, 0.0, 0.0, 0.0, 0.0, 0.0, 0.0, 0.0, 1.0, 0.0, 22.0, 38.0, 1
2592, 2.0, 0.818, -0.382, 0.0, 0.0, 0.0, 1.0, 0.0, 0.0, 0.0, 0.0, 0.0, 0.0, 1.0, 38.0, 40.0, 1
2592, 2.0, 0.818, -0.382, 0.0, 0.0, 0.0, 1.0, 0.0, 0.0, 0.0, 0.0, 0.0, 0.0, 1.0, 38.0, 40.0, 1
2592, 2.0, 0.818, -0.382, 0.0, 0.0, 0.0, 1.0, 0.0, 0.0, 0.0, 0.0, 0.0, 0.0, 1.0, 38.0, 40.0, 1
2592, 2.0, 0.818, -0.382, 0.0, 0.0, 0.0, 1.0, 0.0, 0.0, 0.0, 0.0, 0.0, 0.0, 1.0, 38.0, 40.0, 1
2592, 1.0, -0.113, 0.148, 0.0, 1.0, 0.0, 0.0, 0.0, 0.0, 0.0, 1.0, 0.0, 0.0, 0.0, 22.0, 3.0, 1
2592, 1.0, -0.113, 0.148, 0.0, 1.0, 0.0, 0.0, 0.0, 0.0, 0.0, 1.0, 0.0, 0.0, 0.0, 22.0, 3.0, 1
2592, 1.0, -0.113, 0.147, 0.0, 1.0, 0.0, 0.0, 0.0, 0.0, 0.0, 1.0, 0.0, 0.0, 0.0, 22.0, 3.0, 1
2592, 1.0, -0.113, 0.148, 0.0, 1.0, 0.0, 0.0, 0.0, 0.0, 0.0, 1.0, 0.0, 0.0, 0.0, 22.0, 3.0, 1
2592, 1.0, -0.113, 0.148, 0.0, 1.0, 0.0, 0.0, 0.0, 0.0, 0.0, 1.0, 0.0, 0.0, 0.0, 22.0, 3.0, 1
2592, 1.0, -0.113, 0.147, 0.0, 1.0, 0.0, 0.0, 0.0, 0.0, 0.0, 1.0, 0.0, 0.0, 0.0, 22.0, 3.0, 1
2592, 1.0, -0.113, 0.148, 0.0, 1.0, 0.0, 0.0, 0.0, 0.0, 0.0, 1.0, 0.0, 0.0, 0.0, 22.0, 3.0, 1
2592, 1.0, -0.113, 0.148, 0.0, 1.0, 0.0, 0.0, 0.0, 0.0, 0.0, 1.0, 0.0, 0.0, 0.0, 22.0, 3.0, 1
2592, 1.0, -0.113, 0.148, 0.0, 1.0, 0.0, 0.0, 0.0, 0.0, 0.0, 1.0, 0.0, 0.0, 0.0, 22.0, 3.0, 1
2592, 1.0, -0.113, 0.148, 0.0, 1.0, 0.0, 0.0, 0.0, 0.0, 0.0, 1.0, 0.0, 0.0, 0.0, 22.0, 3.0, 1
452, 7.0, -0.11, 0.02, 0.0, 1.0, 0.0, 0.0, 1.0, 0.0, 0.0, 0.0, 0.0, 0.0, 0.0, 22.0, 27.0, 1
452, 7.0, -0.08, 0.02, 0.0, 1.0, 0.0, 0.0, 1.0, 0.0, 0.0, 0.0, 0.0, 0.0, 0.0, 27.0, 27.0, 1
452, 7.0, -0.08, -0.08, 0.0, 1.0, 0.0, 0.0, 1.0, 0.0, 0.0, 0.0, 0.0, 0.0, 0.0, 26.0, 27.0, 1
452, 7.0, -0.11, -0.08, 0.0, 1.0, 0.0, 0.0, 1.0, 0.0, 0.0, 0.0, 0.0, 0.0, 0.0, 22.0, 26.0, 1
452, 7.0, -0.11, 0.02, 0.0, 1.0, 0.0, 0.0, 1.0, 0.0, 0.0, 0.0, 0.0, 0.0, 0.0, 22.0, 27.0, 1
452, 7.0, -0.11, -0.08, 0.0, 1.0, 0.0, 0.0, 1.0, 0.0, 0.0, 0.0, 0.0, 0.0, 0.0, 22.0, 26.0, 1
452, 7.0, -0.08, -0.08, 0.0, 1.0, 0.0, 0.0, 1.0, 0.0, 0.0, 0.0, 0.0, 0.0, 0.0, 26.0, 27.0, 1
452, 7.0, -0.08, -0.08, 0.0, 1.0, 0.0, 0.0, 1.0, 0.0, 0.0, 0.0, 0.0, 0.0, 0.0, 21.0, 26.0, 1
452, 7.0, -0.08, -0.08, 0.0, 1.0, 0.0, 0.0, 1.0, 0.0, 0.0, 0.0, 0.0, 0.0, 0.0, 21.0, 26.0, 1
452, 1.0, -0.11, 0.149, 0.0, 1.0, 0.0, 0.0, 0.0, 0.0, 0.0, 1.0, 0.0, 0.0, 0.0, 22.0, 3.0, 1
452, 1.0, -0.11, 0.149, 0.0, 1.0, 0.0, 0.0, 0.0, 0.0, 0.0, 1.0, 0.0, 0.0, 0.0, 22.0, 3.0, 1
452, 1.0, -0.11, 0.149, 0.0, 1.0, 0.0, 0.0, 0.0, 0.0, 0.0, 1.0, 0.0, 0.0, 0.0, 22.0, 3.0, 1
452, 1.0, -0.11, 0.149, 0.0, 1.0, 0.0, 0.0, 0.0, 0.0, 0.0, 1.0, 0.0, 0.0, 0.0, 22.0, 3.0, 1
452, 1.0, -0.11, 0.149, 0.0, 1.0, 0.0, 0.0, 0.0, 0.0, 0.0, 1.0, 0.0, 0.0, 0.0, 22.0, 3.0, 1
452, 1.0, -0.08, 0.119, 0.0, 1.0, 0.0, 0.0, 0.0, 0.0, 0.0, 1.0, 0.0, 0.0, 0.0, 21.0, 3.0, 1
452, 1.0, -0.08, 0.119, 0.0, 1.0, 0.0, 0.0, 0.0, 0.0, 0.0, 1.0, 0.0, 0.0, 0.0, 21.0, 3.0, 1
452, 2.0, 0.819, -0.381, 0.0, 0.0, 0.0, 1.0, 0.0, 0.0, 0.0, 0.0, 0.0, 0.0, 1.0, 38.0, 40.0, 1
452, 1.0, -0.11, 0.819, 0.0, 1.0, 0.0, 0.0, 0.0, 0.0, 0.0, 0.0, 0.0, 1.0, 0.0, 22.0, 38.0, 1
452, 2.0, 0.819, -0.381, 0.0, 0.0, 0.0, 1.0, 0.0, 0.0, 0.0, 0.0, 0.0, 0.0, 1.0, 38.0, 40.0, 1
2789, 7.0, -0.115, 0.015, 0.0, 1.0, 0.0, 0.0, 1.0, 0.0, 0.0, 0.0, 0.0, 0.0, 0.0, 22.0, 27.0, 1
2789, 7.0, -0.085, 0.015, 0.0, 1.0, 0.0, 0.0, 1.0, 0.0, 0.0, 0.0, 0.0, 0.0, 0.0, 27.0, 27.0, 1
2789, 7.0, -0.085, 0.015, 0.0, 1.0, 0.0, 0.0, 1.0, 0.0, 0.0, 0.0, 0.0, 0.0, 0.0, 27.0, 28.0, 1
2789, 7.0, -0.115, 0.015, 0.0, 1.0, 0.0, 0.0, 1.0, 0.0, 0.0, 0.0, 0.0, 0.0, 0.0, 22.0, 28.0, 1
2789, 1.0, -0.115, 0.145, 0.0, 1.0, 0.0, 0.0, 0.0, 0.0, 0.0, 1.0, 0.0, 0.0, 0.0, 22.0, 3.0, 1
2789, 1.0, -0.115, 0.145, 0.0, 1.0, 0.0, 0.0, 0.0, 0.0, 0.0, 1.0, 0.0, 0.0, 0.0, 22.0, 3.0, 1
2789, 7.0, -0.115, 0.015, 0.0, 1.0, 0.0, 0.0, 1.0, 0.0, 0.0, 0.0, 0.0, 0.0, 0.0, 22.0, 27.0, 1
2789, 7.0, -0.115, 0.015, 0.0, 1.0, 0.0, 0.0, 1.0, 0.0, 0.0, 0.0, 0.0, 0.0, 0.0, 22.0, 29.0, 1
2789, 7.0, -0.085, 0.015, 0.0, 1.0, 0.0, 0.0, 1.0, 0.0, 0.0, 0.0, 0.0, 0.0, 0.0, 27.0, 29.0, 1
2789, 1.0, -0.115, 0.145, 0.0, 1.0, 0.0, 0.0, 0.0, 0.0, 0.0, 1.0, 0.0, 0.0, 0.0, 22.0, 3.0, 1
2789, 7.0, -0.115, 0.015, 0.0, 1.0, 0.0, 0.0, 1.0, 0.0, 0.0, 0.0, 0.0, 0.0, 0.0, 22.0, 28.0, 1
2789, 7.0, -0.115, 0.015, 0.0, 1.0, 0.0, 0.0, 1.0, 0.0, 0.0, 0.0, 0.0, 0.0, 0.0, 22.0, 28.0, 1
2789, 1.0, -0.115, 0.146, 0.0, 1.0, 0.0, 0.0, 0.0, 0.0, 0.0, 1.0, 0.0, 0.0, 0.0, 22.0, 3.0, 1
2789, 1.0, -0.115, 0.145, 0.0, 1.0, 0.0, 0.0, 0.0, 0.0, 0.0, 1.0, 0.0, 0.0, 0.0, 22.0, 3.0, 1
2789, 1.0, -0.115, 0.145, 0.0, 1.0, 0.0, 0.0, 0.0, 0.0, 0.0, 1.0, 0.0, 0.0, 0.0, 22.0, 3.0, 1
2789, 1.0, -0.115, 0.145, 0.0, 1.0, 0.0, 0.0, 0.0, 0.0, 0.0, 1.0, 0.0, 0.0, 0.0, 22.0, 3.0, 1
2789, 1.0, -0.115, 0.816, 0.0, 1.0, 0.0, 0.0, 0.0, 0.0, 0.0, 0.0, 0.0, 1.0, 0.0, 22.0, 38.0, 1
2789, 1.0, 0.015, 0.015, 0.0, 1.0, 0.0, 0.0, 1.0, 0.0, 0.0, 0.0, 0.0, 0.0, 0.0, 28.0, 29.0, 1
2789, 1.0, -0.115, 0.816, 0.0, 1.0, 0.0, 0.0, 0.0, 0.0, 0.0, 0.0, 0.0, 1.0, 0.0, 22.0, 38.0, 1
2789, 1.0, -0.115, 0.816, 0.0, 1.0, 0.0, 0.0, 0.0, 0.0, 0.0, 0.0, 0.0, 1.0, 0.0, 22.0, 38.0, 1
2789, 2.0, 0.816, -0.384, 0.0, 0.0, 0.0, 1.0, 0.0, 0.0, 0.0, 0.0, 0.0, 0.0, 1.0, 38.0, 40.0, 1
2789, 2.0, 0.816, -0.384, 0.0, 0.0, 0.0, 1.0, 0.0, 0.0, 0.0, 0.0, 0.0, 0.0, 1.0, 38.0, 40.0, 1
2789, 2.0, 0.816, -0.384, 0.0, 0.0, 0.0, 1.0, 0.0, 0.0, 0.0, 0.0, 0.0, 0.0, 1.0, 38.0, 40.0, 1
2789, 2.0, 0.816, -0.384, 0.0, 0.0, 0.0, 1.0, 0.0, 0.0, 0.0, 0.0, 0.0, 0.0, 1.0, 38.0, 40.0, 1
2789, 2.0, 0.816, -0.384, 0.0, 0.0, 0.0, 1.0, 0.0, 0.0, 0.0, 0.0, 0.0, 0.0, 1.0, 38.0, 40.0, 1
2789, 2.0, 0.816, -0.384, 0.0, 0.0, 0.0, 1.0, 0.0, 0.0, 0.0, 0.0, 0.0, 0.0, 1.0, 38.0, 40.0, 1
3071, 7.0, -0.118, 0.012, 0.0, 1.0, 0.0, 0.0, 1.0, 0.0, 0.0, 0.0, 0.0, 0.0, 0.0, 22.0, 27.0, 1
3071, 7.0, -0.118, 0.012, 0.0, 1.0, 0.0, 0.0, 1.0, 0.0, 0.0, 0.0, 0.0, 0.0, 0.0, 22.0, 27.0, 1
3071, 1.0, -0.118, 0.142, 0.0, 1.0, 0.0, 0.0, 0.0, 0.0, 0.0, 1.0, 0.0, 0.0, 0.0, 22.0, 3.0, 1
3071, 1.0, -0.118, 0.142, 0.0, 1.0, 0.0, 0.0, 0.0, 0.0, 0.0, 1.0, 0.0, 0.0, 0.0, 22.0, 3.0, 1
3071, 1.0, -0.118, 0.142, 0.0, 1.0, 0.0, 0.0, 0.0, 0.0, 0.0, 1.0, 0.0, 0.0, 0.0, 22.0, 3.0, 1
3071, 7.0, -0.118, 0.012, 0.0, 1.0, 0.0, 0.0, 1.0, 0.0, 0.0, 0.0, 0.0, 0.0, 0.0, 22.0, 27.0, 1
3071, 7.0, -0.118, 0.012, 0.0, 1.0, 0.0, 0.0, 1.0, 0.0, 0.0, 0.0, 0.0, 0.0, 0.0, 22.0, 27.0, 1
3071, 1.0, -0.118, 0.142, 0.0, 1.0, 0.0, 0.0, 0.0, 0.0, 0.0, 1.0, 0.0, 0.0, 0.0, 22.0, 3.0, 1
3071, 1.0, -0.118, 0.142, 0.0, 1.0, 0.0, 0.0, 0.0, 0.0, 0.0, 1.0, 0.0, 0.0, 0.0, 22.0, 3.0, 1
3071, 1.0, -0.118, 0.142, 0.0, 1.0, 0.0, 0.0, 0.0, 0.0, 0.0, 1.0, 0.0, 0.0, 0.0, 22.0, 3.0, 1
3071, 1.0, -0.118, 0.811, 0.0, 1.0, 0.0, 0.0, 0.0, 0.0, 0.0, 0.0, 0.0, 1.0, 0.0, 22.0, 38.0, 1
3071, 1.0, -0.118, 0.811, 0.0, 1.0, 0.0, 0.0, 0.0, 0.0, 0.0, 0.0, 0.0, 1.0, 0.0, 22.0, 38.0, 1
3071, 2.0, 0.811, -0.389, 0.0, 0.0, 0.0, 1.0, 0.0, 0.0, 0.0, 0.0, 0.0, 0.0, 1.0, 38.0, 40.0, 1
3071, 2.0, 0.811, -0.389, 0.0, 0.0, 0.0, 1.0, 0.0, 0.0, 0.0, 0.0, 0.0, 0.0, 1.0, 38.0, 40.0, 1
3071, 2.0, 0.811, -0.388, 0.0, 0.0, 0.0, 1.0, 0.0, 0.0, 0.0, 0.0, 0.0, 0.0, 1.0, 38.0, 40.0, 1
3071, 2.0, 0.811, -0.388, 0.0, 0.0, 0.0, 1.0, 0.0, 0.0, 0.0, 0.0, 0.0, 0.0, 1.0, 38.0, 40.0, 1
4008, 7.0, -0.116, 0.014, 0.0, 1.0, 0.0, 0.0, 1.0, 0.0, 0.0, 0.0, 0.0, 0.0, 0.0, 22.0, 22.0, 1
4008, 7.0, 0.014, -0.086, 0.0, 1.0, 0.0, 0.0, 1.0, 0.0, 0.0, 0.0, 0.0, 0.0, 0.0, 22.0, 195.0, 1
4008, 7.0, -0.086, 0.014, 0.0, 1.0, 0.0, 0.0, 1.0, 0.0, 0.0, 0.0, 0.0, 0.0, 0.0, 195.0, 195.0, 1
4008, 7.0, -0.116, 0.014, 0.0, 1.0, 0.0, 0.0, 1.0, 0.0, 0.0, 0.0, 0.0, 0.0, 0.0, 22.0, 195.0, 1
4008, 1.0, -0.086, 0.014, 0.0, 1.0, 0.0, 0.0, 1.0, 0.0, 0.0, 0.0, 0.0, 0.0, 0.0, 10.0, 22.0, 1
4008, 1.0, -0.086, 0.014, 0.0, 1.0, 0.0, 0.0, 1.0, 0.0, 0.0, 0.0, 0.0, 0.0, 0.0, 10.0, 22.0, 1
4008, 7.0, 0.014, -0.086, 0.0, 1.0, 0.0, 0.0, 1.0, 0.0, 0.0, 0.0, 0.0, 0.0, 0.0, 22.0, 27.0, 1
4008, 7.0, -0.086, -0.086, 0.0, 1.0, 0.0, 0.0, 1.0, 0.0, 0.0, 0.0, 0.0, 0.0, 0.0, 27.0, 195.0, 1
4008, 7.0, -0.086, 0.014, 0.0, 1.0, 0.0, 0.0, 1.0, 0.0, 0.0, 0.0, 0.0, 0.0, 0.0, 27.0, 27.0, 1
4008, 7.0, -0.116, 0.014, 0.0, 1.0, 0.0, 0.0, 1.0, 0.0, 0.0, 0.0, 0.0, 0.0, 0.0, 22.0, 27.0, 1
4008, 7.0, -0.116, 0.014, 0.0, 1.0, 0.0, 0.0, 1.0, 0.0, 0.0, 0.0, 0.0, 0.0, 0.0, 22.0, 195.0, 1
4008, 7.0, -0.116, 0.014, 0.0, 1.0, 0.0, 0.0, 1.0, 0.0, 0.0, 0.0, 0.0, 0.0, 0.0, 22.0, 22.0, 1
4008, 7.0, -0.116, 0.014, 0.0, 1.0, 0.0, 0.0, 1.0, 0.0, 0.0, 0.0, 0.0, 0.0, 0.0, 22.0, 27.0, 1
4008, 1.0, -0.116, 0.145, 0.0, 1.0, 0.0, 0.0, 0.0, 0.0, 0.0, 1.0, 0.0, 0.0, 0.0, 22.0, 3.0, 1
4008, 1.0, -0.116, 0.145, 0.0, 1.0, 0.0, 0.0, 0.0, 0.0, 0.0, 1.0, 0.0, 0.0, 0.0, 22.0, 3.0, 1
4008, 1.0, -0.116, 0.145, 0.0, 1.0, 0.0, 0.0, 0.0, 0.0, 0.0, 1.0, 0.0, 0.0, 0.0, 22.0, 3.0, 1
4008, 1.0, -0.116, 0.145, 0.0, 1.0, 0.0, 0.0, 0.0, 0.0, 0.0, 1.0, 0.0, 0.0, 0.0, 22.0, 3.0, 1
4008, 1.0, -0.116, 0.145, 0.0, 1.0, 0.0, 0.0, 0.0, 0.0, 0.0, 1.0, 0.0, 0.0, 0.0, 22.0, 3.0, 1
4008, 1.0, -0.086, 0.064, 0.0, 1.0, 0.0, 0.0, 0.0, 0.0, 0.0, 1.0, 0.0, 0.0, 0.0, 10.0, 3.0, 1
4008, 1.0, -0.116, 0.145, 0.0, 1.0, 0.0, 0.0, 0.0, 0.0, 0.0, 1.0, 0.0, 0.0, 0.0, 22.0, 3.0, 1
4008, 1.0, -0.086, 0.064, 0.0, 1.0, 0.0, 0.0, 0.0, 0.0, 0.0, 1.0, 0.0, 0.0, 0.0, 10.0, 3.0, 1
4008, 1.0, -0.086, 0.064, 0.0, 1.0, 0.0, 0.0, 0.0, 0.0, 0.0, 1.0, 0.0, 0.0, 0.0, 10.0, 3.0, 1
4008, 1.0, -0.116, 0.815, 0.0, 1.0, 0.0, 0.0, 0.0, 0.0, 0.0, 0.0, 0.0, 1.0, 0.0, 22.0, 38.0, 1
4008, 1.0, -0.086, 0.064, 0.0, 1.0, 0.0, 0.0, 0.0, 0.0, 0.0, 1.0, 0.0, 0.0, 0.0, 10.0, 3.0, 1
4008, 2.0, 0.815, -0.385, 0.0, 0.0, 0.0, 1.0, 0.0, 0.0, 0.0, 0.0, 0.0, 0.0, 1.0, 38.0, 40.0, 1
4008, 1.0, -0.116, 0.815, 0.0, 1.0, 0.0, 0.0, 0.0, 0.0, 0.0, 0.0, 0.0, 1.0, 0.0, 22.0, 38.0, 1
4008, 2.0, 0.815, -0.385, 0.0, 0.0, 0.0, 1.0, 0.0, 0.0, 0.0, 0.0, 0.0, 0.0, 1.0, 38.0, 40.0, 1
4008, 2.0, 0.815, -0.385, 0.0, 0.0, 0.0, 1.0, 0.0, 0.0, 0.0, 0.0, 0.0, 0.0, 1.0, 38.0, 40.0, 1
4008, 2.0, 0.815, -0.385, 0.0, 0.0, 0.0, 1.0, 0.0, 0.0, 0.0, 0.0, 0.0, 0.0, 1.0, 38.0, 40.0, 1
