@relation mutagenesis-bonds
@attribute Bonds-bag-id {3933, 3688, 583, 2127, 1764, 3209, 105, 1463, 4168, 681, 3328, 4008, 841, 1714, 11, 3760, 395, 73, 2464, 3466, 4097, 1156, 1176, 516, 205, 3085, 77, 1951, 1451, 4066, 142, 3389, 2664, 909, 4134, 3080, 1292, 1111, 3749, 3580, 251, 586, 2942, 4060, 2657, 1644, 452, 4145, 941, 1884, 600, 1200, 3365, 1855, 2592, 2622, 316, 104, 74, 3052, 3071, 3478, 1863, 647, 2122, 3919, 2992, 2452, 2789, 3558, 2889, 3293, 2349, 1724, 1065, 2550, 3459, 631, 2041, 2085, 1273, 3307, 3899, 2095, 1834, 950, 2755, 2524, 3256, 3225, 2010, 3498, 2483, 1237, 1838, 3322, 3449, 826, 2933, 1759, 1752, 640, 285, 1580, 2874, 502, 3167, 187, 2497, 1131, 273, 3587, 3238, 1063, 2809, 1019, 334, 2879, 927, 2235, 3260, 3743, 1894, 311, 1613, 2522, 1425, 3120, 2751, 3, 1515, 1428, 1190, 724, 1205, 3008, 1924, 1372, 2880, 3766, 2711, 587, 1743, 2134, 2329, 1312, 828, 1210, 3655, 693, 2117, 1615, 2996, 3990, 3599, 2412, 2642, 4, 308, 3559, 1745, 2028, 2005, 3777, 1270, 561, 1849, 3592, 707, 2043, 171, 3570, 886, 2914, 2573, 1659, 652, 3653, 2030, 902, 3495, 2320, 2376, 3230, 538, 3201, 2219, 3344}
@attribute Bondtype real [1.0, 7.0]
@attribute Charge1 real [-0.533, 1.002]
@attribute Charge2 real [-0.781, 1.002]
@attribute Elementtype1=br real [0.0, 1.0]
@attribute Elementtype1=c real [0.0, 1.0]
@attribute Elementtype1=h real [0.0, 1.0]
@attribute Elementtype1=n real [0.0, 1.0]
@attribute Elementtype2=c real [0.0, 1.0]
@attribute Elementtype2=cl real [0.0, 1.0]
@attribute Elementtype2=f real [0.0, 1.0]
@attribute Elementtype2=h real [0.0, 1.0]
@attribute Elementtype2=i real [0.0, 1.0]
@attribute Elementtype2=n real [0.0, 1.0]
@attribute Elementtype2=o real [0.0, 1.0]
@attribute Quanta1 real [1.0, 232.0]
@attribute Quanta2 real [3.0, 232.0]
@attribute Class {0, 1}
@inputs Bonds-bag-id, Bondtype, Charge1, Charge2, Elementtype1=br, Elementtype1=c, Elementtype1=h, Elementtype1=n, Elementtype2=c, Elementtype2=cl, Elementtype2=f, Elementtype2=h, Elementtype2=i, Elementtype2=n, Elementtype2=o, Quanta1, Quanta2
@outputs Class
@data
3260, 1.0, -0.074, 0.187, 0.0, 1.0, 0.0, 0.0, 0.0, 0.0, 0.0, 1.0, 0.0, 0.0, 0.0, 22.0, 3.0, 0
3260, 1.0, -0.074, 0.187, 0.0, 1.0, 0.0, 0.0, 0.0, 0.0, 0.0, 1.0, 0.0, 0.0, 0.0, 22.0, 3.0, 0
3260, 1.0, -0.074, 0.187, 0.0, 1.0, 0.0, 0.0, 0.0, 0.0, 0.0, 1.0, 0.0, 0.0, 0.0, 22.0, 3.0, 0
3260, 1.0, -0.074, 0.857, 0.0, 1.0, 0.0, 0.0, 0.0, 0.0, 0.0, 0.0, 0.0, 1.0, 0.0, 22.0, 38.0, 0
3260, 1.0, -0.074, -0.144, 0.0, 1.0, 0.0, 0.0, 0.0, 1.0, 0.0, 0.0, 0.0, 0.0, 0.0, 22.0, 93.0, 0
3260, 1.0, -0.074, -0.144, 0.0, 1.0, 0.0, 0.0, 0.0, 1.0, 0.0, 0.0, 0.0, 0.0, 0.0, 22.0, 93.0, 0
3260, 2.0, 0.857, -0.343, 0.0, 0.0, 0.0, 1.0, 0.0, 0.0, 0.0, 0.0, 0.0, 0.0, 1.0, 38.0, 40.0, 0
3260, 2.0, 0.857, -0.343, 0.0, 0.0, 0.0, 1.0, 0.0, 0.0, 0.0, 0.0, 0.0, 0.0, 1.0, 38.0, 40.0, 0
2043, 7.0, -0.116, 0.014, 0.0, 1.0, 0.0, 0.0, 1.0, 0.0, 0.0, 0.0, 0.0, 0.0, 0.0, 22.0, 29.0, 0
2043, 7.0, -0.116, 0.014, 0.0, 1.0, 0.0, 0.0, 1.0, 0.0, 0.0, 0.0, 0.0, 0.0, 0.0, 22.0, 29.0, 0
2043, 1.0, -0.116, 0.144, 0.0, 1.0, 0.0, 0.0, 0.0, 0.0, 0.0, 1.0, 0.0, 0.0, 0.0, 22.0, 3.0, 0
2043, 1.0, -0.116, 0.144, 0.0, 1.0, 0.0, 0.0, 0.0, 0.0, 0.0, 1.0, 0.0, 0.0, 0.0, 22.0, 3.0, 0
2043, 1.0, -0.116, 0.144, 0.0, 1.0, 0.0, 0.0, 0.0, 0.0, 0.0, 1.0, 0.0, 0.0, 0.0, 22.0, 3.0, 0
2043, 1.0, -0.116, 0.144, 0.0, 1.0, 0.0, 0.0, 0.0, 0.0, 0.0, 1.0, 0.0, 0.0, 0.0, 22.0, 3.0, 0
2043, 7.0, -0.116, 0.014, 0.0, 1.0, 0.0, 0.0, 1.0, 0.0, 0.0, 0.0, 0.0, 0.0, 0.0, 22.0, 29.0, 0
2043, 7.0, -0.116, 0.014, 0.0, 1.0, 0.0, 0.0, 1.0, 0.0, 0.0, 0.0, 0.0, 0.0, 0.0, 22.0, 29.0, 0
2043, 1.0, -0.116, 0.144, 0.0, 1.0, 0.0, 0.0, 0.0, 0.0, 0.0, 1.0, 0.0, 0.0, 0.0, 22.0, 3.0, 0
2043, 1.0, -0.116, 0.144, 0.0, 1.0, 0.0, 0.0, 0.0, 0.0, 0.0, 1.0, 0.0, 0.0, 0.0, 22.0, 3.0, 0
2043, 1.0, -0.116, 0.144, 0.0, 1.0, 0.0, 0.0, 0.0, 0.0, 0.0, 1.0, 0.0, 0.0, 0.0, 22.0, 3.0, 0
2043, 1.0, -0.116, 0.813, 0.0, 1.0, 0.0, 0.0, 0.0, 0.0, 0.0, 0.0, 0.0, 1.0, 0.0, 22.0, 38.0, 0
2043, 1.0, -0.116, 0.813, 0.0, 1.0, 0.0, 0.0, 0.0, 0.0, 0.0, 0.0, 0.0, 1.0, 0.0, 22.0, 38.0, 0
2043, 1.0, -0.116, 0.814, 0.0, 1.0, 0.0, 0.0, 0.0, 0.0, 0.0, 0.0, 0.0, 1.0, 0.0, 22.0, 38.0, 0
2043, 2.0, 0.814, -0.386, 0.0, 0.0, 0.0, 1.0, 0.0, 0.0, 0.0, 0.0, 0.0, 0.0, 1.0, 38.0, 40.0, 0
2043, 2.0, 0.814, -0.386, 0.0, 0.0, 0.0, 1.0, 0.0, 0.0, 0.0, 0.0, 0.0, 0.0, 1.0, 38.0, 40.0, 0
2043, 2.0, 0.813, -0.386, 0.0, 0.0, 0.0, 1.0, 0.0, 0.0, 0.0, 0.0, 0.0, 0.0, 1.0, 38.0, 40.0, 0
2043, 2.0, 0.813, -0.386, 0.0, 0.0, 0.0, 1.0, 0.0, 0.0, 0.0, 0.0, 0.0, 0.0, 1.0, 38.0, 40.0, 0
2043, 2.0, 0.813, -0.386, 0.0, 0.0, 0.0, 1.0, 0.0, 0.0, 0.0, 0.0, 0.0, 0.0, 1.0, 38.0, 40.0, 0
2043, 2.0, 0.813, -0.386, 0.0, 0.0, 0.0, 1.0, 0.0, 0.0, 0.0, 0.0, 0.0, 0.0, 1.0, 38.0, 40.0, 0
1428, 7.0, -0.133, 0.176, 0.0, 1.0, 0.0, 0.0, 1.0, 0.0, 0.0, 0.0, 0.0, 0.0, 0.0, 22.0, 22.0, 0
1428, 7.0, -0.134, 0.176, 0.0, 1.0, 0.0, 0.0, 1.0, 0.0, 0.0, 0.0, 0.0, 0.0, 0.0, 22.0, 22.0, 0
1428, 7.0, -0.134, -0.133, 0.0, 1.0, 0.0, 0.0, 1.0, 0.0, 0.0, 0.0, 0.0, 0.0, 0.0, 22.0, 22.0, 0
1428, 1.0, -0.133, 0.127, 0.0, 1.0, 0.0, 0.0, 0.0, 0.0, 0.0, 1.0, 0.0, 0.0, 0.0, 22.0, 3.0, 0
1428, 1.0, -0.133, 0.127, 0.0, 1.0, 0.0, 0.0, 0.0, 0.0, 0.0, 1.0, 0.0, 0.0, 0.0, 22.0, 3.0, 0
1428, 1.0, -0.133, 0.127, 0.0, 1.0, 0.0, 0.0, 0.0, 0.0, 0.0, 1.0, 0.0, 0.0, 0.0, 22.0, 3.0, 0
1428, 1.0, -0.134, 0.127, 0.0, 1.0, 0.0, 0.0, 0.0, 0.0, 0.0, 1.0, 0.0, 0.0, 0.0, 22.0, 3.0, 0
1428, 1.0, 0.176, -0.234, 0.0, 1.0, 0.0, 0.0, 0.0, 0.0, 0.0, 0.0, 0.0, 0.0, 1.0, 22.0, 50.0, 0
1428, 1.0, 0.087, -0.234, 0.0, 1.0, 0.0, 0.0, 0.0, 0.0, 0.0, 0.0, 0.0, 0.0, 1.0, 10.0, 50.0, 0
1428, 1.0, 0.087, 0.047, 0.0, 1.0, 0.0, 0.0, 0.0, 0.0, 0.0, 1.0, 0.0, 0.0, 0.0, 10.0, 3.0, 0
1428, 1.0, 0.087, 0.047, 0.0, 1.0, 0.0, 0.0, 0.0, 0.0, 0.0, 1.0, 0.0, 0.0, 0.0, 10.0, 3.0, 0
1428, 1.0, 0.087, 0.047, 0.0, 1.0, 0.0, 0.0, 0.0, 0.0, 0.0, 1.0, 0.0, 0.0, 0.0, 10.0, 3.0, 0
1428, 1.0, -0.133, 0.796, 0.0, 1.0, 0.0, 0.0, 0.0, 0.0, 0.0, 0.0, 0.0, 1.0, 0.0, 22.0, 38.0, 0
1428, 2.0, 0.796, -0.404, 0.0, 0.0, 0.0, 1.0, 0.0, 0.0, 0.0, 0.0, 0.0, 0.0, 1.0, 38.0, 40.0, 0
1428, 2.0, 0.796, -0.404, 0.0, 0.0, 0.0, 1.0, 0.0, 0.0, 0.0, 0.0, 0.0, 0.0, 1.0, 38.0, 40.0, 0
3655, 1.0, -0.097, 0.163, 0.0, 1.0, 0.0, 0.0, 0.0, 0.0, 0.0, 1.0, 0.0, 0.0, 0.0, 22.0, 3.0, 0
3655, 1.0, -0.097, 0.163, 0.0, 1.0, 0.0, 0.0, 0.0, 0.0, 0.0, 1.0, 0.0, 0.0, 0.0, 22.0, 3.0, 0
3655, 1.0, -0.097, 0.163, 0.0, 1.0, 0.0, 0.0, 0.0, 0.0, 0.0, 1.0, 0.0, 0.0, 0.0, 22.0, 3.0, 0
3655, 1.0, -0.097, 0.163, 0.0, 1.0, 0.0, 0.0, 0.0, 0.0, 0.0, 1.0, 0.0, 0.0, 0.0, 22.0, 3.0, 0
3655, 1.0, -0.097, 0.832, 0.0, 1.0, 0.0, 0.0, 0.0, 0.0, 0.0, 0.0, 0.0, 1.0, 0.0, 22.0, 38.0, 0
3655, 1.0, -0.097, -0.167, 0.0, 1.0, 0.0, 0.0, 0.0, 1.0, 0.0, 0.0, 0.0, 0.0, 0.0, 22.0, 93.0, 0
3655, 2.0, 0.832, -0.368, 0.0, 0.0, 0.0, 1.0, 0.0, 0.0, 0.0, 0.0, 0.0, 0.0, 1.0, 38.0, 40.0, 0
3655, 2.0, 0.832, -0.367, 0.0, 0.0, 0.0, 1.0, 0.0, 0.0, 0.0, 0.0, 0.0, 0.0, 1.0, 38.0, 40.0, 0
2751, 7.0, -0.124, 0.0060, 0.0, 1.0, 0.0, 0.0, 1.0, 0.0, 0.0, 0.0, 0.0, 0.0, 0.0, 22.0, 29.0, 0
2751, 7.0, -0.174, 0.0060, 0.0, 1.0, 0.0, 0.0, 1.0, 0.0, 0.0, 0.0, 0.0, 0.0, 0.0, 22.0, 29.0, 0
2751, 7.0, -0.174, -0.124, 0.0, 1.0, 0.0, 0.0, 1.0, 0.0, 0.0, 0.0, 0.0, 0.0, 0.0, 22.0, 22.0, 0
2751, 1.0, -0.124, 0.136, 0.0, 1.0, 0.0, 0.0, 0.0, 0.0, 0.0, 1.0, 0.0, 0.0, 0.0, 22.0, 3.0, 0
2751, 1.0, -0.124, 0.136, 0.0, 1.0, 0.0, 0.0, 0.0, 0.0, 0.0, 1.0, 0.0, 0.0, 0.0, 22.0, 3.0, 0
2751, 1.0, -0.124, 0.136, 0.0, 1.0, 0.0, 0.0, 0.0, 0.0, 0.0, 1.0, 0.0, 0.0, 0.0, 22.0, 3.0, 0
2751, 1.0, -0.124, 0.136, 0.0, 1.0, 0.0, 0.0, 0.0, 0.0, 0.0, 1.0, 0.0, 0.0, 0.0, 22.0, 3.0, 0
2751, 7.0, -0.124, 0.0060, 0.0, 1.0, 0.0, 0.0, 1.0, 0.0, 0.0, 0.0, 0.0, 0.0, 0.0, 22.0, 29.0, 0
2751, 7.0, -0.124, 0.0060, 0.0, 1.0, 0.0, 0.0, 1.0, 0.0, 0.0, 0.0, 0.0, 0.0, 0.0, 22.0, 29.0, 0
2751, 1.0, -0.124, 0.136, 0.0, 1.0, 0.0, 0.0, 0.0, 0.0, 0.0, 1.0, 0.0, 0.0, 0.0, 22.0, 3.0, 0
2751, 1.0, -0.124, 0.136, 0.0, 1.0, 0.0, 0.0, 0.0, 0.0, 0.0, 1.0, 0.0, 0.0, 0.0, 22.0, 3.0, 0
2751, 1.0, -0.124, 0.136, 0.0, 1.0, 0.0, 0.0, 0.0, 0.0, 0.0, 1.0, 0.0, 0.0, 0.0, 22.0, 3.0, 0
2751, 1.0, -0.124, 0.136, 0.0, 1.0, 0.0, 0.0, 0.0, 0.0, 0.0, 1.0, 0.0, 0.0, 0.0, 22.0, 3.0, 0
2751, 1.0, 0.0060, -0.174, 0.0, 1.0, 0.0, 0.0, 1.0, 0.0, 0.0, 0.0, 0.0, 0.0, 0.0, 10.0, 22.0, 0
2751, 1.0, 0.0060, 0.056, 0.0, 1.0, 0.0, 0.0, 0.0, 0.0, 0.0, 1.0, 0.0, 0.0, 0.0, 10.0, 3.0, 0
2751, 1.0, 0.0060, 0.056, 0.0, 1.0, 0.0, 0.0, 0.0, 0.0, 0.0, 1.0, 0.0, 0.0, 0.0, 10.0, 3.0, 0
2751, 1.0, -0.124, 0.805, 0.0, 1.0, 0.0, 0.0, 0.0, 0.0, 0.0, 0.0, 0.0, 1.0, 0.0, 22.0, 38.0, 0
2751, 1.0, 0.0060, 0.056, 0.0, 1.0, 0.0, 0.0, 0.0, 0.0, 0.0, 1.0, 0.0, 0.0, 0.0, 10.0, 3.0, 0
2751, 2.0, 0.805, -0.395, 0.0, 0.0, 0.0, 1.0, 0.0, 0.0, 0.0, 0.0, 0.0, 0.0, 1.0, 38.0, 40.0, 0
2751, 2.0, 0.805, -0.394, 0.0, 0.0, 0.0, 1.0, 0.0, 0.0, 0.0, 0.0, 0.0, 0.0, 1.0, 38.0, 40.0, 0
4, 7.0, -0.114, -0.084, 0.0, 1.0, 0.0, 0.0, 1.0, 0.0, 0.0, 0.0, 0.0, 0.0, 0.0, 22.0, 27.0, 0
4, 7.0, -0.084, 0.016, 0.0, 1.0, 0.0, 0.0, 1.0, 0.0, 0.0, 0.0, 0.0, 0.0, 0.0, 27.0, 27.0, 0
4, 7.0, -0.114, 0.016, 0.0, 1.0, 0.0, 0.0, 1.0, 0.0, 0.0, 0.0, 0.0, 0.0, 0.0, 22.0, 27.0, 0
4, 1.0, -0.114, 0.146, 0.0, 1.0, 0.0, 0.0, 0.0, 0.0, 0.0, 1.0, 0.0, 0.0, 0.0, 22.0, 3.0, 0
4, 1.0, -0.114, 0.146, 0.0, 1.0, 0.0, 0.0, 0.0, 0.0, 0.0, 1.0, 0.0, 0.0, 0.0, 22.0, 3.0, 0
4, 1.0, -0.114, 0.146, 0.0, 1.0, 0.0, 0.0, 0.0, 0.0, 0.0, 1.0, 0.0, 0.0, 0.0, 22.0, 3.0, 0
4, 7.0, -0.084, -0.755, 0.0, 1.0, 0.0, 0.0, 0.0, 0.0, 0.0, 0.0, 0.0, 1.0, 0.0, 27.0, 35.0, 0
4, 7.0, 0.516, -0.755, 0.0, 1.0, 0.0, 0.0, 0.0, 0.0, 0.0, 0.0, 0.0, 1.0, 0.0, 22.0, 35.0, 0
4, 7.0, -0.114, 0.516, 0.0, 1.0, 0.0, 0.0, 1.0, 0.0, 0.0, 0.0, 0.0, 0.0, 0.0, 22.0, 22.0, 0
4, 7.0, -0.114, 0.016, 0.0, 1.0, 0.0, 0.0, 1.0, 0.0, 0.0, 0.0, 0.0, 0.0, 0.0, 22.0, 27.0, 0
4, 1.0, -0.114, 0.146, 0.0, 1.0, 0.0, 0.0, 0.0, 0.0, 0.0, 1.0, 0.0, 0.0, 0.0, 22.0, 3.0, 0
4, 1.0, -0.114, 0.146, 0.0, 1.0, 0.0, 0.0, 0.0, 0.0, 0.0, 1.0, 0.0, 0.0, 0.0, 22.0, 3.0, 0
4, 1.0, 0.016, 0.516, 0.0, 1.0, 0.0, 0.0, 1.0, 0.0, 0.0, 0.0, 0.0, 0.0, 0.0, 10.0, 22.0, 0
4, 1.0, 0.016, 0.066, 0.0, 1.0, 0.0, 0.0, 0.0, 0.0, 0.0, 1.0, 0.0, 0.0, 0.0, 10.0, 3.0, 0
4, 1.0, 0.016, 0.066, 0.0, 1.0, 0.0, 0.0, 0.0, 0.0, 0.0, 1.0, 0.0, 0.0, 0.0, 10.0, 3.0, 0
4, 1.0, 0.016, 0.066, 0.0, 1.0, 0.0, 0.0, 0.0, 0.0, 0.0, 1.0, 0.0, 0.0, 0.0, 10.0, 3.0, 0
4, 2.0, 0.815, -0.384, 0.0, 0.0, 0.0, 1.0, 0.0, 0.0, 0.0, 0.0, 0.0, 0.0, 1.0, 38.0, 40.0, 0
4, 1.0, -0.114, 0.815, 0.0, 1.0, 0.0, 0.0, 0.0, 0.0, 0.0, 0.0, 0.0, 1.0, 0.0, 22.0, 38.0, 0
4, 2.0, 0.815, -0.384, 0.0, 0.0, 0.0, 1.0, 0.0, 0.0, 0.0, 0.0, 0.0, 0.0, 1.0, 38.0, 40.0, 0
631, 7.0, -0.121, 0.0090, 0.0, 1.0, 0.0, 0.0, 1.0, 0.0, 0.0, 0.0, 0.0, 0.0, 0.0, 22.0, 27.0, 1
631, 7.0, -0.091, 0.0090, 0.0, 1.0, 0.0, 0.0, 1.0, 0.0, 0.0, 0.0, 0.0, 0.0, 0.0, 27.0, 27.0, 1
631, 7.0, -0.091, 0.0090, 0.0, 1.0, 0.0, 0.0, 1.0, 0.0, 0.0, 0.0, 0.0, 0.0, 0.0, 27.0, 27.0, 1
631, 7.0, -0.122, 0.0090, 0.0, 1.0, 0.0, 0.0, 1.0, 0.0, 0.0, 0.0, 0.0, 0.0, 0.0, 22.0, 27.0, 1
631, 7.0, -0.122, -0.121, 0.0, 1.0, 0.0, 0.0, 1.0, 0.0, 0.0, 0.0, 0.0, 0.0, 0.0, 22.0, 22.0, 1
631, 7.0, -0.121, 0.0090, 0.0, 1.0, 0.0, 0.0, 1.0, 0.0, 0.0, 0.0, 0.0, 0.0, 0.0, 22.0, 27.0, 1
631, 7.0, -0.121, 0.0090, 0.0, 1.0, 0.0, 0.0, 1.0, 0.0, 0.0, 0.0, 0.0, 0.0, 0.0, 22.0, 27.0, 1
631, 7.0, -0.091, 0.0090, 0.0, 1.0, 0.0, 0.0, 1.0, 0.0, 0.0, 0.0, 0.0, 0.0, 0.0, 27.0, 27.0, 1
631, 7.0, -0.091, 0.0090, 0.0, 1.0, 0.0, 0.0, 1.0, 0.0, 0.0, 0.0, 0.0, 0.0, 0.0, 27.0, 27.0, 1
631, 7.0, 0.0090, 0.0090, 0.0, 1.0, 0.0, 0.0, 1.0, 0.0, 0.0, 0.0, 0.0, 0.0, 0.0, 22.0, 27.0, 1
631, 7.0, 0.0090, 0.0090, 0.0, 1.0, 0.0, 0.0, 1.0, 0.0, 0.0, 0.0, 0.0, 0.0, 0.0, 22.0, 27.0, 1
631, 7.0, -0.121, 0.0090, 0.0, 1.0, 0.0, 0.0, 1.0, 0.0, 0.0, 0.0, 0.0, 0.0, 0.0, 22.0, 27.0, 1
631, 7.0, -0.122, -0.121, 0.0, 1.0, 0.0, 0.0, 1.0, 0.0, 0.0, 0.0, 0.0, 0.0, 0.0, 22.0, 22.0, 1
631, 7.0, -0.122, 0.0090, 0.0, 1.0, 0.0, 0.0, 1.0, 0.0, 0.0, 0.0, 0.0, 0.0, 0.0, 22.0, 27.0, 1
631, 1.0, -0.091, 0.0090, 0.0, 1.0, 0.0, 0.0, 1.0, 0.0, 0.0, 0.0, 0.0, 0.0, 0.0, 10.0, 22.0, 1
631, 1.0, -0.091, 0.0090, 0.0, 1.0, 0.0, 0.0, 1.0, 0.0, 0.0, 0.0, 0.0, 0.0, 0.0, 10.0, 22.0, 1
631, 2.0, 0.808, -0.392, 0.0, 0.0, 0.0, 1.0, 0.0, 0.0, 0.0, 0.0, 0.0, 0.0, 1.0, 38.0, 40.0, 1
631, 1.0, -0.122, 0.808, 0.0, 1.0, 0.0, 0.0, 0.0, 0.0, 0.0, 0.0, 0.0, 1.0, 0.0, 22.0, 38.0, 1
631, 1.0, -0.121, 0.138, 0.0, 1.0, 0.0, 0.0, 0.0, 0.0, 0.0, 1.0, 0.0, 0.0, 0.0, 22.0, 3.0, 1
631, 2.0, 0.808, -0.392, 0.0, 0.0, 0.0, 1.0, 0.0, 0.0, 0.0, 0.0, 0.0, 0.0, 1.0, 38.0, 40.0, 1
631, 1.0, -0.122, 0.138, 0.0, 1.0, 0.0, 0.0, 0.0, 0.0, 0.0, 1.0, 0.0, 0.0, 0.0, 22.0, 3.0, 1
631, 1.0, -0.121, 0.138, 0.0, 1.0, 0.0, 0.0, 0.0, 0.0, 0.0, 1.0, 0.0, 0.0, 0.0, 22.0, 3.0, 1
631, 1.0, -0.121, 0.138, 0.0, 1.0, 0.0, 0.0, 0.0, 0.0, 0.0, 1.0, 0.0, 0.0, 0.0, 22.0, 3.0, 1
631, 1.0, -0.121, 0.138, 0.0, 1.0, 0.0, 0.0, 0.0, 0.0, 0.0, 1.0, 0.0, 0.0, 0.0, 22.0, 3.0, 1
631, 1.0, -0.121, 0.138, 0.0, 1.0, 0.0, 0.0, 0.0, 0.0, 0.0, 1.0, 0.0, 0.0, 0.0, 22.0, 3.0, 1
631, 1.0, -0.121, 0.138, 0.0, 1.0, 0.0, 0.0, 0.0, 0.0, 0.0, 1.0, 0.0, 0.0, 0.0, 22.0, 3.0, 1
631, 1.0, -0.091, 0.059, 0.0, 1.0, 0.0, 0.0, 0.0, 0.0, 0.0, 1.0, 0.0, 0.0, 0.0, 10.0, 3.0, 1
631, 1.0, -0.091, 0.059, 0.0, 1.0, 0.0, 0.0, 0.0, 0.0, 0.0, 1.0, 0.0, 0.0, 0.0, 10.0, 3.0, 1
631, 1.0, -0.091, 0.059, 0.0, 1.0, 0.0, 0.0, 0.0, 0.0, 0.0, 1.0, 0.0, 0.0, 0.0, 10.0, 3.0, 1
631, 1.0, -0.091, 0.059, 0.0, 1.0, 0.0, 0.0, 0.0, 0.0, 0.0, 1.0, 0.0, 0.0, 0.0, 10.0, 3.0, 1
631, 1.0, -0.091, 0.059, 0.0, 1.0, 0.0, 0.0, 0.0, 0.0, 0.0, 1.0, 0.0, 0.0, 0.0, 10.0, 3.0, 1
631, 1.0, -0.091, 0.059, 0.0, 1.0, 0.0, 0.0, 0.0, 0.0, 0.0, 1.0, 0.0, 0.0, 0.0, 10.0, 3.0, 1
631, 1.0, -0.091, 0.059, 0.0, 1.0, 0.0, 0.0, 0.0, 0.0, 0.0, 1.0, 0.0, 0.0, 0.0, 10.0, 3.0, 1
631, 1.0, -0.091, 0.059, 0.0, 1.0, 0.0, 0.0, 0.0, 0.0, 0.0, 1.0, 0.0, 0.0, 0.0, 10.0, 3.0, 1
4134, 7.0, -0.134, -0.0040, 0.0, 1.0, 0.0, 0.0, 1.0, 0.0, 0.0, 0.0, 0.0, 0.0, 0.0, 21.0, 21.0, 1
4134, 7.0, -0.134, 0.096, 0.0, 1.0, 0.0, 0.0, 1.0, 0.0, 0.0, 0.0, 0.0, 0.0, 0.0, 21.0, 21.0, 1
4134, 7.0, 0.096, -0.034, 0.0, 1.0, 0.0, 0.0, 0.0, 0.0, 0.0, 0.0, 0.0, 0.0, 1.0, 21.0, 52.0, 1
4134, 7.0, -0.0040, -0.034, 0.0, 1.0, 0.0, 0.0, 0.0, 0.0, 0.0, 0.0, 0.0, 0.0, 1.0, 21.0, 52.0, 1
4134, 1.0, -0.0040, 0.797, 0.0, 1.0, 0.0, 0.0, 0.0, 0.0, 0.0, 0.0, 0.0, 1.0, 0.0, 21.0, 38.0, 1
4134, 2.0, 0.797, -0.403, 0.0, 0.0, 0.0, 1.0, 0.0, 0.0, 0.0, 0.0, 0.0, 0.0, 1.0, 38.0, 40.0, 1
4134, 2.0, 0.797, -0.403, 0.0, 0.0, 0.0, 1.0, 0.0, 0.0, 0.0, 0.0, 0.0, 0.0, 1.0, 38.0, 40.0, 1
4134, 1.0, 0.597, 0.096, 0.0, 1.0, 0.0, 0.0, 1.0, 0.0, 0.0, 0.0, 0.0, 0.0, 0.0, 14.0, 21.0, 1
4134, 2.0, 0.597, -0.404, 0.0, 1.0, 0.0, 0.0, 0.0, 0.0, 0.0, 0.0, 0.0, 1.0, 0.0, 14.0, 32.0, 1
4134, 1.0, 0.597, -0.404, 0.0, 1.0, 0.0, 0.0, 0.0, 0.0, 0.0, 0.0, 0.0, 1.0, 0.0, 14.0, 32.0, 1
4134, 1.0, 0.597, -0.204, 0.0, 1.0, 0.0, 0.0, 1.0, 0.0, 0.0, 0.0, 0.0, 0.0, 0.0, 14.0, 16.0, 1
4134, 2.0, 0.597, -0.553, 0.0, 1.0, 0.0, 0.0, 0.0, 0.0, 0.0, 0.0, 0.0, 0.0, 1.0, 14.0, 40.0, 1
4134, 7.0, -0.134, 0.096, 0.0, 1.0, 0.0, 0.0, 1.0, 0.0, 0.0, 0.0, 0.0, 0.0, 0.0, 21.0, 21.0, 1
4134, 7.0, -0.134, -0.0040, 0.0, 1.0, 0.0, 0.0, 1.0, 0.0, 0.0, 0.0, 0.0, 0.0, 0.0, 21.0, 21.0, 1
4134, 7.0, -0.134, -0.0040, 0.0, 1.0, 0.0, 0.0, 1.0, 0.0, 0.0, 0.0, 0.0, 0.0, 0.0, 21.0, 21.0, 1
4134, 7.0, -0.134, 0.096, 0.0, 1.0, 0.0, 0.0, 1.0, 0.0, 0.0, 0.0, 0.0, 0.0, 0.0, 21.0, 21.0, 1
4134, 2.0, 0.797, -0.404, 0.0, 0.0, 0.0, 1.0, 0.0, 0.0, 0.0, 0.0, 0.0, 0.0, 1.0, 38.0, 40.0, 1
4134, 1.0, -0.0040, 0.797, 0.0, 1.0, 0.0, 0.0, 0.0, 0.0, 0.0, 0.0, 0.0, 1.0, 0.0, 21.0, 38.0, 1
4134, 1.0, -0.134, 0.126, 0.0, 1.0, 0.0, 0.0, 0.0, 0.0, 0.0, 1.0, 0.0, 0.0, 0.0, 21.0, 3.0, 1
4134, 2.0, 0.797, -0.403, 0.0, 0.0, 0.0, 1.0, 0.0, 0.0, 0.0, 0.0, 0.0, 0.0, 1.0, 38.0, 40.0, 1
4134, 1.0, 0.597, 0.046, 0.0, 1.0, 0.0, 0.0, 0.0, 0.0, 0.0, 1.0, 0.0, 0.0, 0.0, 14.0, 3.0, 1
4134, 1.0, -0.134, 0.126, 0.0, 1.0, 0.0, 0.0, 0.0, 0.0, 0.0, 1.0, 0.0, 0.0, 0.0, 21.0, 3.0, 1
4134, 1.0, -0.204, 0.096, 0.0, 1.0, 0.0, 0.0, 0.0, 0.0, 0.0, 1.0, 0.0, 0.0, 0.0, 16.0, 3.0, 1
4134, 1.0, 0.246, -0.404, 0.0, 0.0, 1.0, 0.0, 0.0, 0.0, 0.0, 0.0, 0.0, 1.0, 0.0, 1.0, 32.0, 1
4134, 1.0, -0.134, 0.126, 0.0, 1.0, 0.0, 0.0, 0.0, 0.0, 0.0, 1.0, 0.0, 0.0, 0.0, 21.0, 3.0, 1
4134, 1.0, -0.134, 0.126, 0.0, 1.0, 0.0, 0.0, 0.0, 0.0, 0.0, 1.0, 0.0, 0.0, 0.0, 21.0, 3.0, 1
4134, 1.0, -0.204, 0.096, 0.0, 1.0, 0.0, 0.0, 1.0, 0.0, 0.0, 0.0, 0.0, 0.0, 0.0, 16.0, 21.0, 1
4134, 1.0, -0.134, 0.126, 0.0, 1.0, 0.0, 0.0, 0.0, 0.0, 0.0, 1.0, 0.0, 0.0, 0.0, 21.0, 3.0, 1
4134, 1.0, -0.204, 0.096, 0.0, 1.0, 0.0, 0.0, 0.0, 0.0, 0.0, 1.0, 0.0, 0.0, 0.0, 16.0, 3.0, 1
1451, 7.0, -0.128, 0.0020, 0.0, 1.0, 0.0, 0.0, 1.0, 0.0, 0.0, 0.0, 0.0, 0.0, 0.0, 22.0, 29.0, 1
1451, 7.0, -0.128, 0.0020, 0.0, 1.0, 0.0, 0.0, 1.0, 0.0, 0.0, 0.0, 0.0, 0.0, 0.0, 22.0, 29.0, 1
1451, 1.0, -0.128, 0.132, 0.0, 1.0, 0.0, 0.0, 0.0, 0.0, 0.0, 1.0, 0.0, 0.0, 0.0, 22.0, 3.0, 1
1451, 1.0, -0.128, 0.132, 0.0, 1.0, 0.0, 0.0, 0.0, 0.0, 0.0, 1.0, 0.0, 0.0, 0.0, 22.0, 3.0, 1
1451, 1.0, -0.128, 0.132, 0.0, 1.0, 0.0, 0.0, 0.0, 0.0, 0.0, 1.0, 0.0, 0.0, 0.0, 22.0, 3.0, 1
1451, 1.0, -0.128, 0.132, 0.0, 1.0, 0.0, 0.0, 0.0, 0.0, 0.0, 1.0, 0.0, 0.0, 0.0, 22.0, 3.0, 1
1451, 7.0, -0.128, 0.0020, 0.0, 1.0, 0.0, 0.0, 1.0, 0.0, 0.0, 0.0, 0.0, 0.0, 0.0, 22.0, 29.0, 1
1451, 7.0, -0.128, 0.202, 0.0, 1.0, 0.0, 0.0, 1.0, 0.0, 0.0, 0.0, 0.0, 0.0, 0.0, 22.0, 22.0, 1
1451, 7.0, -0.128, 0.202, 0.0, 1.0, 0.0, 0.0, 1.0, 0.0, 0.0, 0.0, 0.0, 0.0, 0.0, 22.0, 22.0, 1
1451, 7.0, -0.128, 0.0020, 0.0, 1.0, 0.0, 0.0, 1.0, 0.0, 0.0, 0.0, 0.0, 0.0, 0.0, 22.0, 29.0, 1
1451, 1.0, -0.128, 0.132, 0.0, 1.0, 0.0, 0.0, 0.0, 0.0, 0.0, 1.0, 0.0, 0.0, 0.0, 22.0, 3.0, 1
1451, 1.0, -0.128, 0.132, 0.0, 1.0, 0.0, 0.0, 0.0, 0.0, 0.0, 1.0, 0.0, 0.0, 0.0, 22.0, 3.0, 1
1451, 1.0, -0.128, 0.132, 0.0, 1.0, 0.0, 0.0, 0.0, 0.0, 0.0, 1.0, 0.0, 0.0, 0.0, 22.0, 3.0, 1
1451, 1.0, -0.128, 0.132, 0.0, 1.0, 0.0, 0.0, 0.0, 0.0, 0.0, 1.0, 0.0, 0.0, 0.0, 22.0, 3.0, 1
1451, 1.0, 0.202, -0.779, 0.0, 1.0, 0.0, 0.0, 0.0, 0.0, 0.0, 0.0, 0.0, 1.0, 0.0, 22.0, 32.0, 1
1451, 1.0, -0.128, 0.801, 0.0, 1.0, 0.0, 0.0, 0.0, 0.0, 0.0, 0.0, 0.0, 1.0, 0.0, 22.0, 38.0, 1
1451, 2.0, 0.801, -0.398, 0.0, 0.0, 0.0, 1.0, 0.0, 0.0, 0.0, 0.0, 0.0, 0.0, 1.0, 38.0, 40.0, 1
1451, 2.0, 0.801, -0.398, 0.0, 0.0, 0.0, 1.0, 0.0, 0.0, 0.0, 0.0, 0.0, 0.0, 1.0, 38.0, 40.0, 1
1451, 1.0, 0.332, -0.779, 0.0, 0.0, 1.0, 0.0, 0.0, 0.0, 0.0, 0.0, 0.0, 1.0, 0.0, 1.0, 32.0, 1
1451, 1.0, 0.332, -0.779, 0.0, 0.0, 1.0, 0.0, 0.0, 0.0, 0.0, 0.0, 0.0, 1.0, 0.0, 1.0, 32.0, 1
3688, 7.0, -0.118, 0.012, 0.0, 1.0, 0.0, 0.0, 1.0, 0.0, 0.0, 0.0, 0.0, 0.0, 0.0, 22.0, 27.0, 1
3688, 7.0, -0.088, 0.012, 0.0, 1.0, 0.0, 0.0, 1.0, 0.0, 0.0, 0.0, 0.0, 0.0, 0.0, 27.0, 27.0, 1
3688, 7.0, -0.088, 0.012, 0.0, 1.0, 0.0, 0.0, 1.0, 0.0, 0.0, 0.0, 0.0, 0.0, 0.0, 27.0, 27.0, 1
3688, 7.0, -0.118, 0.012, 0.0, 1.0, 0.0, 0.0, 1.0, 0.0, 0.0, 0.0, 0.0, 0.0, 0.0, 22.0, 27.0, 1
3688, 1.0, -0.118, 0.141, 0.0, 1.0, 0.0, 0.0, 0.0, 0.0, 0.0, 1.0, 0.0, 0.0, 0.0, 22.0, 3.0, 1
3688, 1.0, -0.118, 0.142, 0.0, 1.0, 0.0, 0.0, 0.0, 0.0, 0.0, 1.0, 0.0, 0.0, 0.0, 22.0, 3.0, 1
3688, 1.0, -0.118, 0.142, 0.0, 1.0, 0.0, 0.0, 0.0, 0.0, 0.0, 1.0, 0.0, 0.0, 0.0, 22.0, 3.0, 1
3688, 7.0, -0.118, 0.012, 0.0, 1.0, 0.0, 0.0, 1.0, 0.0, 0.0, 0.0, 0.0, 0.0, 0.0, 22.0, 27.0, 1
3688, 7.0, -0.118, 0.012, 0.0, 1.0, 0.0, 0.0, 1.0, 0.0, 0.0, 0.0, 0.0, 0.0, 0.0, 22.0, 27.0, 1
3688, 7.0, -0.088, 0.012, 0.0, 1.0, 0.0, 0.0, 1.0, 0.0, 0.0, 0.0, 0.0, 0.0, 0.0, 27.0, 27.0, 1
3688, 1.0, -0.118, 0.141, 0.0, 1.0, 0.0, 0.0, 0.0, 0.0, 0.0, 1.0, 0.0, 0.0, 0.0, 22.0, 3.0, 1
3688, 1.0, -0.118, 0.142, 0.0, 1.0, 0.0, 0.0, 0.0, 0.0, 0.0, 1.0, 0.0, 0.0, 0.0, 22.0, 3.0, 1
3688, 7.0, -0.088, 0.012, 0.0, 1.0, 0.0, 0.0, 1.0, 0.0, 0.0, 0.0, 0.0, 0.0, 0.0, 27.0, 27.0, 1
3688, 7.0, -0.118, 0.012, 0.0, 1.0, 0.0, 0.0, 1.0, 0.0, 0.0, 0.0, 0.0, 0.0, 0.0, 22.0, 27.0, 1
3688, 7.0, -0.118, 0.012, 0.0, 1.0, 0.0, 0.0, 1.0, 0.0, 0.0, 0.0, 0.0, 0.0, 0.0, 22.0, 27.0, 1
3688, 1.0, -0.118, 0.141, 0.0, 1.0, 0.0, 0.0, 0.0, 0.0, 0.0, 1.0, 0.0, 0.0, 0.0, 22.0, 3.0, 1
3688, 7.0, -0.118, 0.012, 0.0, 1.0, 0.0, 0.0, 1.0, 0.0, 0.0, 0.0, 0.0, 0.0, 0.0, 22.0, 27.0, 1
3688, 1.0, -0.118, 0.142, 0.0, 1.0, 0.0, 0.0, 0.0, 0.0, 0.0, 1.0, 0.0, 0.0, 0.0, 22.0, 3.0, 1
3688, 1.0, -0.118, 0.142, 0.0, 1.0, 0.0, 0.0, 0.0, 0.0, 0.0, 1.0, 0.0, 0.0, 0.0, 22.0, 3.0, 1
3688, 7.0, -0.118, 0.012, 0.0, 1.0, 0.0, 0.0, 1.0, 0.0, 0.0, 0.0, 0.0, 0.0, 0.0, 22.0, 27.0, 1
3688, 1.0, -0.118, 0.811, 0.0, 1.0, 0.0, 0.0, 0.0, 0.0, 0.0, 0.0, 0.0, 1.0, 0.0, 22.0, 38.0, 1
3688, 1.0, -0.118, 0.142, 0.0, 1.0, 0.0, 0.0, 0.0, 0.0, 0.0, 1.0, 0.0, 0.0, 0.0, 22.0, 3.0, 1
3688, 2.0, 0.811, -0.389, 0.0, 0.0, 0.0, 1.0, 0.0, 0.0, 0.0, 0.0, 0.0, 0.0, 1.0, 38.0, 40.0, 1
3688, 2.0, 0.811, -0.389, 0.0, 0.0, 0.0, 1.0, 0.0, 0.0, 0.0, 0.0, 0.0, 0.0, 1.0, 38.0, 40.0, 1
285, 7.0, -0.128, 0.0020, 0.0, 1.0, 0.0, 0.0, 1.0, 0.0, 0.0, 0.0, 0.0, 0.0, 0.0, 22.0, 29.0, 1
285, 7.0, -0.128, 0.0020, 0.0, 1.0, 0.0, 0.0, 1.0, 0.0, 0.0, 0.0, 0.0, 0.0, 0.0, 22.0, 29.0, 1
285, 1.0, -0.128, 0.132, 0.0, 1.0, 0.0, 0.0, 0.0, 0.0, 0.0, 1.0, 0.0, 0.0, 0.0, 22.0, 3.0, 1
285, 1.0, -0.128, 0.132, 0.0, 1.0, 0.0, 0.0, 0.0, 0.0, 0.0, 1.0, 0.0, 0.0, 0.0, 22.0, 3.0, 1
285, 1.0, -0.128, 0.132, 0.0, 1.0, 0.0, 0.0, 0.0, 0.0, 0.0, 1.0, 0.0, 0.0, 0.0, 22.0, 3.0, 1
285, 1.0, -0.128, 0.132, 0.0, 1.0, 0.0, 0.0, 0.0, 0.0, 0.0, 1.0, 0.0, 0.0, 0.0, 22.0, 3.0, 1
285, 7.0, -0.128, 0.0020, 0.0, 1.0, 0.0, 0.0, 1.0, 0.0, 0.0, 0.0, 0.0, 0.0, 0.0, 22.0, 29.0, 1
285, 7.0, -0.128, 0.202, 0.0, 1.0, 0.0, 0.0, 1.0, 0.0, 0.0, 0.0, 0.0, 0.0, 0.0, 22.0, 22.0, 1
285, 7.0, -0.128, 0.202, 0.0, 1.0, 0.0, 0.0, 1.0, 0.0, 0.0, 0.0, 0.0, 0.0, 0.0, 22.0, 22.0, 1
285, 7.0, -0.128, 0.0020, 0.0, 1.0, 0.0, 0.0, 1.0, 0.0, 0.0, 0.0, 0.0, 0.0, 0.0, 22.0, 29.0, 1
285, 1.0, -0.128, 0.132, 0.0, 1.0, 0.0, 0.0, 0.0, 0.0, 0.0, 1.0, 0.0, 0.0, 0.0, 22.0, 3.0, 1
285, 1.0, -0.128, 0.132, 0.0, 1.0, 0.0, 0.0, 0.0, 0.0, 0.0, 1.0, 0.0, 0.0, 0.0, 22.0, 3.0, 1
285, 1.0, -0.128, 0.132, 0.0, 1.0, 0.0, 0.0, 0.0, 0.0, 0.0, 1.0, 0.0, 0.0, 0.0, 22.0, 3.0, 1
285, 1.0, -0.128, 0.801, 0.0, 1.0, 0.0, 0.0, 0.0, 0.0, 0.0, 0.0, 0.0, 1.0, 0.0, 22.0, 38.0, 1
285, 2.0, 0.801, -0.398, 0.0, 0.0, 0.0, 1.0, 0.0, 0.0, 0.0, 0.0, 0.0, 0.0, 1.0, 38.0, 40.0, 1
285, 2.0, 0.801, -0.398, 0.0, 0.0, 0.0, 1.0, 0.0, 0.0, 0.0, 0.0, 0.0, 0.0, 1.0, 38.0, 40.0, 1
285, 1.0, 0.202, -0.779, 0.0, 1.0, 0.0, 0.0, 0.0, 0.0, 0.0, 0.0, 0.0, 1.0, 0.0, 22.0, 32.0, 1
285, 1.0, -0.128, 0.132, 0.0, 1.0, 0.0, 0.0, 0.0, 0.0, 0.0, 1.0, 0.0, 0.0, 0.0, 22.0, 3.0, 1
285, 1.0, 0.332, -0.779, 0.0, 0.0, 1.0, 0.0, 0.0, 0.0, 0.0, 0.0, 0.0, 1.0, 0.0, 1.0, 32.0, 1
285, 1.0, 0.332, -0.779, 0.0, 0.0, 1.0, 0.0, 0.0, 0.0, 0.0, 0.0, 0.0, 1.0, 0.0, 1.0, 32.0, 1
4060, 7.0, -0.111, 0.019, 0.0, 1.0, 0.0, 0.0, 1.0, 0.0, 0.0, 0.0, 0.0, 0.0, 0.0, 22.0, 29.0, 1
4060, 7.0, -0.111, 0.019, 0.0, 1.0, 0.0, 0.0, 1.0, 0.0, 0.0, 0.0, 0.0, 0.0, 0.0, 22.0, 29.0, 1
4060, 7.0, -0.111, 0.019, 0.0, 1.0, 0.0, 0.0, 1.0, 0.0, 0.0, 0.0, 0.0, 0.0, 0.0, 22.0, 29.0, 1
4060, 7.0, -0.111, 0.019, 0.0, 1.0, 0.0, 0.0, 1.0, 0.0, 0.0, 0.0, 0.0, 0.0, 0.0, 22.0, 29.0, 1
4060, 1.0, 0.019, -0.111, 0.0, 1.0, 0.0, 0.0, 1.0, 0.0, 0.0, 0.0, 0.0, 0.0, 0.0, 10.0, 22.0, 1
4060, 1.0, 0.019, -0.111, 0.0, 1.0, 0.0, 0.0, 1.0, 0.0, 0.0, 0.0, 0.0, 0.0, 0.0, 10.0, 22.0, 1
4060, 1.0, -0.111, -0.031, 0.0, 1.0, 0.0, 0.0, 0.0, 0.0, 0.0, 0.0, 1.0, 0.0, 0.0, 22.0, 95.0, 1
4060, 1.0, -0.111, 0.818, 0.0, 1.0, 0.0, 0.0, 0.0, 0.0, 0.0, 0.0, 0.0, 1.0, 0.0, 22.0, 38.0, 1
4060, 2.0, 0.818, -0.382, 0.0, 0.0, 0.0, 1.0, 0.0, 0.0, 0.0, 0.0, 0.0, 0.0, 1.0, 38.0, 40.0, 1
4060, 2.0, 0.818, -0.382, 0.0, 0.0, 0.0, 1.0, 0.0, 0.0, 0.0, 0.0, 0.0, 0.0, 1.0, 38.0, 40.0, 1
4060, 1.0, -0.111, 0.148, 0.0, 1.0, 0.0, 0.0, 0.0, 0.0, 0.0, 1.0, 0.0, 0.0, 0.0, 22.0, 3.0, 1
4060, 1.0, -0.111, 0.149, 0.0, 1.0, 0.0, 0.0, 0.0, 0.0, 0.0, 1.0, 0.0, 0.0, 0.0, 22.0, 3.0, 1
4060, 1.0, -0.111, 0.149, 0.0, 1.0, 0.0, 0.0, 0.0, 0.0, 0.0, 1.0, 0.0, 0.0, 0.0, 22.0, 3.0, 1
4060, 1.0, -0.111, 0.149, 0.0, 1.0, 0.0, 0.0, 0.0, 0.0, 0.0, 1.0, 0.0, 0.0, 0.0, 22.0, 3.0, 1
4060, 1.0, -0.111, 0.148, 0.0, 1.0, 0.0, 0.0, 0.0, 0.0, 0.0, 1.0, 0.0, 0.0, 0.0, 22.0, 3.0, 1
4060, 1.0, -0.111, 0.149, 0.0, 1.0, 0.0, 0.0, 0.0, 0.0, 0.0, 1.0, 0.0, 0.0, 0.0, 22.0, 3.0, 1
4060, 1.0, 0.019, 0.069, 0.0, 1.0, 0.0, 0.0, 0.0, 0.0, 0.0, 1.0, 0.0, 0.0, 0.0, 10.0, 3.0, 1
4060, 1.0, 0.019, 0.069, 0.0, 1.0, 0.0, 0.0, 0.0, 0.0, 0.0, 1.0, 0.0, 0.0, 0.0, 10.0, 3.0, 1
105, 7.0, -0.115, 0.315, 0.0, 1.0, 0.0, 0.0, 1.0, 0.0, 0.0, 0.0, 0.0, 0.0, 0.0, 22.0, 26.0, 1
105, 7.0, 0.115, 0.315, 0.0, 1.0, 0.0, 0.0, 1.0, 0.0, 0.0, 0.0, 0.0, 0.0, 0.0, 26.0, 26.0, 1
105, 7.0, -0.115, 0.115, 0.0, 1.0, 0.0, 0.0, 1.0, 0.0, 0.0, 0.0, 0.0, 0.0, 0.0, 22.0, 26.0, 1
105, 7.0, 0.315, -0.384, 0.0, 1.0, 0.0, 0.0, 0.0, 0.0, 0.0, 0.0, 0.0, 1.0, 0.0, 26.0, 34.0, 1
105, 7.0, -0.115, 0.115, 0.0, 1.0, 0.0, 0.0, 1.0, 0.0, 0.0, 0.0, 0.0, 0.0, 0.0, 21.0, 26.0, 1
105, 7.0, -0.115, -0.384, 0.0, 1.0, 0.0, 0.0, 0.0, 0.0, 0.0, 0.0, 0.0, 1.0, 0.0, 21.0, 34.0, 1
105, 1.0, -0.115, 0.816, 0.0, 1.0, 0.0, 0.0, 0.0, 0.0, 0.0, 0.0, 0.0, 1.0, 0.0, 22.0, 38.0, 1
105, 2.0, 0.816, -0.384, 0.0, 0.0, 0.0, 1.0, 0.0, 0.0, 0.0, 0.0, 0.0, 0.0, 1.0, 38.0, 40.0, 1
105, 2.0, 0.816, -0.384, 0.0, 0.0, 0.0, 1.0, 0.0, 0.0, 0.0, 0.0, 0.0, 0.0, 1.0, 38.0, 40.0, 1
105, 1.0, -0.115, 0.145, 0.0, 1.0, 0.0, 0.0, 0.0, 0.0, 0.0, 1.0, 0.0, 0.0, 0.0, 22.0, 3.0, 1
105, 1.0, -0.115, 0.115, 0.0, 1.0, 0.0, 0.0, 0.0, 0.0, 0.0, 1.0, 0.0, 0.0, 0.0, 22.0, 3.0, 1
105, 1.0, -0.115, 0.145, 0.0, 1.0, 0.0, 0.0, 0.0, 0.0, 0.0, 1.0, 0.0, 0.0, 0.0, 22.0, 3.0, 1
105, 1.0, -0.115, 0.145, 0.0, 1.0, 0.0, 0.0, 0.0, 0.0, 0.0, 1.0, 0.0, 0.0, 0.0, 21.0, 3.0, 1
105, 1.0, 0.315, -0.384, 0.0, 0.0, 1.0, 0.0, 0.0, 0.0, 0.0, 0.0, 0.0, 1.0, 0.0, 1.0, 34.0, 1
1659, 7.0, -0.122, 0.0080, 0.0, 1.0, 0.0, 0.0, 1.0, 0.0, 0.0, 0.0, 0.0, 0.0, 0.0, 22.0, 27.0, 1
1659, 7.0, -0.092, 0.0080, 0.0, 1.0, 0.0, 0.0, 1.0, 0.0, 0.0, 0.0, 0.0, 0.0, 0.0, 27.0, 27.0, 1
1659, 7.0, -0.092, 0.0080, 0.0, 1.0, 0.0, 0.0, 1.0, 0.0, 0.0, 0.0, 0.0, 0.0, 0.0, 27.0, 28.0, 1
1659, 7.0, -0.122, 0.0080, 0.0, 1.0, 0.0, 0.0, 1.0, 0.0, 0.0, 0.0, 0.0, 0.0, 0.0, 22.0, 28.0, 1
1659, 1.0, -0.122, 0.139, 0.0, 1.0, 0.0, 0.0, 0.0, 0.0, 0.0, 1.0, 0.0, 0.0, 0.0, 22.0, 3.0, 1
1659, 1.0, -0.122, 0.139, 0.0, 1.0, 0.0, 0.0, 0.0, 0.0, 0.0, 1.0, 0.0, 0.0, 0.0, 22.0, 3.0, 1
1659, 7.0, -0.122, 0.0080, 0.0, 1.0, 0.0, 0.0, 1.0, 0.0, 0.0, 0.0, 0.0, 0.0, 0.0, 22.0, 27.0, 1
1659, 7.0, -0.122, 0.0080, 0.0, 1.0, 0.0, 0.0, 1.0, 0.0, 0.0, 0.0, 0.0, 0.0, 0.0, 22.0, 29.0, 1
1659, 7.0, -0.092, 0.0080, 0.0, 1.0, 0.0, 0.0, 1.0, 0.0, 0.0, 0.0, 0.0, 0.0, 0.0, 27.0, 29.0, 1
1659, 1.0, -0.122, 0.138, 0.0, 1.0, 0.0, 0.0, 0.0, 0.0, 0.0, 1.0, 0.0, 0.0, 0.0, 22.0, 3.0, 1
1659, 7.0, -0.122, 0.0080, 0.0, 1.0, 0.0, 0.0, 1.0, 0.0, 0.0, 0.0, 0.0, 0.0, 0.0, 22.0, 28.0, 1
1659, 7.0, -0.122, 0.0080, 0.0, 1.0, 0.0, 0.0, 1.0, 0.0, 0.0, 0.0, 0.0, 0.0, 0.0, 22.0, 28.0, 1
1659, 1.0, -0.122, 0.138, 0.0, 1.0, 0.0, 0.0, 0.0, 0.0, 0.0, 1.0, 0.0, 0.0, 0.0, 22.0, 3.0, 1
1659, 1.0, -0.122, 0.138, 0.0, 1.0, 0.0, 0.0, 0.0, 0.0, 0.0, 1.0, 0.0, 0.0, 0.0, 22.0, 3.0, 1
1659, 1.0, -0.122, 0.138, 0.0, 1.0, 0.0, 0.0, 0.0, 0.0, 0.0, 1.0, 0.0, 0.0, 0.0, 22.0, 3.0, 1
1659, 1.0, -0.122, 0.138, 0.0, 1.0, 0.0, 0.0, 0.0, 0.0, 0.0, 1.0, 0.0, 0.0, 0.0, 22.0, 3.0, 1
1659, 1.0, -0.122, 0.809, 0.0, 1.0, 0.0, 0.0, 0.0, 0.0, 0.0, 0.0, 0.0, 1.0, 0.0, 22.0, 38.0, 1
1659, 1.0, 0.0080, 0.0080, 0.0, 1.0, 0.0, 0.0, 1.0, 0.0, 0.0, 0.0, 0.0, 0.0, 0.0, 28.0, 29.0, 1
1659, 2.0, 0.809, -0.391, 0.0, 0.0, 0.0, 1.0, 0.0, 0.0, 0.0, 0.0, 0.0, 0.0, 1.0, 38.0, 40.0, 1
1659, 2.0, 0.809, -0.391, 0.0, 0.0, 0.0, 1.0, 0.0, 0.0, 0.0, 0.0, 0.0, 0.0, 1.0, 38.0, 40.0, 1
1659, 1.0, -0.122, 0.139, 0.0, 1.0, 0.0, 0.0, 0.0, 0.0, 0.0, 1.0, 0.0, 0.0, 0.0, 22.0, 3.0, 1
1659, 1.0, -0.122, 0.138, 0.0, 1.0, 0.0, 0.0, 0.0, 0.0, 0.0, 1.0, 0.0, 0.0, 0.0, 22.0, 3.0, 1
3449, 7.0, -0.136, -0.135, 0.0, 1.0, 0.0, 0.0, 1.0, 0.0, 0.0, 0.0, 0.0, 0.0, 0.0, 22.0, 22.0, 1
3449, 7.0, -0.136, 0.174, 0.0, 1.0, 0.0, 0.0, 1.0, 0.0, 0.0, 0.0, 0.0, 0.0, 0.0, 22.0, 22.0, 1
3449, 7.0, -0.135, 0.174, 0.0, 1.0, 0.0, 0.0, 1.0, 0.0, 0.0, 0.0, 0.0, 0.0, 0.0, 22.0, 22.0, 1
3449, 1.0, -0.135, 0.125, 0.0, 1.0, 0.0, 0.0, 0.0, 0.0, 0.0, 1.0, 0.0, 0.0, 0.0, 22.0, 3.0, 1
3449, 1.0, -0.136, 0.125, 0.0, 1.0, 0.0, 0.0, 0.0, 0.0, 0.0, 1.0, 0.0, 0.0, 0.0, 22.0, 3.0, 1
3449, 1.0, -0.135, 0.125, 0.0, 1.0, 0.0, 0.0, 0.0, 0.0, 0.0, 1.0, 0.0, 0.0, 0.0, 22.0, 3.0, 1
3449, 1.0, -0.135, 0.125, 0.0, 1.0, 0.0, 0.0, 0.0, 0.0, 0.0, 1.0, 0.0, 0.0, 0.0, 22.0, 3.0, 1
3449, 7.0, -0.135, 0.174, 0.0, 1.0, 0.0, 0.0, 1.0, 0.0, 0.0, 0.0, 0.0, 0.0, 0.0, 22.0, 22.0, 1
3449, 7.0, -0.135, 0.174, 0.0, 1.0, 0.0, 0.0, 1.0, 0.0, 0.0, 0.0, 0.0, 0.0, 0.0, 22.0, 22.0, 1
3449, 1.0, -0.135, 0.125, 0.0, 1.0, 0.0, 0.0, 0.0, 0.0, 0.0, 1.0, 0.0, 0.0, 0.0, 22.0, 3.0, 1
3449, 1.0, -0.135, 0.125, 0.0, 1.0, 0.0, 0.0, 0.0, 0.0, 0.0, 1.0, 0.0, 0.0, 0.0, 22.0, 3.0, 1
3449, 1.0, -0.135, 0.125, 0.0, 1.0, 0.0, 0.0, 0.0, 0.0, 0.0, 1.0, 0.0, 0.0, 0.0, 22.0, 3.0, 1
3449, 1.0, 0.174, -0.236, 0.0, 1.0, 0.0, 0.0, 0.0, 0.0, 0.0, 0.0, 0.0, 0.0, 1.0, 22.0, 50.0, 1
3449, 1.0, 0.174, -0.236, 0.0, 1.0, 0.0, 0.0, 0.0, 0.0, 0.0, 0.0, 0.0, 0.0, 1.0, 22.0, 50.0, 1
3449, 1.0, 0.174, -0.236, 0.0, 1.0, 0.0, 0.0, 0.0, 0.0, 0.0, 0.0, 0.0, 0.0, 1.0, 22.0, 50.0, 1
3449, 1.0, 0.174, -0.236, 0.0, 1.0, 0.0, 0.0, 0.0, 0.0, 0.0, 0.0, 0.0, 0.0, 1.0, 22.0, 50.0, 1
3449, 2.0, 0.794, -0.406, 0.0, 0.0, 0.0, 1.0, 0.0, 0.0, 0.0, 0.0, 0.0, 0.0, 1.0, 38.0, 40.0, 1
3449, 1.0, -0.135, 0.794, 0.0, 1.0, 0.0, 0.0, 0.0, 0.0, 0.0, 0.0, 0.0, 1.0, 0.0, 22.0, 38.0, 1
3449, 2.0, 0.794, -0.406, 0.0, 0.0, 0.0, 1.0, 0.0, 0.0, 0.0, 0.0, 0.0, 0.0, 1.0, 38.0, 40.0, 1
1292, 7.0, -0.11, 0.02, 0.0, 1.0, 0.0, 0.0, 1.0, 0.0, 0.0, 0.0, 0.0, 0.0, 0.0, 22.0, 27.0, 1
1292, 7.0, -0.08, 0.02, 0.0, 1.0, 0.0, 0.0, 1.0, 0.0, 0.0, 0.0, 0.0, 0.0, 0.0, 27.0, 27.0, 1
1292, 7.0, -0.08, -0.08, 0.0, 1.0, 0.0, 0.0, 1.0, 0.0, 0.0, 0.0, 0.0, 0.0, 0.0, 26.0, 27.0, 1
1292, 7.0, -0.11, -0.08, 0.0, 1.0, 0.0, 0.0, 1.0, 0.0, 0.0, 0.0, 0.0, 0.0, 0.0, 22.0, 26.0, 1
1292, 7.0, -0.11, 0.02, 0.0, 1.0, 0.0, 0.0, 1.0, 0.0, 0.0, 0.0, 0.0, 0.0, 0.0, 22.0, 27.0, 1
1292, 7.0, -0.11, -0.08, 0.0, 1.0, 0.0, 0.0, 1.0, 0.0, 0.0, 0.0, 0.0, 0.0, 0.0, 22.0, 26.0, 1
1292, 7.0, -0.08, -0.08, 0.0, 1.0, 0.0, 0.0, 1.0, 0.0, 0.0, 0.0, 0.0, 0.0, 0.0, 26.0, 27.0, 1
1292, 7.0, -0.08, -0.08, 0.0, 1.0, 0.0, 0.0, 1.0, 0.0, 0.0, 0.0, 0.0, 0.0, 0.0, 21.0, 26.0, 1
1292, 7.0, -0.08, -0.08, 0.0, 1.0, 0.0, 0.0, 1.0, 0.0, 0.0, 0.0, 0.0, 0.0, 0.0, 21.0, 26.0, 1
1292, 1.0, -0.11, 0.149, 0.0, 1.0, 0.0, 0.0, 0.0, 0.0, 0.0, 1.0, 0.0, 0.0, 0.0, 22.0, 3.0, 1
1292, 1.0, -0.11, 0.149, 0.0, 1.0, 0.0, 0.0, 0.0, 0.0, 0.0, 1.0, 0.0, 0.0, 0.0, 22.0, 3.0, 1
1292, 1.0, -0.11, 0.149, 0.0, 1.0, 0.0, 0.0, 0.0, 0.0, 0.0, 1.0, 0.0, 0.0, 0.0, 22.0, 3.0, 1
1292, 1.0, -0.11, 0.149, 0.0, 1.0, 0.0, 0.0, 0.0, 0.0, 0.0, 1.0, 0.0, 0.0, 0.0, 22.0, 3.0, 1
1292, 1.0, -0.11, 0.149, 0.0, 1.0, 0.0, 0.0, 0.0, 0.0, 0.0, 1.0, 0.0, 0.0, 0.0, 22.0, 3.0, 1
1292, 1.0, -0.08, 0.119, 0.0, 1.0, 0.0, 0.0, 0.0, 0.0, 0.0, 1.0, 0.0, 0.0, 0.0, 21.0, 3.0, 1
1292, 1.0, -0.08, 0.119, 0.0, 1.0, 0.0, 0.0, 0.0, 0.0, 0.0, 1.0, 0.0, 0.0, 0.0, 21.0, 3.0, 1
1292, 2.0, 0.819, -0.381, 0.0, 0.0, 0.0, 1.0, 0.0, 0.0, 0.0, 0.0, 0.0, 0.0, 1.0, 38.0, 40.0, 1
1292, 1.0, -0.11, 0.819, 0.0, 1.0, 0.0, 0.0, 0.0, 0.0, 0.0, 0.0, 0.0, 1.0, 0.0, 22.0, 38.0, 1
1292, 2.0, 0.819, -0.381, 0.0, 0.0, 0.0, 1.0, 0.0, 0.0, 0.0, 0.0, 0.0, 0.0, 1.0, 38.0, 40.0, 1
1065, 7.0, -0.113, 0.017, 0.0, 1.0, 0.0, 0.0, 1.0, 0.0, 0.0, 0.0, 0.0, 0.0, 0.0, 22.0, 29.0, 1
1065, 7.0, -0.083, 0.017, 0.0, 1.0, 0.0, 0.0, 1.0, 0.0, 0.0, 0.0, 0.0, 0.0, 0.0, 27.0, 29.0, 1
1065, 7.0, -0.083, 0.017, 0.0, 1.0, 0.0, 0.0, 1.0, 0.0, 0.0, 0.0, 0.0, 0.0, 0.0, 27.0, 27.0, 1
1065, 7.0, -0.113, 0.017, 0.0, 1.0, 0.0, 0.0, 1.0, 0.0, 0.0, 0.0, 0.0, 0.0, 0.0, 22.0, 27.0, 1
1065, 7.0, -0.083, 0.017, 0.0, 1.0, 0.0, 0.0, 1.0, 0.0, 0.0, 0.0, 0.0, 0.0, 0.0, 27.0, 29.0, 1
1065, 7.0, -0.083, 0.017, 0.0, 1.0, 0.0, 0.0, 1.0, 0.0, 0.0, 0.0, 0.0, 0.0, 0.0, 27.0, 27.0, 1
1065, 7.0, -0.113, 0.017, 0.0, 1.0, 0.0, 0.0, 1.0, 0.0, 0.0, 0.0, 0.0, 0.0, 0.0, 22.0, 27.0, 1
1065, 7.0, -0.113, 0.017, 0.0, 1.0, 0.0, 0.0, 1.0, 0.0, 0.0, 0.0, 0.0, 0.0, 0.0, 22.0, 27.0, 1
1065, 7.0, -0.083, 0.017, 0.0, 1.0, 0.0, 0.0, 1.0, 0.0, 0.0, 0.0, 0.0, 0.0, 0.0, 27.0, 27.0, 1
1065, 7.0, -0.083, 0.017, 0.0, 1.0, 0.0, 0.0, 1.0, 0.0, 0.0, 0.0, 0.0, 0.0, 0.0, 27.0, 27.0, 1
1065, 7.0, -0.113, 0.017, 0.0, 1.0, 0.0, 0.0, 1.0, 0.0, 0.0, 0.0, 0.0, 0.0, 0.0, 22.0, 27.0, 1
1065, 7.0, -0.113, 0.017, 0.0, 1.0, 0.0, 0.0, 1.0, 0.0, 0.0, 0.0, 0.0, 0.0, 0.0, 22.0, 27.0, 1
1065, 7.0, -0.113, 0.017, 0.0, 1.0, 0.0, 0.0, 1.0, 0.0, 0.0, 0.0, 0.0, 0.0, 0.0, 22.0, 27.0, 1
1065, 7.0, -0.113, 0.017, 0.0, 1.0, 0.0, 0.0, 1.0, 0.0, 0.0, 0.0, 0.0, 0.0, 0.0, 22.0, 27.0, 1
1065, 7.0, -0.113, 0.017, 0.0, 1.0, 0.0, 0.0, 1.0, 0.0, 0.0, 0.0, 0.0, 0.0, 0.0, 22.0, 29.0, 1
1065, 7.0, -0.113, 0.017, 0.0, 1.0, 0.0, 0.0, 1.0, 0.0, 0.0, 0.0, 0.0, 0.0, 0.0, 22.0, 27.0, 1
1065, 1.0, -0.113, 0.818, 0.0, 1.0, 0.0, 0.0, 0.0, 0.0, 0.0, 0.0, 0.0, 1.0, 0.0, 22.0, 38.0, 1
1065, 1.0, -0.113, 0.818, 0.0, 1.0, 0.0, 0.0, 0.0, 0.0, 0.0, 0.0, 0.0, 1.0, 0.0, 22.0, 38.0, 1
1065, 2.0, 0.818, -0.382, 0.0, 0.0, 0.0, 1.0, 0.0, 0.0, 0.0, 0.0, 0.0, 0.0, 1.0, 38.0, 40.0, 1
1065, 2.0, 0.818, -0.382, 0.0, 0.0, 0.0, 1.0, 0.0, 0.0, 0.0, 0.0, 0.0, 0.0, 1.0, 38.0, 40.0, 1
1065, 2.0, 0.818, -0.382, 0.0, 0.0, 0.0, 1.0, 0.0, 0.0, 0.0, 0.0, 0.0, 0.0, 1.0, 38.0, 40.0, 1
1065, 2.0, 0.818, -0.382, 0.0, 0.0, 0.0, 1.0, 0.0, 0.0, 0.0, 0.0, 0.0, 0.0, 1.0, 38.0, 40.0, 1
1065, 1.0, -0.113, 0.148, 0.0, 1.0, 0.0, 0.0, 0.0, 0.0, 0.0, 1.0, 0.0, 0.0, 0.0, 22.0, 3.0, 1
1065, 1.0, -0.113, 0.148, 0.0, 1.0, 0.0, 0.0, 0.0, 0.0, 0.0, 1.0, 0.0, 0.0, 0.0, 22.0, 3.0, 1
1065, 1.0, -0.113, 0.147, 0.0, 1.0, 0.0, 0.0, 0.0, 0.0, 0.0, 1.0, 0.0, 0.0, 0.0, 22.0, 3.0, 1
1065, 1.0, -0.113, 0.148, 0.0, 1.0, 0.0, 0.0, 0.0, 0.0, 0.0, 1.0, 0.0, 0.0, 0.0, 22.0, 3.0, 1
1065, 1.0, -0.113, 0.148, 0.0, 1.0, 0.0, 0.0, 0.0, 0.0, 0.0, 1.0, 0.0, 0.0, 0.0, 22.0, 3.0, 1
1065, 1.0, -0.113, 0.147, 0.0, 1.0, 0.0, 0.0, 0.0, 0.0, 0.0, 1.0, 0.0, 0.0, 0.0, 22.0, 3.0, 1
1065, 1.0, -0.113, 0.148, 0.0, 1.0, 0.0, 0.0, 0.0, 0.0, 0.0, 1.0, 0.0, 0.0, 0.0, 22.0, 3.0, 1
1065, 1.0, -0.113, 0.148, 0.0, 1.0, 0.0, 0.0, 0.0, 0.0, 0.0, 1.0, 0.0, 0.0, 0.0, 22.0, 3.0, 1
1065, 1.0, -0.113, 0.148, 0.0, 1.0, 0.0, 0.0, 0.0, 0.0, 0.0, 1.0, 0.0, 0.0, 0.0, 22.0, 3.0, 1
1065, 1.0, -0.113, 0.148, 0.0, 1.0, 0.0, 0.0, 0.0, 0.0, 0.0, 1.0, 0.0, 0.0, 0.0, 22.0, 3.0, 1
2942, 7.0, -0.115, 0.015, 0.0, 1.0, 0.0, 0.0, 1.0, 0.0, 0.0, 0.0, 0.0, 0.0, 0.0, 22.0, 27.0, 1
2942, 7.0, -0.085, 0.015, 0.0, 1.0, 0.0, 0.0, 1.0, 0.0, 0.0, 0.0, 0.0, 0.0, 0.0, 27.0, 27.0, 1
2942, 7.0, -0.085, 0.015, 0.0, 1.0, 0.0, 0.0, 1.0, 0.0, 0.0, 0.0, 0.0, 0.0, 0.0, 27.0, 27.0, 1
2942, 7.0, -0.115, 0.015, 0.0, 1.0, 0.0, 0.0, 1.0, 0.0, 0.0, 0.0, 0.0, 0.0, 0.0, 22.0, 27.0, 1
2942, 1.0, -0.115, 0.145, 0.0, 1.0, 0.0, 0.0, 0.0, 0.0, 0.0, 1.0, 0.0, 0.0, 0.0, 22.0, 3.0, 1
2942, 1.0, -0.115, 0.146, 0.0, 1.0, 0.0, 0.0, 0.0, 0.0, 0.0, 1.0, 0.0, 0.0, 0.0, 22.0, 3.0, 1
2942, 7.0, -0.115, 0.015, 0.0, 1.0, 0.0, 0.0, 1.0, 0.0, 0.0, 0.0, 0.0, 0.0, 0.0, 22.0, 27.0, 1
2942, 7.0, -0.115, 0.015, 0.0, 1.0, 0.0, 0.0, 1.0, 0.0, 0.0, 0.0, 0.0, 0.0, 0.0, 22.0, 27.0, 1
2942, 7.0, -0.085, 0.015, 0.0, 1.0, 0.0, 0.0, 1.0, 0.0, 0.0, 0.0, 0.0, 0.0, 0.0, 27.0, 27.0, 1
2942, 1.0, -0.115, 0.146, 0.0, 1.0, 0.0, 0.0, 0.0, 0.0, 0.0, 1.0, 0.0, 0.0, 0.0, 22.0, 3.0, 1
2942, 1.0, -0.115, 0.146, 0.0, 1.0, 0.0, 0.0, 0.0, 0.0, 0.0, 1.0, 0.0, 0.0, 0.0, 22.0, 3.0, 1
2942, 7.0, -0.085, 0.015, 0.0, 1.0, 0.0, 0.0, 1.0, 0.0, 0.0, 0.0, 0.0, 0.0, 0.0, 27.0, 27.0, 1
2942, 7.0, -0.115, 0.015, 0.0, 1.0, 0.0, 0.0, 1.0, 0.0, 0.0, 0.0, 0.0, 0.0, 0.0, 22.0, 27.0, 1
2942, 7.0, -0.115, 0.015, 0.0, 1.0, 0.0, 0.0, 1.0, 0.0, 0.0, 0.0, 0.0, 0.0, 0.0, 22.0, 27.0, 1
2942, 1.0, -0.115, 0.145, 0.0, 1.0, 0.0, 0.0, 0.0, 0.0, 0.0, 1.0, 0.0, 0.0, 0.0, 22.0, 3.0, 1
2942, 1.0, -0.115, 0.145, 0.0, 1.0, 0.0, 0.0, 0.0, 0.0, 0.0, 1.0, 0.0, 0.0, 0.0, 22.0, 3.0, 1
2942, 7.0, -0.115, 0.015, 0.0, 1.0, 0.0, 0.0, 1.0, 0.0, 0.0, 0.0, 0.0, 0.0, 0.0, 22.0, 27.0, 1
2942, 7.0, -0.115, 0.015, 0.0, 1.0, 0.0, 0.0, 1.0, 0.0, 0.0, 0.0, 0.0, 0.0, 0.0, 22.0, 27.0, 1
2942, 1.0, -0.115, 0.145, 0.0, 1.0, 0.0, 0.0, 0.0, 0.0, 0.0, 1.0, 0.0, 0.0, 0.0, 22.0, 3.0, 1
2942, 1.0, -0.115, 0.146, 0.0, 1.0, 0.0, 0.0, 0.0, 0.0, 0.0, 1.0, 0.0, 0.0, 0.0, 22.0, 3.0, 1
2942, 1.0, -0.115, 0.816, 0.0, 1.0, 0.0, 0.0, 0.0, 0.0, 0.0, 0.0, 0.0, 1.0, 0.0, 22.0, 38.0, 1
2942, 1.0, -0.115, 0.816, 0.0, 1.0, 0.0, 0.0, 0.0, 0.0, 0.0, 0.0, 0.0, 1.0, 0.0, 22.0, 38.0, 1
2942, 2.0, 0.816, -0.384, 0.0, 0.0, 0.0, 1.0, 0.0, 0.0, 0.0, 0.0, 0.0, 0.0, 1.0, 38.0, 40.0, 1
2942, 2.0, 0.816, -0.384, 0.0, 0.0, 0.0, 1.0, 0.0, 0.0, 0.0, 0.0, 0.0, 0.0, 1.0, 38.0, 40.0, 1
2942, 2.0, 0.816, -0.384, 0.0, 0.0, 0.0, 1.0, 0.0, 0.0, 0.0, 0.0, 0.0, 0.0, 1.0, 38.0, 40.0, 1
2942, 2.0, 0.816, -0.384, 0.0, 0.0, 0.0, 1.0, 0.0, 0.0, 0.0, 0.0, 0.0, 0.0, 1.0, 38.0, 40.0, 1
2452, 7.0, -0.114, 0.016, 0.0, 1.0, 0.0, 0.0, 1.0, 0.0, 0.0, 0.0, 0.0, 0.0, 0.0, 22.0, 29.0, 1
2452, 7.0, -0.114, 0.016, 0.0, 1.0, 0.0, 0.0, 1.0, 0.0, 0.0, 0.0, 0.0, 0.0, 0.0, 22.0, 29.0, 1
2452, 1.0, -0.114, 0.145, 0.0, 1.0, 0.0, 0.0, 0.0, 0.0, 0.0, 1.0, 0.0, 0.0, 0.0, 22.0, 3.0, 1
2452, 1.0, -0.114, 0.145, 0.0, 1.0, 0.0, 0.0, 0.0, 0.0, 0.0, 1.0, 0.0, 0.0, 0.0, 22.0, 3.0, 1
2452, 1.0, -0.114, 0.145, 0.0, 1.0, 0.0, 0.0, 0.0, 0.0, 0.0, 1.0, 0.0, 0.0, 0.0, 22.0, 3.0, 1
2452, 7.0, -0.114, 0.016, 0.0, 1.0, 0.0, 0.0, 1.0, 0.0, 0.0, 0.0, 0.0, 0.0, 0.0, 22.0, 29.0, 1
2452, 7.0, -0.114, 0.016, 0.0, 1.0, 0.0, 0.0, 1.0, 0.0, 0.0, 0.0, 0.0, 0.0, 0.0, 22.0, 29.0, 1
2452, 1.0, -0.114, 0.145, 0.0, 1.0, 0.0, 0.0, 0.0, 0.0, 0.0, 1.0, 0.0, 0.0, 0.0, 22.0, 3.0, 1
2452, 1.0, -0.114, 0.145, 0.0, 1.0, 0.0, 0.0, 0.0, 0.0, 0.0, 1.0, 0.0, 0.0, 0.0, 22.0, 3.0, 1
2452, 1.0, -0.114, 0.145, 0.0, 1.0, 0.0, 0.0, 0.0, 0.0, 0.0, 1.0, 0.0, 0.0, 0.0, 22.0, 3.0, 1
2452, 1.0, 0.016, -0.114, 0.0, 1.0, 0.0, 0.0, 1.0, 0.0, 0.0, 0.0, 0.0, 0.0, 0.0, 10.0, 22.0, 1
2452, 1.0, 0.016, -0.114, 0.0, 1.0, 0.0, 0.0, 1.0, 0.0, 0.0, 0.0, 0.0, 0.0, 0.0, 10.0, 22.0, 1
2452, 1.0, 0.016, 0.066, 0.0, 1.0, 0.0, 0.0, 0.0, 0.0, 0.0, 1.0, 0.0, 0.0, 0.0, 10.0, 3.0, 1
2452, 1.0, 0.016, 0.066, 0.0, 1.0, 0.0, 0.0, 0.0, 0.0, 0.0, 1.0, 0.0, 0.0, 0.0, 10.0, 3.0, 1
2452, 1.0, -0.114, 0.815, 0.0, 1.0, 0.0, 0.0, 0.0, 0.0, 0.0, 0.0, 0.0, 1.0, 0.0, 22.0, 38.0, 1
2452, 1.0, -0.114, 0.815, 0.0, 1.0, 0.0, 0.0, 0.0, 0.0, 0.0, 0.0, 0.0, 1.0, 0.0, 22.0, 38.0, 1
2452, 2.0, 0.815, -0.385, 0.0, 0.0, 0.0, 1.0, 0.0, 0.0, 0.0, 0.0, 0.0, 0.0, 1.0, 38.0, 40.0, 1
2452, 2.0, 0.815, -0.385, 0.0, 0.0, 0.0, 1.0, 0.0, 0.0, 0.0, 0.0, 0.0, 0.0, 1.0, 38.0, 40.0, 1
2452, 2.0, 0.815, -0.385, 0.0, 0.0, 0.0, 1.0, 0.0, 0.0, 0.0, 0.0, 0.0, 0.0, 1.0, 38.0, 40.0, 1
2452, 2.0, 0.815, -0.385, 0.0, 0.0, 0.0, 1.0, 0.0, 0.0, 0.0, 0.0, 0.0, 0.0, 1.0, 38.0, 40.0, 1
