@relation mutagenesis-bonds
@attribute Bonds-bag-id {3933, 3688, 583, 2127, 1764, 3209, 105, 1463, 4168, 681, 3328, 4008, 841, 1714, 11, 3760, 395, 73, 2464, 3466, 4097, 1156, 1176, 516, 205, 3085, 77, 1951, 1451, 4066, 142, 3389, 2664, 909, 4134, 3080, 1292, 1111, 3749, 3580, 251, 586, 2942, 4060, 2657, 1644, 452, 4145, 941, 1884, 600, 1200, 3365, 1855, 2592, 2622, 316, 104, 74, 3052, 3071, 3478, 1863, 647, 2122, 3919, 2992, 2452, 2789, 3558, 2889, 3293, 2349, 1724, 1065, 2550, 3459, 631, 2041, 2085, 1273, 3307, 3899, 2095, 1834, 950, 2755, 2524, 3256, 3225, 2010, 3498, 2483, 1237, 1838, 3322, 3449, 826, 2933, 1759, 1752, 640, 285, 1580, 2874, 502, 3167, 187, 2497, 1131, 273, 3587, 3238, 1063, 2809, 1019, 334, 2879, 927, 2235, 3260, 3743, 1894, 311, 1613, 2522, 1425, 3120, 2751, 3, 1515, 1428, 1190, 724, 1205, 3008, 1924, 1372, 2880, 3766, 2711, 587, 1743, 2134, 2329, 1312, 828, 1210, 3655, 693, 2117, 1615, 2996, 3990, 3599, 2412, 2642, 4, 308, 3559, 1745, 2028, 2005, 3777, 1270, 561, 1849, 3592, 707, 2043, 171, 3570, 886, 2914, 2573, 1659, 652, 3653, 2030, 902, 3495, 2320, 2376, 3230, 538, 3201, 2219, 3344}
@attribute Bondtype real [1.0, 7.0]
@attribute Charge1 real [-0.533, 1.002]
@attribute Charge2 real [-0.781, 1.002]
@attribute Elementtype1=br real [0.0, 1.0]
@attribute Elementtype1=c real [0.0, 1.0]
@attribute Elementtype1=h real [0.0, 1.0]
@attribute Elementtype1=n real [0.0, 1.0]
@attribute Elementtype2=c real [0.0, 1.0]
@attribute Elementtype2=cl real [0.0, 1.0]
@attribute Elementtype2=f real [0.0, 1.0]
@attribute Elementtype2=h real [0.0, 1.0]
@attribute Elementtype2=i real [0.0, 1.0]
@attribute Elementtype2=n real [0.0, 1.0]
@attribute Elementtype2=o real [0.0, 1.0]
@attribute Quanta1 real [1.0, 232.0]
@attribute Quanta2 real [3.0, 232.0]
@attribute Class {0, 1}
@inputs Bonds-bag-id, Bondtype, Charge1, Charge2, Elementtype1=br, Elementtype1=c, Elementtype1=h, Elementtype1=n, Elementtype2=c, Elementtype2=cl, Elementtype2=f, Elementtype2=h, Elementtype2=i, Elementtype2=n, Elementtype2=o, Quanta1, Quanta2
@outputs Class
@data
2235, 7.0, -0.122, 0.307, 0.0, 1.0, 0.0, 0.0, 1.0, 0.0, 0.0, 0.0, 0.0, 0.0, 0.0, 22.0, 26.0, 0
2235, 7.0, 0.108, 0.307, 0.0, 1.0, 0.0, 0.0, 1.0, 0.0, 0.0, 0.0, 0.0, 0.0, 0.0, 26.0, 26.0, 0
2235, 7.0, -0.122, 0.108, 0.0, 1.0, 0.0, 0.0, 1.0, 0.0, 0.0, 0.0, 0.0, 0.0, 0.0, 22.0, 26.0, 0
2235, 7.0, 0.307, -0.393, 0.0, 1.0, 0.0, 0.0, 0.0, 0.0, 0.0, 0.0, 0.0, 1.0, 0.0, 26.0, 34.0, 0
2235, 7.0, -0.533, -0.393, 0.0, 0.0, 0.0, 1.0, 0.0, 0.0, 0.0, 0.0, 0.0, 1.0, 0.0, 34.0, 34.0, 0
2235, 7.0, -0.122, 0.108, 0.0, 1.0, 0.0, 0.0, 1.0, 0.0, 0.0, 0.0, 0.0, 0.0, 0.0, 21.0, 26.0, 0
2235, 7.0, -0.122, -0.533, 0.0, 1.0, 0.0, 0.0, 0.0, 0.0, 0.0, 0.0, 0.0, 1.0, 0.0, 21.0, 34.0, 0
2235, 1.0, 0.098, -0.533, 0.0, 1.0, 0.0, 0.0, 0.0, 0.0, 0.0, 0.0, 0.0, 1.0, 0.0, 10.0, 34.0, 0
2235, 1.0, -0.122, 0.807, 0.0, 1.0, 0.0, 0.0, 0.0, 0.0, 0.0, 0.0, 0.0, 1.0, 0.0, 22.0, 38.0, 0
2235, 2.0, 0.807, -0.393, 0.0, 0.0, 0.0, 1.0, 0.0, 0.0, 0.0, 0.0, 0.0, 0.0, 1.0, 38.0, 40.0, 0
2235, 2.0, 0.807, -0.393, 0.0, 0.0, 0.0, 1.0, 0.0, 0.0, 0.0, 0.0, 0.0, 0.0, 1.0, 38.0, 40.0, 0
2235, 1.0, -0.122, 0.137, 0.0, 1.0, 0.0, 0.0, 0.0, 0.0, 0.0, 1.0, 0.0, 0.0, 0.0, 22.0, 3.0, 0
2235, 1.0, -0.122, 0.108, 0.0, 1.0, 0.0, 0.0, 0.0, 0.0, 0.0, 1.0, 0.0, 0.0, 0.0, 22.0, 3.0, 0
2235, 1.0, -0.122, 0.138, 0.0, 1.0, 0.0, 0.0, 0.0, 0.0, 0.0, 1.0, 0.0, 0.0, 0.0, 22.0, 3.0, 0
2235, 1.0, -0.122, 0.138, 0.0, 1.0, 0.0, 0.0, 0.0, 0.0, 0.0, 1.0, 0.0, 0.0, 0.0, 21.0, 3.0, 0
2235, 1.0, 0.098, 0.058, 0.0, 1.0, 0.0, 0.0, 0.0, 0.0, 0.0, 1.0, 0.0, 0.0, 0.0, 10.0, 3.0, 0
2235, 1.0, 0.098, 0.058, 0.0, 1.0, 0.0, 0.0, 0.0, 0.0, 0.0, 1.0, 0.0, 0.0, 0.0, 10.0, 3.0, 0
2235, 1.0, 0.098, 0.058, 0.0, 1.0, 0.0, 0.0, 0.0, 0.0, 0.0, 1.0, 0.0, 0.0, 0.0, 10.0, 3.0, 0
2235, 1.0, 0.307, -0.393, 0.0, 0.0, 1.0, 0.0, 0.0, 0.0, 0.0, 0.0, 0.0, 1.0, 0.0, 1.0, 34.0, 0
3570, 7.0, -0.133, 0.176, 0.0, 1.0, 0.0, 0.0, 1.0, 0.0, 0.0, 0.0, 0.0, 0.0, 0.0, 22.0, 22.0, 0
3570, 7.0, -0.134, 0.176, 0.0, 1.0, 0.0, 0.0, 1.0, 0.0, 0.0, 0.0, 0.0, 0.0, 0.0, 22.0, 22.0, 0
3570, 7.0, -0.134, -0.133, 0.0, 1.0, 0.0, 0.0, 1.0, 0.0, 0.0, 0.0, 0.0, 0.0, 0.0, 22.0, 22.0, 0
3570, 1.0, -0.133, 0.127, 0.0, 1.0, 0.0, 0.0, 0.0, 0.0, 0.0, 1.0, 0.0, 0.0, 0.0, 22.0, 3.0, 0
3570, 1.0, -0.133, 0.127, 0.0, 1.0, 0.0, 0.0, 0.0, 0.0, 0.0, 1.0, 0.0, 0.0, 0.0, 22.0, 3.0, 0
3570, 1.0, -0.133, 0.127, 0.0, 1.0, 0.0, 0.0, 0.0, 0.0, 0.0, 1.0, 0.0, 0.0, 0.0, 22.0, 3.0, 0
3570, 1.0, -0.134, 0.127, 0.0, 1.0, 0.0, 0.0, 0.0, 0.0, 0.0, 1.0, 0.0, 0.0, 0.0, 22.0, 3.0, 0
3570, 1.0, 0.176, -0.234, 0.0, 1.0, 0.0, 0.0, 0.0, 0.0, 0.0, 0.0, 0.0, 0.0, 1.0, 22.0, 50.0, 0
3570, 1.0, 0.087, -0.234, 0.0, 1.0, 0.0, 0.0, 0.0, 0.0, 0.0, 0.0, 0.0, 0.0, 1.0, 10.0, 50.0, 0
3570, 1.0, 0.087, 0.047, 0.0, 1.0, 0.0, 0.0, 0.0, 0.0, 0.0, 1.0, 0.0, 0.0, 0.0, 10.0, 3.0, 0
3570, 1.0, 0.087, 0.047, 0.0, 1.0, 0.0, 0.0, 0.0, 0.0, 0.0, 1.0, 0.0, 0.0, 0.0, 10.0, 3.0, 0
3570, 1.0, 0.087, 0.047, 0.0, 1.0, 0.0, 0.0, 0.0, 0.0, 0.0, 1.0, 0.0, 0.0, 0.0, 10.0, 3.0, 0
3570, 1.0, -0.133, 0.796, 0.0, 1.0, 0.0, 0.0, 0.0, 0.0, 0.0, 0.0, 0.0, 1.0, 0.0, 22.0, 38.0, 0
3570, 2.0, 0.796, -0.404, 0.0, 0.0, 0.0, 1.0, 0.0, 0.0, 0.0, 0.0, 0.0, 0.0, 1.0, 38.0, 40.0, 0
3570, 2.0, 0.796, -0.404, 0.0, 0.0, 0.0, 1.0, 0.0, 0.0, 0.0, 0.0, 0.0, 0.0, 1.0, 38.0, 40.0, 0
2005, 7.0, -0.111, -0.081, 0.0, 1.0, 0.0, 0.0, 1.0, 0.0, 0.0, 0.0, 0.0, 0.0, 0.0, 22.0, 27.0, 0
2005, 7.0, -0.081, 0.019, 0.0, 1.0, 0.0, 0.0, 1.0, 0.0, 0.0, 0.0, 0.0, 0.0, 0.0, 27.0, 27.0, 0
2005, 7.0, -0.111, 0.019, 0.0, 1.0, 0.0, 0.0, 1.0, 0.0, 0.0, 0.0, 0.0, 0.0, 0.0, 22.0, 27.0, 0
2005, 7.0, -0.111, 0.198, 0.0, 1.0, 0.0, 0.0, 1.0, 0.0, 0.0, 0.0, 0.0, 0.0, 0.0, 22.0, 22.0, 0
2005, 7.0, -0.111, 0.198, 0.0, 1.0, 0.0, 0.0, 1.0, 0.0, 0.0, 0.0, 0.0, 0.0, 0.0, 22.0, 22.0, 0
2005, 1.0, -0.111, 0.149, 0.0, 1.0, 0.0, 0.0, 0.0, 0.0, 0.0, 1.0, 0.0, 0.0, 0.0, 22.0, 3.0, 0
2005, 1.0, -0.111, 0.149, 0.0, 1.0, 0.0, 0.0, 0.0, 0.0, 0.0, 1.0, 0.0, 0.0, 0.0, 22.0, 3.0, 0
2005, 7.0, -0.081, -0.752, 0.0, 1.0, 0.0, 0.0, 0.0, 0.0, 0.0, 0.0, 0.0, 1.0, 0.0, 27.0, 35.0, 0
2005, 7.0, 0.268, -0.752, 0.0, 1.0, 0.0, 0.0, 0.0, 0.0, 0.0, 0.0, 0.0, 1.0, 0.0, 22.0, 35.0, 0
2005, 7.0, -0.111, 0.268, 0.0, 1.0, 0.0, 0.0, 1.0, 0.0, 0.0, 0.0, 0.0, 0.0, 0.0, 22.0, 22.0, 0
2005, 7.0, -0.111, 0.019, 0.0, 1.0, 0.0, 0.0, 1.0, 0.0, 0.0, 0.0, 0.0, 0.0, 0.0, 22.0, 27.0, 0
2005, 1.0, 0.268, 0.149, 0.0, 1.0, 0.0, 0.0, 0.0, 0.0, 0.0, 1.0, 0.0, 0.0, 0.0, 22.0, 3.0, 0
2005, 1.0, -0.111, 0.149, 0.0, 1.0, 0.0, 0.0, 0.0, 0.0, 0.0, 1.0, 0.0, 0.0, 0.0, 22.0, 3.0, 0
2005, 1.0, -0.111, 0.149, 0.0, 1.0, 0.0, 0.0, 0.0, 0.0, 0.0, 1.0, 0.0, 0.0, 0.0, 22.0, 3.0, 0
2005, 1.0, -0.111, 0.818, 0.0, 1.0, 0.0, 0.0, 0.0, 0.0, 0.0, 0.0, 0.0, 1.0, 0.0, 22.0, 38.0, 0
2005, 2.0, 0.818, -0.382, 0.0, 0.0, 0.0, 1.0, 0.0, 0.0, 0.0, 0.0, 0.0, 0.0, 1.0, 38.0, 40.0, 0
2005, 1.0, 0.198, -0.212, 0.0, 1.0, 0.0, 0.0, 0.0, 0.0, 0.0, 0.0, 0.0, 0.0, 1.0, 22.0, 50.0, 0
2005, 2.0, 0.818, -0.382, 0.0, 0.0, 0.0, 1.0, 0.0, 0.0, 0.0, 0.0, 0.0, 0.0, 1.0, 38.0, 40.0, 0
2005, 1.0, 0.109, 0.069, 0.0, 1.0, 0.0, 0.0, 0.0, 0.0, 0.0, 1.0, 0.0, 0.0, 0.0, 10.0, 3.0, 0
2005, 1.0, 0.109, -0.212, 0.0, 1.0, 0.0, 0.0, 0.0, 0.0, 0.0, 0.0, 0.0, 0.0, 1.0, 10.0, 50.0, 0
2005, 1.0, 0.109, 0.069, 0.0, 1.0, 0.0, 0.0, 0.0, 0.0, 0.0, 1.0, 0.0, 0.0, 0.0, 10.0, 3.0, 0
2005, 1.0, 0.109, 0.069, 0.0, 1.0, 0.0, 0.0, 0.0, 0.0, 0.0, 1.0, 0.0, 0.0, 0.0, 10.0, 3.0, 0
1063, 7.0, -0.106, 0.224, 0.0, 1.0, 0.0, 0.0, 1.0, 0.0, 0.0, 0.0, 0.0, 0.0, 0.0, 22.0, 22.0, 0
1063, 7.0, -0.106, 0.224, 0.0, 1.0, 0.0, 0.0, 1.0, 0.0, 0.0, 0.0, 0.0, 0.0, 0.0, 22.0, 22.0, 0
1063, 1.0, -0.106, 0.154, 0.0, 1.0, 0.0, 0.0, 0.0, 0.0, 0.0, 1.0, 0.0, 0.0, 0.0, 22.0, 3.0, 0
1063, 1.0, -0.106, 0.154, 0.0, 1.0, 0.0, 0.0, 0.0, 0.0, 0.0, 1.0, 0.0, 0.0, 0.0, 22.0, 3.0, 0
1063, 1.0, -0.106, 0.154, 0.0, 1.0, 0.0, 0.0, 0.0, 0.0, 0.0, 1.0, 0.0, 0.0, 0.0, 22.0, 3.0, 0
1063, 1.0, 0.224, -0.757, 0.0, 1.0, 0.0, 0.0, 0.0, 0.0, 0.0, 0.0, 0.0, 1.0, 0.0, 22.0, 32.0, 0
1063, 1.0, 0.354, -0.757, 0.0, 0.0, 1.0, 0.0, 0.0, 0.0, 0.0, 0.0, 0.0, 1.0, 0.0, 1.0, 32.0, 0
1063, 1.0, 0.354, -0.757, 0.0, 0.0, 1.0, 0.0, 0.0, 0.0, 0.0, 0.0, 0.0, 1.0, 0.0, 1.0, 32.0, 0
1063, 1.0, -0.106, 0.823, 0.0, 1.0, 0.0, 0.0, 0.0, 0.0, 0.0, 0.0, 0.0, 1.0, 0.0, 22.0, 38.0, 0
1063, 1.0, -0.106, -0.176, 0.0, 1.0, 0.0, 0.0, 0.0, 1.0, 0.0, 0.0, 0.0, 0.0, 0.0, 22.0, 93.0, 0
1063, 2.0, 0.823, -0.377, 0.0, 0.0, 0.0, 1.0, 0.0, 0.0, 0.0, 0.0, 0.0, 0.0, 1.0, 38.0, 40.0, 0
1063, 2.0, 0.823, -0.377, 0.0, 0.0, 0.0, 1.0, 0.0, 0.0, 0.0, 0.0, 0.0, 0.0, 1.0, 38.0, 40.0, 0
1428, 7.0, -0.133, 0.176, 0.0, 1.0, 0.0, 0.0, 1.0, 0.0, 0.0, 0.0, 0.0, 0.0, 0.0, 22.0, 22.0, 0
1428, 7.0, -0.134, 0.176, 0.0, 1.0, 0.0, 0.0, 1.0, 0.0, 0.0, 0.0, 0.0, 0.0, 0.0, 22.0, 22.0, 0
1428, 7.0, -0.134, -0.133, 0.0, 1.0, 0.0, 0.0, 1.0, 0.0, 0.0, 0.0, 0.0, 0.0, 0.0, 22.0, 22.0, 0
1428, 1.0, -0.133, 0.127, 0.0, 1.0, 0.0, 0.0, 0.0, 0.0, 0.0, 1.0, 0.0, 0.0, 0.0, 22.0, 3.0, 0
1428, 1.0, -0.133, 0.127, 0.0, 1.0, 0.0, 0.0, 0.0, 0.0, 0.0, 1.0, 0.0, 0.0, 0.0, 22.0, 3.0, 0
1428, 1.0, -0.133, 0.127, 0.0, 1.0, 0.0, 0.0, 0.0, 0.0, 0.0, 1.0, 0.0, 0.0, 0.0, 22.0, 3.0, 0
1428, 1.0, -0.134, 0.127, 0.0, 1.0, 0.0, 0.0, 0.0, 0.0, 0.0, 1.0, 0.0, 0.0, 0.0, 22.0, 3.0, 0
1428, 1.0, 0.176, -0.234, 0.0, 1.0, 0.0, 0.0, 0.0, 0.0, 0.0, 0.0, 0.0, 0.0, 1.0, 22.0, 50.0, 0
1428, 1.0, 0.087, -0.234, 0.0, 1.0, 0.0, 0.0, 0.0, 0.0, 0.0, 0.0, 0.0, 0.0, 1.0, 10.0, 50.0, 0
1428, 1.0, 0.087, 0.047, 0.0, 1.0, 0.0, 0.0, 0.0, 0.0, 0.0, 1.0, 0.0, 0.0, 0.0, 10.0, 3.0, 0
1428, 1.0, 0.087, 0.047, 0.0, 1.0, 0.0, 0.0, 0.0, 0.0, 0.0, 1.0, 0.0, 0.0, 0.0, 10.0, 3.0, 0
1428, 1.0, 0.087, 0.047, 0.0, 1.0, 0.0, 0.0, 0.0, 0.0, 0.0, 1.0, 0.0, 0.0, 0.0, 10.0, 3.0, 0
1428, 1.0, -0.133, 0.796, 0.0, 1.0, 0.0, 0.0, 0.0, 0.0, 0.0, 0.0, 0.0, 1.0, 0.0, 22.0, 38.0, 0
1428, 2.0, 0.796, -0.404, 0.0, 0.0, 0.0, 1.0, 0.0, 0.0, 0.0, 0.0, 0.0, 0.0, 1.0, 38.0, 40.0, 0
1428, 2.0, 0.796, -0.404, 0.0, 0.0, 0.0, 1.0, 0.0, 0.0, 0.0, 0.0, 0.0, 0.0, 1.0, 38.0, 40.0, 0
3120, 7.0, -0.107, 0.323, 0.0, 1.0, 0.0, 0.0, 1.0, 0.0, 0.0, 0.0, 0.0, 0.0, 0.0, 22.0, 26.0, 0
3120, 7.0, 0.123, 0.323, 0.0, 1.0, 0.0, 0.0, 1.0, 0.0, 0.0, 0.0, 0.0, 0.0, 0.0, 26.0, 26.0, 0
3120, 7.0, -0.107, 0.123, 0.0, 1.0, 0.0, 0.0, 1.0, 0.0, 0.0, 0.0, 0.0, 0.0, 0.0, 22.0, 26.0, 0
3120, 7.0, 0.323, -0.517, 0.0, 1.0, 0.0, 0.0, 0.0, 0.0, 0.0, 0.0, 0.0, 1.0, 0.0, 26.0, 34.0, 0
3120, 7.0, -0.517, -0.377, 0.0, 0.0, 0.0, 1.0, 0.0, 0.0, 0.0, 0.0, 0.0, 1.0, 0.0, 34.0, 34.0, 0
3120, 7.0, -0.107, 0.123, 0.0, 1.0, 0.0, 0.0, 1.0, 0.0, 0.0, 0.0, 0.0, 0.0, 0.0, 21.0, 26.0, 0
3120, 7.0, -0.107, -0.377, 0.0, 1.0, 0.0, 0.0, 0.0, 0.0, 0.0, 0.0, 0.0, 1.0, 0.0, 21.0, 34.0, 0
3120, 1.0, 0.113, -0.517, 0.0, 1.0, 0.0, 0.0, 0.0, 0.0, 0.0, 0.0, 0.0, 1.0, 0.0, 10.0, 34.0, 0
3120, 1.0, -0.107, 0.823, 0.0, 1.0, 0.0, 0.0, 0.0, 0.0, 0.0, 0.0, 0.0, 1.0, 0.0, 22.0, 38.0, 0
3120, 2.0, 0.823, -0.377, 0.0, 0.0, 0.0, 1.0, 0.0, 0.0, 0.0, 0.0, 0.0, 0.0, 1.0, 38.0, 40.0, 0
3120, 2.0, 0.823, -0.377, 0.0, 0.0, 0.0, 1.0, 0.0, 0.0, 0.0, 0.0, 0.0, 0.0, 1.0, 38.0, 40.0, 0
3120, 1.0, -0.107, 0.153, 0.0, 1.0, 0.0, 0.0, 0.0, 0.0, 0.0, 1.0, 0.0, 0.0, 0.0, 22.0, 3.0, 0
3120, 1.0, -0.107, 0.153, 0.0, 1.0, 0.0, 0.0, 0.0, 0.0, 0.0, 1.0, 0.0, 0.0, 0.0, 22.0, 3.0, 0
3120, 1.0, -0.107, 0.123, 0.0, 1.0, 0.0, 0.0, 0.0, 0.0, 0.0, 1.0, 0.0, 0.0, 0.0, 22.0, 3.0, 0
3120, 1.0, -0.107, 0.153, 0.0, 1.0, 0.0, 0.0, 0.0, 0.0, 0.0, 1.0, 0.0, 0.0, 0.0, 21.0, 3.0, 0
3120, 1.0, 0.113, 0.073, 0.0, 1.0, 0.0, 0.0, 0.0, 0.0, 0.0, 1.0, 0.0, 0.0, 0.0, 10.0, 3.0, 0
3120, 1.0, 0.113, 0.073, 0.0, 1.0, 0.0, 0.0, 0.0, 0.0, 0.0, 1.0, 0.0, 0.0, 0.0, 10.0, 3.0, 0
3120, 1.0, 0.113, 0.073, 0.0, 1.0, 0.0, 0.0, 0.0, 0.0, 0.0, 1.0, 0.0, 0.0, 0.0, 10.0, 3.0, 0
1714, 7.0, -0.114, 0.016, 0.0, 1.0, 0.0, 0.0, 1.0, 0.0, 0.0, 0.0, 0.0, 0.0, 0.0, 22.0, 27.0, 1
1714, 7.0, -0.084, 0.016, 0.0, 1.0, 0.0, 0.0, 1.0, 0.0, 0.0, 0.0, 0.0, 0.0, 0.0, 27.0, 27.0, 1
1714, 7.0, -0.114, -0.084, 0.0, 1.0, 0.0, 0.0, 1.0, 0.0, 0.0, 0.0, 0.0, 0.0, 0.0, 22.0, 27.0, 1
1714, 1.0, -0.114, 0.145, 0.0, 1.0, 0.0, 0.0, 0.0, 0.0, 0.0, 1.0, 0.0, 0.0, 0.0, 22.0, 3.0, 1
1714, 1.0, -0.114, 0.145, 0.0, 1.0, 0.0, 0.0, 0.0, 0.0, 0.0, 1.0, 0.0, 0.0, 0.0, 22.0, 3.0, 1
1714, 1.0, -0.114, 0.145, 0.0, 1.0, 0.0, 0.0, 0.0, 0.0, 0.0, 1.0, 0.0, 0.0, 0.0, 22.0, 3.0, 1
1714, 1.0, -0.114, 0.145, 0.0, 1.0, 0.0, 0.0, 0.0, 0.0, 0.0, 1.0, 0.0, 0.0, 0.0, 22.0, 3.0, 1
1714, 7.0, -0.114, 0.016, 0.0, 1.0, 0.0, 0.0, 1.0, 0.0, 0.0, 0.0, 0.0, 0.0, 0.0, 22.0, 27.0, 1
1714, 7.0, -0.114, 0.016, 0.0, 1.0, 0.0, 0.0, 1.0, 0.0, 0.0, 0.0, 0.0, 0.0, 0.0, 22.0, 27.0, 1
1714, 7.0, 0.016, -0.084, 0.0, 1.0, 0.0, 0.0, 1.0, 0.0, 0.0, 0.0, 0.0, 0.0, 0.0, 27.0, 195.0, 1
1714, 7.0, -0.084, -0.084, 0.0, 1.0, 0.0, 0.0, 1.0, 0.0, 0.0, 0.0, 0.0, 0.0, 0.0, 27.0, 195.0, 1
1714, 1.0, -0.114, 0.145, 0.0, 1.0, 0.0, 0.0, 0.0, 0.0, 0.0, 1.0, 0.0, 0.0, 0.0, 22.0, 3.0, 1
1714, 7.0, -0.114, 0.016, 0.0, 1.0, 0.0, 0.0, 1.0, 0.0, 0.0, 0.0, 0.0, 0.0, 0.0, 22.0, 27.0, 1
1714, 7.0, -0.114, 0.016, 0.0, 1.0, 0.0, 0.0, 1.0, 0.0, 0.0, 0.0, 0.0, 0.0, 0.0, 22.0, 27.0, 1
1714, 7.0, -0.084, 0.016, 0.0, 1.0, 0.0, 0.0, 1.0, 0.0, 0.0, 0.0, 0.0, 0.0, 0.0, 27.0, 27.0, 1
1714, 7.0, -0.084, -0.084, 0.0, 1.0, 0.0, 0.0, 1.0, 0.0, 0.0, 0.0, 0.0, 0.0, 0.0, 27.0, 195.0, 1
1714, 1.0, -0.114, 0.145, 0.0, 1.0, 0.0, 0.0, 0.0, 0.0, 0.0, 1.0, 0.0, 0.0, 0.0, 22.0, 3.0, 1
1714, 1.0, -0.114, 0.145, 0.0, 1.0, 0.0, 0.0, 0.0, 0.0, 0.0, 1.0, 0.0, 0.0, 0.0, 22.0, 3.0, 1
1714, 7.0, -0.114, 0.016, 0.0, 1.0, 0.0, 0.0, 1.0, 0.0, 0.0, 0.0, 0.0, 0.0, 0.0, 22.0, 27.0, 1
1714, 7.0, -0.084, 0.016, 0.0, 1.0, 0.0, 0.0, 1.0, 0.0, 0.0, 0.0, 0.0, 0.0, 0.0, 27.0, 27.0, 1
1714, 1.0, -0.114, 0.145, 0.0, 1.0, 0.0, 0.0, 0.0, 0.0, 0.0, 1.0, 0.0, 0.0, 0.0, 22.0, 3.0, 1
1714, 7.0, -0.114, -0.084, 0.0, 1.0, 0.0, 0.0, 1.0, 0.0, 0.0, 0.0, 0.0, 0.0, 0.0, 22.0, 195.0, 1
1714, 7.0, -0.114, 0.016, 0.0, 1.0, 0.0, 0.0, 1.0, 0.0, 0.0, 0.0, 0.0, 0.0, 0.0, 22.0, 27.0, 1
1714, 1.0, -0.114, 0.145, 0.0, 1.0, 0.0, 0.0, 0.0, 0.0, 0.0, 1.0, 0.0, 0.0, 0.0, 22.0, 3.0, 1
1714, 1.0, -0.114, 0.145, 0.0, 1.0, 0.0, 0.0, 0.0, 0.0, 0.0, 1.0, 0.0, 0.0, 0.0, 22.0, 3.0, 1
1714, 7.0, -0.114, 0.016, 0.0, 1.0, 0.0, 0.0, 1.0, 0.0, 0.0, 0.0, 0.0, 0.0, 0.0, 22.0, 27.0, 1
1714, 1.0, -0.114, 0.815, 0.0, 1.0, 0.0, 0.0, 0.0, 0.0, 0.0, 0.0, 0.0, 1.0, 0.0, 22.0, 38.0, 1
1714, 1.0, -0.114, 0.145, 0.0, 1.0, 0.0, 0.0, 0.0, 0.0, 0.0, 1.0, 0.0, 0.0, 0.0, 22.0, 3.0, 1
1714, 2.0, 0.815, -0.385, 0.0, 0.0, 0.0, 1.0, 0.0, 0.0, 0.0, 0.0, 0.0, 0.0, 1.0, 38.0, 40.0, 1
1714, 2.0, 0.815, -0.385, 0.0, 0.0, 0.0, 1.0, 0.0, 0.0, 0.0, 0.0, 0.0, 0.0, 1.0, 38.0, 40.0, 1
3933, 7.0, -0.114, 0.016, 0.0, 1.0, 0.0, 0.0, 1.0, 0.0, 0.0, 0.0, 0.0, 0.0, 0.0, 22.0, 29.0, 1
3933, 7.0, -0.114, 0.016, 0.0, 1.0, 0.0, 0.0, 1.0, 0.0, 0.0, 0.0, 0.0, 0.0, 0.0, 22.0, 29.0, 1
3933, 1.0, -0.114, 0.145, 0.0, 1.0, 0.0, 0.0, 0.0, 0.0, 0.0, 1.0, 0.0, 0.0, 0.0, 22.0, 3.0, 1
3933, 1.0, -0.114, 0.145, 0.0, 1.0, 0.0, 0.0, 0.0, 0.0, 0.0, 1.0, 0.0, 0.0, 0.0, 22.0, 3.0, 1
3933, 1.0, -0.114, 0.145, 0.0, 1.0, 0.0, 0.0, 0.0, 0.0, 0.0, 1.0, 0.0, 0.0, 0.0, 22.0, 3.0, 1
3933, 7.0, -0.114, 0.016, 0.0, 1.0, 0.0, 0.0, 1.0, 0.0, 0.0, 0.0, 0.0, 0.0, 0.0, 22.0, 29.0, 1
3933, 7.0, -0.114, 0.016, 0.0, 1.0, 0.0, 0.0, 1.0, 0.0, 0.0, 0.0, 0.0, 0.0, 0.0, 22.0, 29.0, 1
3933, 1.0, -0.114, 0.145, 0.0, 1.0, 0.0, 0.0, 0.0, 0.0, 0.0, 1.0, 0.0, 0.0, 0.0, 22.0, 3.0, 1
3933, 1.0, -0.114, 0.145, 0.0, 1.0, 0.0, 0.0, 0.0, 0.0, 0.0, 1.0, 0.0, 0.0, 0.0, 22.0, 3.0, 1
3933, 1.0, -0.114, 0.145, 0.0, 1.0, 0.0, 0.0, 0.0, 0.0, 0.0, 1.0, 0.0, 0.0, 0.0, 22.0, 3.0, 1
3933, 1.0, 0.016, -0.114, 0.0, 1.0, 0.0, 0.0, 1.0, 0.0, 0.0, 0.0, 0.0, 0.0, 0.0, 10.0, 22.0, 1
3933, 1.0, 0.016, -0.114, 0.0, 1.0, 0.0, 0.0, 1.0, 0.0, 0.0, 0.0, 0.0, 0.0, 0.0, 10.0, 22.0, 1
3933, 1.0, 0.016, 0.066, 0.0, 1.0, 0.0, 0.0, 0.0, 0.0, 0.0, 1.0, 0.0, 0.0, 0.0, 10.0, 3.0, 1
3933, 1.0, 0.016, 0.066, 0.0, 1.0, 0.0, 0.0, 0.0, 0.0, 0.0, 1.0, 0.0, 0.0, 0.0, 10.0, 3.0, 1
3933, 1.0, -0.114, 0.815, 0.0, 1.0, 0.0, 0.0, 0.0, 0.0, 0.0, 0.0, 0.0, 1.0, 0.0, 22.0, 38.0, 1
3933, 1.0, -0.114, 0.815, 0.0, 1.0, 0.0, 0.0, 0.0, 0.0, 0.0, 0.0, 0.0, 1.0, 0.0, 22.0, 38.0, 1
3933, 2.0, 0.815, -0.385, 0.0, 0.0, 0.0, 1.0, 0.0, 0.0, 0.0, 0.0, 0.0, 0.0, 1.0, 38.0, 40.0, 1
3933, 2.0, 0.815, -0.385, 0.0, 0.0, 0.0, 1.0, 0.0, 0.0, 0.0, 0.0, 0.0, 0.0, 1.0, 38.0, 40.0, 1
3933, 2.0, 0.815, -0.385, 0.0, 0.0, 0.0, 1.0, 0.0, 0.0, 0.0, 0.0, 0.0, 0.0, 1.0, 38.0, 40.0, 1
3933, 2.0, 0.815, -0.385, 0.0, 0.0, 0.0, 1.0, 0.0, 0.0, 0.0, 0.0, 0.0, 0.0, 1.0, 38.0, 40.0, 1
3225, 7.0, -0.115, -0.085, 0.0, 1.0, 0.0, 0.0, 1.0, 0.0, 0.0, 0.0, 0.0, 0.0, 0.0, 22.0, 27.0, 1
3225, 7.0, -0.085, -0.085, 0.0, 1.0, 0.0, 0.0, 1.0, 0.0, 0.0, 0.0, 0.0, 0.0, 0.0, 26.0, 27.0, 1
3225, 7.0, -0.115, -0.085, 0.0, 1.0, 0.0, 0.0, 1.0, 0.0, 0.0, 0.0, 0.0, 0.0, 0.0, 22.0, 26.0, 1
3225, 7.0, -0.085, 0.015, 0.0, 1.0, 0.0, 0.0, 1.0, 0.0, 0.0, 0.0, 0.0, 0.0, 0.0, 27.0, 27.0, 1
3225, 7.0, -0.115, 0.015, 0.0, 1.0, 0.0, 0.0, 1.0, 0.0, 0.0, 0.0, 0.0, 0.0, 0.0, 22.0, 27.0, 1
3225, 7.0, -0.115, -0.085, 0.0, 1.0, 0.0, 0.0, 1.0, 0.0, 0.0, 0.0, 0.0, 0.0, 0.0, 22.0, 26.0, 1
3225, 7.0, -0.085, -0.085, 0.0, 1.0, 0.0, 0.0, 1.0, 0.0, 0.0, 0.0, 0.0, 0.0, 0.0, 26.0, 27.0, 1
3225, 7.0, -0.115, -0.085, 0.0, 1.0, 0.0, 0.0, 1.0, 0.0, 0.0, 0.0, 0.0, 0.0, 0.0, 22.0, 27.0, 1
3225, 7.0, -0.115, 0.015, 0.0, 1.0, 0.0, 0.0, 1.0, 0.0, 0.0, 0.0, 0.0, 0.0, 0.0, 22.0, 27.0, 1
3225, 7.0, -0.115, 0.015, 0.0, 1.0, 0.0, 0.0, 1.0, 0.0, 0.0, 0.0, 0.0, 0.0, 0.0, 22.0, 27.0, 1
3225, 7.0, -0.115, 0.015, 0.0, 1.0, 0.0, 0.0, 1.0, 0.0, 0.0, 0.0, 0.0, 0.0, 0.0, 22.0, 27.0, 1
3225, 7.0, -0.115, 0.015, 0.0, 1.0, 0.0, 0.0, 1.0, 0.0, 0.0, 0.0, 0.0, 0.0, 0.0, 22.0, 27.0, 1
3225, 7.0, -0.115, 0.015, 0.0, 1.0, 0.0, 0.0, 1.0, 0.0, 0.0, 0.0, 0.0, 0.0, 0.0, 22.0, 27.0, 1
3225, 7.0, 0.015, -0.085, 0.0, 1.0, 0.0, 0.0, 1.0, 0.0, 0.0, 0.0, 0.0, 0.0, 0.0, 21.0, 26.0, 1
3225, 7.0, -0.085, 0.015, 0.0, 1.0, 0.0, 0.0, 1.0, 0.0, 0.0, 0.0, 0.0, 0.0, 0.0, 21.0, 21.0, 1
3225, 7.0, -0.085, -0.085, 0.0, 1.0, 0.0, 0.0, 1.0, 0.0, 0.0, 0.0, 0.0, 0.0, 0.0, 21.0, 26.0, 1
3225, 1.0, -0.115, 0.145, 0.0, 1.0, 0.0, 0.0, 0.0, 0.0, 0.0, 1.0, 0.0, 0.0, 0.0, 22.0, 3.0, 1
3225, 1.0, -0.115, 0.145, 0.0, 1.0, 0.0, 0.0, 0.0, 0.0, 0.0, 1.0, 0.0, 0.0, 0.0, 22.0, 3.0, 1
3225, 1.0, -0.115, 0.145, 0.0, 1.0, 0.0, 0.0, 0.0, 0.0, 0.0, 1.0, 0.0, 0.0, 0.0, 22.0, 3.0, 1
3225, 1.0, -0.115, 0.144, 0.0, 1.0, 0.0, 0.0, 0.0, 0.0, 0.0, 1.0, 0.0, 0.0, 0.0, 22.0, 3.0, 1
3225, 1.0, -0.115, 0.144, 0.0, 1.0, 0.0, 0.0, 0.0, 0.0, 0.0, 1.0, 0.0, 0.0, 0.0, 22.0, 3.0, 1
3225, 1.0, -0.115, 0.144, 0.0, 1.0, 0.0, 0.0, 0.0, 0.0, 0.0, 1.0, 0.0, 0.0, 0.0, 22.0, 3.0, 1
3225, 1.0, -0.115, 0.144, 0.0, 1.0, 0.0, 0.0, 0.0, 0.0, 0.0, 1.0, 0.0, 0.0, 0.0, 22.0, 3.0, 1
3225, 1.0, -0.115, 0.144, 0.0, 1.0, 0.0, 0.0, 0.0, 0.0, 0.0, 1.0, 0.0, 0.0, 0.0, 22.0, 3.0, 1
3225, 1.0, -0.115, 0.144, 0.0, 1.0, 0.0, 0.0, 0.0, 0.0, 0.0, 1.0, 0.0, 0.0, 0.0, 22.0, 3.0, 1
3225, 1.0, -0.115, 0.144, 0.0, 1.0, 0.0, 0.0, 0.0, 0.0, 0.0, 1.0, 0.0, 0.0, 0.0, 22.0, 3.0, 1
3225, 1.0, 0.015, 0.814, 0.0, 1.0, 0.0, 0.0, 0.0, 0.0, 0.0, 0.0, 0.0, 1.0, 0.0, 21.0, 38.0, 1
3225, 1.0, -0.085, 0.115, 0.0, 1.0, 0.0, 0.0, 0.0, 0.0, 0.0, 1.0, 0.0, 0.0, 0.0, 21.0, 3.0, 1
3225, 2.0, 0.814, -0.386, 0.0, 0.0, 0.0, 1.0, 0.0, 0.0, 0.0, 0.0, 0.0, 0.0, 1.0, 38.0, 40.0, 1
3225, 2.0, 0.814, -0.386, 0.0, 0.0, 0.0, 1.0, 0.0, 0.0, 0.0, 0.0, 0.0, 0.0, 1.0, 38.0, 40.0, 1
3495, 7.0, -0.148, 0.182, 0.0, 1.0, 0.0, 0.0, 1.0, 0.0, 0.0, 0.0, 0.0, 0.0, 0.0, 22.0, 22.0, 1
3495, 7.0, -0.148, 0.182, 0.0, 1.0, 0.0, 0.0, 1.0, 0.0, 0.0, 0.0, 0.0, 0.0, 0.0, 22.0, 22.0, 1
3495, 1.0, -0.148, 0.112, 0.0, 1.0, 0.0, 0.0, 0.0, 0.0, 0.0, 1.0, 0.0, 0.0, 0.0, 22.0, 3.0, 1
3495, 1.0, -0.148, 0.112, 0.0, 1.0, 0.0, 0.0, 0.0, 0.0, 0.0, 1.0, 0.0, 0.0, 0.0, 22.0, 3.0, 1
3495, 1.0, -0.148, 0.112, 0.0, 1.0, 0.0, 0.0, 0.0, 0.0, 0.0, 1.0, 0.0, 0.0, 0.0, 22.0, 3.0, 1
3495, 1.0, -0.148, 0.112, 0.0, 1.0, 0.0, 0.0, 0.0, 0.0, 0.0, 1.0, 0.0, 0.0, 0.0, 22.0, 3.0, 1
3495, 7.0, -0.148, 0.182, 0.0, 1.0, 0.0, 0.0, 1.0, 0.0, 0.0, 0.0, 0.0, 0.0, 0.0, 22.0, 22.0, 1
3495, 7.0, -0.148, 0.182, 0.0, 1.0, 0.0, 0.0, 1.0, 0.0, 0.0, 0.0, 0.0, 0.0, 0.0, 22.0, 22.0, 1
3495, 1.0, -0.148, 0.112, 0.0, 1.0, 0.0, 0.0, 0.0, 0.0, 0.0, 1.0, 0.0, 0.0, 0.0, 22.0, 3.0, 1
3495, 1.0, -0.148, 0.112, 0.0, 1.0, 0.0, 0.0, 0.0, 0.0, 0.0, 1.0, 0.0, 0.0, 0.0, 22.0, 3.0, 1
3495, 1.0, -0.148, 0.112, 0.0, 1.0, 0.0, 0.0, 0.0, 0.0, 0.0, 1.0, 0.0, 0.0, 0.0, 22.0, 3.0, 1
3495, 1.0, 0.182, -0.419, 0.0, 1.0, 0.0, 0.0, 0.0, 0.0, 0.0, 0.0, 0.0, 1.0, 0.0, 22.0, 32.0, 1
3495, 1.0, 0.182, -0.419, 0.0, 1.0, 0.0, 0.0, 0.0, 0.0, 0.0, 0.0, 0.0, 1.0, 0.0, 22.0, 32.0, 1
3495, 1.0, 0.182, -0.418, 0.0, 1.0, 0.0, 0.0, 0.0, 0.0, 0.0, 0.0, 0.0, 1.0, 0.0, 22.0, 32.0, 1
3495, 1.0, 0.182, -0.418, 0.0, 1.0, 0.0, 0.0, 0.0, 0.0, 0.0, 0.0, 0.0, 1.0, 0.0, 22.0, 32.0, 1
3495, 1.0, 0.282, -0.419, 0.0, 0.0, 1.0, 0.0, 0.0, 0.0, 0.0, 0.0, 0.0, 1.0, 0.0, 1.0, 32.0, 1
3495, 1.0, -0.148, 0.781, 0.0, 1.0, 0.0, 0.0, 0.0, 0.0, 0.0, 0.0, 0.0, 1.0, 0.0, 22.0, 38.0, 1
3495, 1.0, 0.282, -0.418, 0.0, 0.0, 1.0, 0.0, 0.0, 0.0, 0.0, 0.0, 0.0, 1.0, 0.0, 1.0, 32.0, 1
3495, 2.0, 0.781, -0.418, 0.0, 0.0, 0.0, 1.0, 0.0, 0.0, 0.0, 0.0, 0.0, 0.0, 1.0, 38.0, 40.0, 1
3495, 2.0, 0.781, -0.418, 0.0, 0.0, 0.0, 1.0, 0.0, 0.0, 0.0, 0.0, 0.0, 0.0, 1.0, 38.0, 40.0, 1
4097, 7.0, -0.114, 0.016, 0.0, 1.0, 0.0, 0.0, 1.0, 0.0, 0.0, 0.0, 0.0, 0.0, 0.0, 22.0, 27.0, 1
4097, 7.0, -0.114, 0.016, 0.0, 1.0, 0.0, 0.0, 1.0, 0.0, 0.0, 0.0, 0.0, 0.0, 0.0, 22.0, 27.0, 1
4097, 1.0, -0.114, 0.146, 0.0, 1.0, 0.0, 0.0, 0.0, 0.0, 0.0, 1.0, 0.0, 0.0, 0.0, 22.0, 3.0, 1
4097, 1.0, -0.114, 0.146, 0.0, 1.0, 0.0, 0.0, 0.0, 0.0, 0.0, 1.0, 0.0, 0.0, 0.0, 22.0, 3.0, 1
4097, 1.0, -0.114, 0.146, 0.0, 1.0, 0.0, 0.0, 0.0, 0.0, 0.0, 1.0, 0.0, 0.0, 0.0, 22.0, 3.0, 1
4097, 7.0, -0.114, 0.016, 0.0, 1.0, 0.0, 0.0, 1.0, 0.0, 0.0, 0.0, 0.0, 0.0, 0.0, 22.0, 27.0, 1
4097, 7.0, -0.114, 0.016, 0.0, 1.0, 0.0, 0.0, 1.0, 0.0, 0.0, 0.0, 0.0, 0.0, 0.0, 22.0, 27.0, 1
4097, 1.0, -0.114, 0.146, 0.0, 1.0, 0.0, 0.0, 0.0, 0.0, 0.0, 1.0, 0.0, 0.0, 0.0, 22.0, 3.0, 1
4097, 1.0, -0.114, 0.146, 0.0, 1.0, 0.0, 0.0, 0.0, 0.0, 0.0, 1.0, 0.0, 0.0, 0.0, 22.0, 3.0, 1
4097, 1.0, -0.114, 0.817, 0.0, 1.0, 0.0, 0.0, 0.0, 0.0, 0.0, 0.0, 0.0, 1.0, 0.0, 22.0, 38.0, 1
4097, 1.0, -0.114, 0.817, 0.0, 1.0, 0.0, 0.0, 0.0, 0.0, 0.0, 0.0, 0.0, 1.0, 0.0, 22.0, 38.0, 1
4097, 1.0, -0.114, 0.817, 0.0, 1.0, 0.0, 0.0, 0.0, 0.0, 0.0, 0.0, 0.0, 1.0, 0.0, 22.0, 38.0, 1
4097, 2.0, 0.817, -0.384, 0.0, 0.0, 0.0, 1.0, 0.0, 0.0, 0.0, 0.0, 0.0, 0.0, 1.0, 38.0, 40.0, 1
4097, 2.0, 0.817, -0.384, 0.0, 0.0, 0.0, 1.0, 0.0, 0.0, 0.0, 0.0, 0.0, 0.0, 1.0, 38.0, 40.0, 1
4097, 2.0, 0.817, -0.383, 0.0, 0.0, 0.0, 1.0, 0.0, 0.0, 0.0, 0.0, 0.0, 0.0, 1.0, 38.0, 40.0, 1
4097, 2.0, 0.817, -0.384, 0.0, 0.0, 0.0, 1.0, 0.0, 0.0, 0.0, 0.0, 0.0, 0.0, 1.0, 38.0, 40.0, 1
4097, 2.0, 0.817, -0.383, 0.0, 0.0, 0.0, 1.0, 0.0, 0.0, 0.0, 0.0, 0.0, 0.0, 1.0, 38.0, 40.0, 1
4097, 2.0, 0.817, -0.383, 0.0, 0.0, 0.0, 1.0, 0.0, 0.0, 0.0, 0.0, 0.0, 0.0, 1.0, 38.0, 40.0, 1
902, 7.0, -0.128, 0.102, 0.0, 1.0, 0.0, 0.0, 1.0, 0.0, 0.0, 0.0, 0.0, 0.0, 0.0, 22.0, 22.0, 1
902, 7.0, 0.102, 0.0020, 0.0, 1.0, 0.0, 0.0, 1.0, 0.0, 0.0, 0.0, 0.0, 0.0, 0.0, 22.0, 29.0, 1
902, 7.0, -0.128, 0.0020, 0.0, 1.0, 0.0, 0.0, 1.0, 0.0, 0.0, 0.0, 0.0, 0.0, 0.0, 22.0, 29.0, 1
902, 1.0, -0.128, 0.132, 0.0, 1.0, 0.0, 0.0, 0.0, 0.0, 0.0, 1.0, 0.0, 0.0, 0.0, 22.0, 3.0, 1
902, 1.0, -0.128, 0.132, 0.0, 1.0, 0.0, 0.0, 0.0, 0.0, 0.0, 1.0, 0.0, 0.0, 0.0, 22.0, 3.0, 1
902, 1.0, -0.128, 0.132, 0.0, 1.0, 0.0, 0.0, 0.0, 0.0, 0.0, 1.0, 0.0, 0.0, 0.0, 22.0, 3.0, 1
902, 7.0, -0.128, 0.102, 0.0, 1.0, 0.0, 0.0, 1.0, 0.0, 0.0, 0.0, 0.0, 0.0, 0.0, 22.0, 22.0, 1
902, 7.0, -0.128, 0.0020, 0.0, 1.0, 0.0, 0.0, 1.0, 0.0, 0.0, 0.0, 0.0, 0.0, 0.0, 22.0, 29.0, 1
902, 7.0, 0.102, 0.0020, 0.0, 1.0, 0.0, 0.0, 1.0, 0.0, 0.0, 0.0, 0.0, 0.0, 0.0, 22.0, 29.0, 1
902, 1.0, -0.128, 0.132, 0.0, 1.0, 0.0, 0.0, 0.0, 0.0, 0.0, 1.0, 0.0, 0.0, 0.0, 22.0, 3.0, 1
902, 1.0, -0.128, 0.132, 0.0, 1.0, 0.0, 0.0, 0.0, 0.0, 0.0, 1.0, 0.0, 0.0, 0.0, 22.0, 3.0, 1
902, 1.0, -0.128, 0.132, 0.0, 1.0, 0.0, 0.0, 0.0, 0.0, 0.0, 1.0, 0.0, 0.0, 0.0, 22.0, 3.0, 1
902, 1.0, 0.553, 0.102, 0.0, 1.0, 0.0, 0.0, 1.0, 0.0, 0.0, 0.0, 0.0, 0.0, 0.0, 14.0, 22.0, 1
902, 1.0, 0.553, 0.102, 0.0, 1.0, 0.0, 0.0, 1.0, 0.0, 0.0, 0.0, 0.0, 0.0, 0.0, 14.0, 22.0, 1
902, 1.0, -0.128, 0.803, 0.0, 1.0, 0.0, 0.0, 0.0, 0.0, 0.0, 0.0, 0.0, 1.0, 0.0, 22.0, 38.0, 1
902, 1.0, -0.128, 0.803, 0.0, 1.0, 0.0, 0.0, 0.0, 0.0, 0.0, 0.0, 0.0, 1.0, 0.0, 22.0, 38.0, 1
902, 2.0, 0.803, -0.397, 0.0, 0.0, 0.0, 1.0, 0.0, 0.0, 0.0, 0.0, 0.0, 0.0, 1.0, 38.0, 40.0, 1
902, 2.0, 0.803, -0.397, 0.0, 0.0, 0.0, 1.0, 0.0, 0.0, 0.0, 0.0, 0.0, 0.0, 1.0, 38.0, 40.0, 1
902, 2.0, 0.803, -0.397, 0.0, 0.0, 0.0, 1.0, 0.0, 0.0, 0.0, 0.0, 0.0, 0.0, 1.0, 38.0, 40.0, 1
902, 2.0, 0.803, -0.397, 0.0, 0.0, 0.0, 1.0, 0.0, 0.0, 0.0, 0.0, 0.0, 0.0, 1.0, 38.0, 40.0, 1
902, 2.0, 0.553, -0.547, 0.0, 1.0, 0.0, 0.0, 0.0, 0.0, 0.0, 0.0, 0.0, 0.0, 1.0, 14.0, 40.0, 1
1176, 7.0, -0.112, -0.082, 0.0, 1.0, 0.0, 0.0, 1.0, 0.0, 0.0, 0.0, 0.0, 0.0, 0.0, 22.0, 27.0, 1
1176, 7.0, -0.082, 0.018, 0.0, 1.0, 0.0, 0.0, 1.0, 0.0, 0.0, 0.0, 0.0, 0.0, 0.0, 27.0, 27.0, 1
1176, 7.0, -0.112, 0.018, 0.0, 1.0, 0.0, 0.0, 1.0, 0.0, 0.0, 0.0, 0.0, 0.0, 0.0, 22.0, 27.0, 1
1176, 7.0, -0.082, -0.082, 0.0, 1.0, 0.0, 0.0, 1.0, 0.0, 0.0, 0.0, 0.0, 0.0, 0.0, 26.0, 27.0, 1
1176, 7.0, -0.112, -0.082, 0.0, 1.0, 0.0, 0.0, 1.0, 0.0, 0.0, 0.0, 0.0, 0.0, 0.0, 22.0, 26.0, 1
1176, 7.0, -0.112, 0.018, 0.0, 1.0, 0.0, 0.0, 1.0, 0.0, 0.0, 0.0, 0.0, 0.0, 0.0, 22.0, 27.0, 1
1176, 7.0, -0.112, -0.082, 0.0, 1.0, 0.0, 0.0, 1.0, 0.0, 0.0, 0.0, 0.0, 0.0, 0.0, 22.0, 27.0, 1
1176, 7.0, -0.112, 0.018, 0.0, 1.0, 0.0, 0.0, 1.0, 0.0, 0.0, 0.0, 0.0, 0.0, 0.0, 22.0, 27.0, 1
1176, 7.0, -0.082, 0.018, 0.0, 1.0, 0.0, 0.0, 1.0, 0.0, 0.0, 0.0, 0.0, 0.0, 0.0, 27.0, 27.0, 1
1176, 7.0, -0.112, 0.018, 0.0, 1.0, 0.0, 0.0, 1.0, 0.0, 0.0, 0.0, 0.0, 0.0, 0.0, 22.0, 27.0, 1
1176, 7.0, -0.112, -0.082, 0.0, 1.0, 0.0, 0.0, 1.0, 0.0, 0.0, 0.0, 0.0, 0.0, 0.0, 22.0, 27.0, 1
1176, 7.0, 0.018, -0.082, 0.0, 1.0, 0.0, 0.0, 1.0, 0.0, 0.0, 0.0, 0.0, 0.0, 0.0, 21.0, 26.0, 1
1176, 7.0, -0.112, 0.018, 0.0, 1.0, 0.0, 0.0, 1.0, 0.0, 0.0, 0.0, 0.0, 0.0, 0.0, 21.0, 21.0, 1
1176, 7.0, -0.112, -0.082, 0.0, 1.0, 0.0, 0.0, 1.0, 0.0, 0.0, 0.0, 0.0, 0.0, 0.0, 21.0, 27.0, 1
1176, 1.0, -0.112, 0.147, 0.0, 1.0, 0.0, 0.0, 0.0, 0.0, 0.0, 1.0, 0.0, 0.0, 0.0, 22.0, 3.0, 1
1176, 1.0, -0.112, 0.148, 0.0, 1.0, 0.0, 0.0, 0.0, 0.0, 0.0, 1.0, 0.0, 0.0, 0.0, 22.0, 3.0, 1
1176, 1.0, -0.112, 0.147, 0.0, 1.0, 0.0, 0.0, 0.0, 0.0, 0.0, 1.0, 0.0, 0.0, 0.0, 22.0, 3.0, 1
1176, 1.0, -0.112, 0.148, 0.0, 1.0, 0.0, 0.0, 0.0, 0.0, 0.0, 1.0, 0.0, 0.0, 0.0, 22.0, 3.0, 1
1176, 1.0, -0.112, 0.147, 0.0, 1.0, 0.0, 0.0, 0.0, 0.0, 0.0, 1.0, 0.0, 0.0, 0.0, 22.0, 3.0, 1
1176, 1.0, -0.112, 0.147, 0.0, 1.0, 0.0, 0.0, 0.0, 0.0, 0.0, 1.0, 0.0, 0.0, 0.0, 22.0, 3.0, 1
1176, 1.0, -0.112, 0.147, 0.0, 1.0, 0.0, 0.0, 0.0, 0.0, 0.0, 1.0, 0.0, 0.0, 0.0, 22.0, 3.0, 1
1176, 1.0, -0.112, 0.147, 0.0, 1.0, 0.0, 0.0, 0.0, 0.0, 0.0, 1.0, 0.0, 0.0, 0.0, 22.0, 3.0, 1
1176, 1.0, -0.112, 0.147, 0.0, 1.0, 0.0, 0.0, 0.0, 0.0, 0.0, 1.0, 0.0, 0.0, 0.0, 22.0, 3.0, 1
1176, 1.0, -0.112, 0.147, 0.0, 1.0, 0.0, 0.0, 0.0, 0.0, 0.0, 1.0, 0.0, 0.0, 0.0, 22.0, 3.0, 1
1176, 1.0, 0.018, 0.817, 0.0, 1.0, 0.0, 0.0, 0.0, 0.0, 0.0, 0.0, 0.0, 1.0, 0.0, 21.0, 38.0, 1
1176, 1.0, -0.112, 0.147, 0.0, 1.0, 0.0, 0.0, 0.0, 0.0, 0.0, 1.0, 0.0, 0.0, 0.0, 21.0, 3.0, 1
1176, 2.0, 0.817, -0.383, 0.0, 0.0, 0.0, 1.0, 0.0, 0.0, 0.0, 0.0, 0.0, 0.0, 1.0, 38.0, 40.0, 1
1176, 2.0, 0.817, -0.383, 0.0, 0.0, 0.0, 1.0, 0.0, 0.0, 0.0, 0.0, 0.0, 0.0, 1.0, 38.0, 40.0, 1
187, 7.0, -0.118, 0.012, 0.0, 1.0, 0.0, 0.0, 1.0, 0.0, 0.0, 0.0, 0.0, 0.0, 0.0, 22.0, 29.0, 1
187, 7.0, -0.118, 0.012, 0.0, 1.0, 0.0, 0.0, 1.0, 0.0, 0.0, 0.0, 0.0, 0.0, 0.0, 22.0, 29.0, 1
187, 1.0, -0.118, 0.141, 0.0, 1.0, 0.0, 0.0, 0.0, 0.0, 0.0, 1.0, 0.0, 0.0, 0.0, 22.0, 3.0, 1
187, 1.0, -0.118, 0.141, 0.0, 1.0, 0.0, 0.0, 0.0, 0.0, 0.0, 1.0, 0.0, 0.0, 0.0, 22.0, 3.0, 1
187, 1.0, -0.118, 0.141, 0.0, 1.0, 0.0, 0.0, 0.0, 0.0, 0.0, 1.0, 0.0, 0.0, 0.0, 22.0, 3.0, 1
187, 1.0, -0.118, 0.141, 0.0, 1.0, 0.0, 0.0, 0.0, 0.0, 0.0, 1.0, 0.0, 0.0, 0.0, 22.0, 3.0, 1
187, 7.0, -0.118, 0.012, 0.0, 1.0, 0.0, 0.0, 1.0, 0.0, 0.0, 0.0, 0.0, 0.0, 0.0, 22.0, 29.0, 1
187, 7.0, -0.118, 0.012, 0.0, 1.0, 0.0, 0.0, 1.0, 0.0, 0.0, 0.0, 0.0, 0.0, 0.0, 22.0, 29.0, 1
187, 1.0, -0.118, 0.141, 0.0, 1.0, 0.0, 0.0, 0.0, 0.0, 0.0, 1.0, 0.0, 0.0, 0.0, 22.0, 3.0, 1
187, 1.0, -0.118, 0.141, 0.0, 1.0, 0.0, 0.0, 0.0, 0.0, 0.0, 1.0, 0.0, 0.0, 0.0, 22.0, 3.0, 1
187, 1.0, -0.118, 0.141, 0.0, 1.0, 0.0, 0.0, 0.0, 0.0, 0.0, 1.0, 0.0, 0.0, 0.0, 22.0, 3.0, 1
187, 1.0, 0.012, -0.118, 0.0, 1.0, 0.0, 0.0, 1.0, 0.0, 0.0, 0.0, 0.0, 0.0, 0.0, 10.0, 22.0, 1
187, 1.0, 0.012, -0.118, 0.0, 1.0, 0.0, 0.0, 1.0, 0.0, 0.0, 0.0, 0.0, 0.0, 0.0, 10.0, 22.0, 1
187, 1.0, 0.012, 0.062, 0.0, 1.0, 0.0, 0.0, 0.0, 0.0, 0.0, 1.0, 0.0, 0.0, 0.0, 10.0, 3.0, 1
187, 1.0, 0.012, 0.062, 0.0, 1.0, 0.0, 0.0, 0.0, 0.0, 0.0, 1.0, 0.0, 0.0, 0.0, 10.0, 3.0, 1
187, 1.0, -0.118, 0.811, 0.0, 1.0, 0.0, 0.0, 0.0, 0.0, 0.0, 0.0, 0.0, 1.0, 0.0, 22.0, 38.0, 1
187, 2.0, 0.811, -0.389, 0.0, 0.0, 0.0, 1.0, 0.0, 0.0, 0.0, 0.0, 0.0, 0.0, 1.0, 38.0, 40.0, 1
187, 2.0, 0.811, -0.389, 0.0, 0.0, 0.0, 1.0, 0.0, 0.0, 0.0, 0.0, 0.0, 0.0, 1.0, 38.0, 40.0, 1
3344, 7.0, -0.125, 0.0050, 0.0, 1.0, 0.0, 0.0, 1.0, 0.0, 0.0, 0.0, 0.0, 0.0, 0.0, 22.0, 27.0, 1
3344, 7.0, 0.0050, 0.0050, 0.0, 1.0, 0.0, 0.0, 1.0, 0.0, 0.0, 0.0, 0.0, 0.0, 0.0, 22.0, 27.0, 1
3344, 7.0, -0.124, 0.0050, 0.0, 1.0, 0.0, 0.0, 1.0, 0.0, 0.0, 0.0, 0.0, 0.0, 0.0, 22.0, 22.0, 1
3344, 7.0, -0.125, -0.124, 0.0, 1.0, 0.0, 0.0, 1.0, 0.0, 0.0, 0.0, 0.0, 0.0, 0.0, 22.0, 22.0, 1
3344, 1.0, -0.125, 0.136, 0.0, 1.0, 0.0, 0.0, 0.0, 0.0, 0.0, 1.0, 0.0, 0.0, 0.0, 22.0, 3.0, 1
3344, 1.0, -0.125, 0.136, 0.0, 1.0, 0.0, 0.0, 0.0, 0.0, 0.0, 1.0, 0.0, 0.0, 0.0, 22.0, 3.0, 1
3344, 1.0, -0.124, 0.136, 0.0, 1.0, 0.0, 0.0, 0.0, 0.0, 0.0, 1.0, 0.0, 0.0, 0.0, 22.0, 3.0, 1
3344, 7.0, -0.125, 0.0050, 0.0, 1.0, 0.0, 0.0, 1.0, 0.0, 0.0, 0.0, 0.0, 0.0, 0.0, 22.0, 27.0, 1
3344, 7.0, -0.125, -0.124, 0.0, 1.0, 0.0, 0.0, 1.0, 0.0, 0.0, 0.0, 0.0, 0.0, 0.0, 22.0, 22.0, 1
3344, 7.0, -0.125, -0.124, 0.0, 1.0, 0.0, 0.0, 1.0, 0.0, 0.0, 0.0, 0.0, 0.0, 0.0, 22.0, 22.0, 1
3344, 7.0, -0.125, 0.0050, 0.0, 1.0, 0.0, 0.0, 1.0, 0.0, 0.0, 0.0, 0.0, 0.0, 0.0, 22.0, 22.0, 1
3344, 7.0, 0.0050, 0.0050, 0.0, 1.0, 0.0, 0.0, 1.0, 0.0, 0.0, 0.0, 0.0, 0.0, 0.0, 22.0, 27.0, 1
3344, 1.0, -0.125, 0.136, 0.0, 1.0, 0.0, 0.0, 0.0, 0.0, 0.0, 1.0, 0.0, 0.0, 0.0, 22.0, 3.0, 1
3344, 1.0, -0.124, 0.136, 0.0, 1.0, 0.0, 0.0, 0.0, 0.0, 0.0, 1.0, 0.0, 0.0, 0.0, 22.0, 3.0, 1
3344, 1.0, -0.095, 0.0050, 0.0, 1.0, 0.0, 0.0, 1.0, 0.0, 0.0, 0.0, 0.0, 0.0, 0.0, 10.0, 22.0, 1
3344, 1.0, -0.095, 0.055, 0.0, 1.0, 0.0, 0.0, 0.0, 0.0, 0.0, 1.0, 0.0, 0.0, 0.0, 10.0, 3.0, 1
3344, 1.0, -0.095, 0.0050, 0.0, 1.0, 0.0, 0.0, 1.0, 0.0, 0.0, 0.0, 0.0, 0.0, 0.0, 10.0, 22.0, 1
3344, 1.0, -0.095, 0.055, 0.0, 1.0, 0.0, 0.0, 0.0, 0.0, 0.0, 1.0, 0.0, 0.0, 0.0, 10.0, 3.0, 1
3344, 1.0, -0.095, 0.055, 0.0, 1.0, 0.0, 0.0, 0.0, 0.0, 0.0, 1.0, 0.0, 0.0, 0.0, 10.0, 3.0, 1
3344, 1.0, -0.095, 0.055, 0.0, 1.0, 0.0, 0.0, 0.0, 0.0, 0.0, 1.0, 0.0, 0.0, 0.0, 10.0, 3.0, 1
3344, 2.0, 0.806, -0.394, 0.0, 0.0, 0.0, 1.0, 0.0, 0.0, 0.0, 0.0, 0.0, 0.0, 1.0, 38.0, 40.0, 1
3344, 1.0, -0.125, 0.806, 0.0, 1.0, 0.0, 0.0, 0.0, 0.0, 0.0, 0.0, 0.0, 1.0, 0.0, 22.0, 38.0, 1
3344, 2.0, 0.806, -0.394, 0.0, 0.0, 0.0, 1.0, 0.0, 0.0, 0.0, 0.0, 0.0, 0.0, 1.0, 38.0, 40.0, 1
516, 7.0, -0.113, 0.017, 0.0, 1.0, 0.0, 0.0, 1.0, 0.0, 0.0, 0.0, 0.0, 0.0, 0.0, 22.0, 29.0, 1
516, 7.0, -0.113, 0.017, 0.0, 1.0, 0.0, 0.0, 1.0, 0.0, 0.0, 0.0, 0.0, 0.0, 0.0, 22.0, 29.0, 1
516, 1.0, -0.113, 0.147, 0.0, 1.0, 0.0, 0.0, 0.0, 0.0, 0.0, 1.0, 0.0, 0.0, 0.0, 22.0, 3.0, 1
516, 1.0, -0.113, 0.147, 0.0, 1.0, 0.0, 0.0, 0.0, 0.0, 0.0, 1.0, 0.0, 0.0, 0.0, 22.0, 3.0, 1
516, 1.0, -0.113, 0.147, 0.0, 1.0, 0.0, 0.0, 0.0, 0.0, 0.0, 1.0, 0.0, 0.0, 0.0, 22.0, 3.0, 1
516, 7.0, -0.113, 0.017, 0.0, 1.0, 0.0, 0.0, 1.0, 0.0, 0.0, 0.0, 0.0, 0.0, 0.0, 22.0, 29.0, 1
516, 7.0, -0.113, 0.017, 0.0, 1.0, 0.0, 0.0, 1.0, 0.0, 0.0, 0.0, 0.0, 0.0, 0.0, 22.0, 29.0, 1
516, 1.0, -0.113, 0.147, 0.0, 1.0, 0.0, 0.0, 0.0, 0.0, 0.0, 1.0, 0.0, 0.0, 0.0, 22.0, 3.0, 1
516, 1.0, -0.113, 0.147, 0.0, 1.0, 0.0, 0.0, 0.0, 0.0, 0.0, 1.0, 0.0, 0.0, 0.0, 22.0, 3.0, 1
516, 1.0, -0.113, 0.147, 0.0, 1.0, 0.0, 0.0, 0.0, 0.0, 0.0, 1.0, 0.0, 0.0, 0.0, 22.0, 3.0, 1
516, 1.0, -0.113, 0.818, 0.0, 1.0, 0.0, 0.0, 0.0, 0.0, 0.0, 0.0, 0.0, 1.0, 0.0, 22.0, 38.0, 1
516, 1.0, -0.113, 0.818, 0.0, 1.0, 0.0, 0.0, 0.0, 0.0, 0.0, 0.0, 0.0, 1.0, 0.0, 22.0, 38.0, 1
516, 1.0, -0.113, 0.818, 0.0, 1.0, 0.0, 0.0, 0.0, 0.0, 0.0, 0.0, 0.0, 1.0, 0.0, 22.0, 38.0, 1
516, 1.0, -0.113, 0.818, 0.0, 1.0, 0.0, 0.0, 0.0, 0.0, 0.0, 0.0, 0.0, 1.0, 0.0, 22.0, 38.0, 1
516, 2.0, 0.818, -0.382, 0.0, 0.0, 0.0, 1.0, 0.0, 0.0, 0.0, 0.0, 0.0, 0.0, 1.0, 38.0, 40.0, 1
516, 2.0, 0.818, -0.382, 0.0, 0.0, 0.0, 1.0, 0.0, 0.0, 0.0, 0.0, 0.0, 0.0, 1.0, 38.0, 40.0, 1
516, 2.0, 0.818, -0.383, 0.0, 0.0, 0.0, 1.0, 0.0, 0.0, 0.0, 0.0, 0.0, 0.0, 1.0, 38.0, 40.0, 1
516, 2.0, 0.818, -0.382, 0.0, 0.0, 0.0, 1.0, 0.0, 0.0, 0.0, 0.0, 0.0, 0.0, 1.0, 38.0, 40.0, 1
516, 2.0, 0.818, -0.382, 0.0, 0.0, 0.0, 1.0, 0.0, 0.0, 0.0, 0.0, 0.0, 0.0, 1.0, 38.0, 40.0, 1
516, 2.0, 0.818, -0.383, 0.0, 0.0, 0.0, 1.0, 0.0, 0.0, 0.0, 0.0, 0.0, 0.0, 1.0, 38.0, 40.0, 1
516, 2.0, 0.818, -0.382, 0.0, 0.0, 0.0, 1.0, 0.0, 0.0, 0.0, 0.0, 0.0, 0.0, 1.0, 38.0, 40.0, 1
516, 2.0, 0.818, -0.382, 0.0, 0.0, 0.0, 1.0, 0.0, 0.0, 0.0, 0.0, 0.0, 0.0, 1.0, 38.0, 40.0, 1
1580, 7.0, -0.117, -0.087, 0.0, 1.0, 0.0, 0.0, 1.0, 0.0, 0.0, 0.0, 0.0, 0.0, 0.0, 22.0, 195.0, 1
1580, 7.0, -0.087, 0.013, 0.0, 1.0, 0.0, 0.0, 1.0, 0.0, 0.0, 0.0, 0.0, 0.0, 0.0, 195.0, 195.0, 1
1580, 7.0, -0.117, 0.013, 0.0, 1.0, 0.0, 0.0, 1.0, 0.0, 0.0, 0.0, 0.0, 0.0, 0.0, 22.0, 195.0, 1
1580, 1.0, -0.117, 0.142, 0.0, 1.0, 0.0, 0.0, 0.0, 0.0, 0.0, 1.0, 0.0, 0.0, 0.0, 22.0, 3.0, 1
1580, 1.0, -0.117, 0.143, 0.0, 1.0, 0.0, 0.0, 0.0, 0.0, 0.0, 1.0, 0.0, 0.0, 0.0, 22.0, 3.0, 1
1580, 1.0, -0.117, 0.142, 0.0, 1.0, 0.0, 0.0, 0.0, 0.0, 0.0, 1.0, 0.0, 0.0, 0.0, 22.0, 3.0, 1
1580, 1.0, -0.117, 0.142, 0.0, 1.0, 0.0, 0.0, 0.0, 0.0, 0.0, 1.0, 0.0, 0.0, 0.0, 22.0, 3.0, 1
1580, 7.0, -0.087, -0.087, 0.0, 1.0, 0.0, 0.0, 1.0, 0.0, 0.0, 0.0, 0.0, 0.0, 0.0, 27.0, 195.0, 1
1580, 7.0, -0.087, 0.013, 0.0, 1.0, 0.0, 0.0, 1.0, 0.0, 0.0, 0.0, 0.0, 0.0, 0.0, 27.0, 27.0, 1
1580, 7.0, -0.117, 0.013, 0.0, 1.0, 0.0, 0.0, 1.0, 0.0, 0.0, 0.0, 0.0, 0.0, 0.0, 22.0, 27.0, 1
1580, 7.0, -0.117, 0.013, 0.0, 1.0, 0.0, 0.0, 1.0, 0.0, 0.0, 0.0, 0.0, 0.0, 0.0, 22.0, 195.0, 1
1580, 1.0, -0.117, 0.143, 0.0, 1.0, 0.0, 0.0, 0.0, 0.0, 0.0, 1.0, 0.0, 0.0, 0.0, 22.0, 3.0, 1
1580, 7.0, -0.117, -0.087, 0.0, 1.0, 0.0, 0.0, 1.0, 0.0, 0.0, 0.0, 0.0, 0.0, 0.0, 22.0, 27.0, 1
1580, 7.0, -0.117, 0.013, 0.0, 1.0, 0.0, 0.0, 1.0, 0.0, 0.0, 0.0, 0.0, 0.0, 0.0, 22.0, 27.0, 1
1580, 1.0, -0.117, 0.143, 0.0, 1.0, 0.0, 0.0, 0.0, 0.0, 0.0, 1.0, 0.0, 0.0, 0.0, 22.0, 3.0, 1
1580, 1.0, -0.117, 0.142, 0.0, 1.0, 0.0, 0.0, 0.0, 0.0, 0.0, 1.0, 0.0, 0.0, 0.0, 22.0, 3.0, 1
1580, 1.0, -0.117, 0.142, 0.0, 1.0, 0.0, 0.0, 0.0, 0.0, 0.0, 1.0, 0.0, 0.0, 0.0, 22.0, 3.0, 1
1580, 1.0, -0.117, 0.143, 0.0, 1.0, 0.0, 0.0, 0.0, 0.0, 0.0, 1.0, 0.0, 0.0, 0.0, 22.0, 3.0, 1
1580, 2.0, 0.812, -0.388, 0.0, 0.0, 0.0, 1.0, 0.0, 0.0, 0.0, 0.0, 0.0, 0.0, 1.0, 38.0, 40.0, 1
1580, 1.0, -0.117, 0.812, 0.0, 1.0, 0.0, 0.0, 0.0, 0.0, 0.0, 0.0, 0.0, 1.0, 0.0, 22.0, 38.0, 1
1580, 2.0, 0.812, -0.388, 0.0, 0.0, 0.0, 1.0, 0.0, 0.0, 0.0, 0.0, 0.0, 0.0, 1.0, 38.0, 40.0, 1
4168, 7.0, -0.099, 0.031, 0.0, 1.0, 0.0, 0.0, 1.0, 0.0, 0.0, 0.0, 0.0, 0.0, 0.0, 22.0, 27.0, 1
4168, 7.0, 0.031, -0.069, 0.0, 1.0, 0.0, 0.0, 1.0, 0.0, 0.0, 0.0, 0.0, 0.0, 0.0, 27.0, 195.0, 1
4168, 7.0, -0.099, -0.069, 0.0, 1.0, 0.0, 0.0, 1.0, 0.0, 0.0, 0.0, 0.0, 0.0, 0.0, 22.0, 195.0, 1
4168, 7.0, -0.099, 0.031, 0.0, 1.0, 0.0, 0.0, 1.0, 0.0, 0.0, 0.0, 0.0, 0.0, 0.0, 22.0, 27.0, 1
4168, 7.0, -0.099, 0.031, 0.0, 1.0, 0.0, 0.0, 1.0, 0.0, 0.0, 0.0, 0.0, 0.0, 0.0, 22.0, 27.0, 1
4168, 7.0, 0.031, -0.069, 0.0, 1.0, 0.0, 0.0, 1.0, 0.0, 0.0, 0.0, 0.0, 0.0, 0.0, 27.0, 195.0, 1
4168, 7.0, -0.099, -0.069, 0.0, 1.0, 0.0, 0.0, 1.0, 0.0, 0.0, 0.0, 0.0, 0.0, 0.0, 22.0, 195.0, 1
4168, 1.0, 0.031, -0.099, 0.0, 1.0, 0.0, 0.0, 1.0, 0.0, 0.0, 0.0, 0.0, 0.0, 0.0, 10.0, 22.0, 1
4168, 1.0, 0.031, -0.099, 0.0, 1.0, 0.0, 0.0, 1.0, 0.0, 0.0, 0.0, 0.0, 0.0, 0.0, 10.0, 22.0, 1
4168, 7.0, -0.099, 0.031, 0.0, 1.0, 0.0, 0.0, 1.0, 0.0, 0.0, 0.0, 0.0, 0.0, 0.0, 22.0, 27.0, 1
4168, 1.0, -0.099, 0.83, 0.0, 1.0, 0.0, 0.0, 0.0, 0.0, 0.0, 0.0, 0.0, 1.0, 0.0, 22.0, 38.0, 1
4168, 2.0, 0.83, -0.369, 0.0, 0.0, 0.0, 1.0, 0.0, 0.0, 0.0, 0.0, 0.0, 0.0, 1.0, 38.0, 40.0, 1
4168, 2.0, 0.83, -0.369, 0.0, 0.0, 0.0, 1.0, 0.0, 0.0, 0.0, 0.0, 0.0, 0.0, 1.0, 38.0, 40.0, 1
4168, 1.0, -0.099, 0.161, 0.0, 1.0, 0.0, 0.0, 0.0, 0.0, 0.0, 1.0, 0.0, 0.0, 0.0, 22.0, 3.0, 1
4168, 1.0, -0.099, 0.161, 0.0, 1.0, 0.0, 0.0, 0.0, 0.0, 0.0, 1.0, 0.0, 0.0, 0.0, 22.0, 3.0, 1
4168, 1.0, -0.099, 0.161, 0.0, 1.0, 0.0, 0.0, 0.0, 0.0, 0.0, 1.0, 0.0, 0.0, 0.0, 22.0, 3.0, 1
4168, 1.0, -0.099, 0.161, 0.0, 1.0, 0.0, 0.0, 0.0, 0.0, 0.0, 1.0, 0.0, 0.0, 0.0, 22.0, 3.0, 1
4168, 1.0, -0.099, 0.161, 0.0, 1.0, 0.0, 0.0, 0.0, 0.0, 0.0, 1.0, 0.0, 0.0, 0.0, 22.0, 3.0, 1
4168, 1.0, -0.099, 0.161, 0.0, 1.0, 0.0, 0.0, 0.0, 0.0, 0.0, 1.0, 0.0, 0.0, 0.0, 22.0, 3.0, 1
4168, 1.0, -0.099, 0.161, 0.0, 1.0, 0.0, 0.0, 0.0, 0.0, 0.0, 1.0, 0.0, 0.0, 0.0, 22.0, 3.0, 1
4168, 5.0, 0.031, -0.619, 0.0, 1.0, 0.0, 0.0, 0.0, 0.0, 0.0, 0.0, 0.0, 0.0, 1.0, 10.0, 45.0, 1
4168, 4.0, 0.031, -0.62, 0.0, 1.0, 0.0, 0.0, 0.0, 0.0, 0.0, 0.0, 0.0, 0.0, 1.0, 10.0, 45.0, 1
4168, 1.0, 0.431, -0.619, 0.0, 0.0, 1.0, 0.0, 0.0, 0.0, 0.0, 0.0, 0.0, 0.0, 1.0, 8.0, 45.0, 1
4168, 1.0, 0.431, -0.62, 0.0, 0.0, 1.0, 0.0, 0.0, 0.0, 0.0, 0.0, 0.0, 0.0, 1.0, 8.0, 45.0, 1
4168, 1.0, 0.031, 0.081, 0.0, 1.0, 0.0, 0.0, 0.0, 0.0, 0.0, 1.0, 0.0, 0.0, 0.0, 10.0, 3.0, 1
4168, 1.0, 0.031, 0.081, 0.0, 1.0, 0.0, 0.0, 0.0, 0.0, 0.0, 1.0, 0.0, 0.0, 0.0, 10.0, 3.0, 1
1884, 7.0, -0.123, 0.0070, 0.0, 1.0, 0.0, 0.0, 1.0, 0.0, 0.0, 0.0, 0.0, 0.0, 0.0, 22.0, 27.0, 1
1884, 7.0, -0.093, 0.0070, 0.0, 1.0, 0.0, 0.0, 1.0, 0.0, 0.0, 0.0, 0.0, 0.0, 0.0, 27.0, 27.0, 1
1884, 7.0, -0.093, 0.0070, 0.0, 1.0, 0.0, 0.0, 1.0, 0.0, 0.0, 0.0, 0.0, 0.0, 0.0, 27.0, 28.0, 1
1884, 7.0, -0.123, 0.0070, 0.0, 1.0, 0.0, 0.0, 1.0, 0.0, 0.0, 0.0, 0.0, 0.0, 0.0, 22.0, 28.0, 1
1884, 1.0, -0.123, 0.136, 0.0, 1.0, 0.0, 0.0, 0.0, 0.0, 0.0, 1.0, 0.0, 0.0, 0.0, 22.0, 3.0, 1
1884, 1.0, -0.123, 0.137, 0.0, 1.0, 0.0, 0.0, 0.0, 0.0, 0.0, 1.0, 0.0, 0.0, 0.0, 22.0, 3.0, 1
1884, 1.0, -0.123, 0.137, 0.0, 1.0, 0.0, 0.0, 0.0, 0.0, 0.0, 1.0, 0.0, 0.0, 0.0, 22.0, 3.0, 1
1884, 7.0, -0.123, 0.0070, 0.0, 1.0, 0.0, 0.0, 1.0, 0.0, 0.0, 0.0, 0.0, 0.0, 0.0, 22.0, 27.0, 1
1884, 7.0, -0.123, 0.0070, 0.0, 1.0, 0.0, 0.0, 1.0, 0.0, 0.0, 0.0, 0.0, 0.0, 0.0, 22.0, 29.0, 1
1884, 7.0, -0.093, 0.0070, 0.0, 1.0, 0.0, 0.0, 1.0, 0.0, 0.0, 0.0, 0.0, 0.0, 0.0, 27.0, 29.0, 1
1884, 1.0, -0.123, 0.136, 0.0, 1.0, 0.0, 0.0, 0.0, 0.0, 0.0, 1.0, 0.0, 0.0, 0.0, 22.0, 3.0, 1
1884, 1.0, -0.123, 0.136, 0.0, 1.0, 0.0, 0.0, 0.0, 0.0, 0.0, 1.0, 0.0, 0.0, 0.0, 22.0, 3.0, 1
1884, 1.0, -0.123, 0.136, 0.0, 1.0, 0.0, 0.0, 0.0, 0.0, 0.0, 1.0, 0.0, 0.0, 0.0, 22.0, 3.0, 1
1884, 7.0, -0.123, 0.0070, 0.0, 1.0, 0.0, 0.0, 1.0, 0.0, 0.0, 0.0, 0.0, 0.0, 0.0, 22.0, 28.0, 1
1884, 7.0, -0.123, 0.0070, 0.0, 1.0, 0.0, 0.0, 1.0, 0.0, 0.0, 0.0, 0.0, 0.0, 0.0, 22.0, 27.0, 1
1884, 7.0, -0.123, 0.0070, 0.0, 1.0, 0.0, 0.0, 1.0, 0.0, 0.0, 0.0, 0.0, 0.0, 0.0, 22.0, 27.0, 1
1884, 1.0, -0.123, 0.136, 0.0, 1.0, 0.0, 0.0, 0.0, 0.0, 0.0, 1.0, 0.0, 0.0, 0.0, 22.0, 3.0, 1
1884, 7.0, -0.123, 0.0070, 0.0, 1.0, 0.0, 0.0, 1.0, 0.0, 0.0, 0.0, 0.0, 0.0, 0.0, 22.0, 28.0, 1
1884, 7.0, -0.123, 0.0070, 0.0, 1.0, 0.0, 0.0, 1.0, 0.0, 0.0, 0.0, 0.0, 0.0, 0.0, 22.0, 27.0, 1
1884, 1.0, -0.123, 0.137, 0.0, 1.0, 0.0, 0.0, 0.0, 0.0, 0.0, 1.0, 0.0, 0.0, 0.0, 22.0, 3.0, 1
1884, 1.0, -0.123, 0.137, 0.0, 1.0, 0.0, 0.0, 0.0, 0.0, 0.0, 1.0, 0.0, 0.0, 0.0, 22.0, 3.0, 1
1884, 7.0, -0.123, 0.0070, 0.0, 1.0, 0.0, 0.0, 1.0, 0.0, 0.0, 0.0, 0.0, 0.0, 0.0, 22.0, 27.0, 1
1884, 1.0, -0.123, 0.137, 0.0, 1.0, 0.0, 0.0, 0.0, 0.0, 0.0, 1.0, 0.0, 0.0, 0.0, 22.0, 3.0, 1
1884, 1.0, -0.123, 0.137, 0.0, 1.0, 0.0, 0.0, 0.0, 0.0, 0.0, 1.0, 0.0, 0.0, 0.0, 22.0, 3.0, 1
1884, 1.0, -0.123, 0.806, 0.0, 1.0, 0.0, 0.0, 0.0, 0.0, 0.0, 0.0, 0.0, 1.0, 0.0, 22.0, 38.0, 1
1884, 1.0, 0.0070, 0.0070, 0.0, 1.0, 0.0, 0.0, 1.0, 0.0, 0.0, 0.0, 0.0, 0.0, 0.0, 28.0, 29.0, 1
1884, 2.0, 0.806, -0.394, 0.0, 0.0, 0.0, 1.0, 0.0, 0.0, 0.0, 0.0, 0.0, 0.0, 1.0, 38.0, 40.0, 1
1884, 2.0, 0.806, -0.394, 0.0, 0.0, 0.0, 1.0, 0.0, 0.0, 0.0, 0.0, 0.0, 0.0, 1.0, 38.0, 40.0, 1
