@relation mutagenesis-bonds
@attribute Bonds-bag-id {3933, 3688, 583, 2127, 1764, 3209, 105, 1463, 4168, 681, 3328, 4008, 841, 1714, 11, 3760, 395, 73, 2464, 3466, 4097, 1156, 1176, 516, 205, 3085, 77, 1951, 1451, 4066, 142, 3389, 2664, 909, 4134, 3080, 1292, 1111, 3749, 3580, 251, 586, 2942, 4060, 2657, 1644, 452, 4145, 941, 1884, 600, 1200, 3365, 1855, 2592, 2622, 316, 104, 74, 3052, 3071, 3478, 1863, 647, 2122, 3919, 2992, 2452, 2789, 3558, 2889, 3293, 2349, 1724, 1065, 2550, 3459, 631, 2041, 2085, 1273, 3307, 3899, 2095, 1834, 950, 2755, 2524, 3256, 3225, 2010, 3498, 2483, 1237, 1838, 3322, 3449, 826, 2933, 1759, 1752, 640, 285, 1580, 2874, 502, 3167, 187, 2497, 1131, 273, 3587, 3238, 1063, 2809, 1019, 334, 2879, 927, 2235, 3260, 3743, 1894, 311, 1613, 2522, 1425, 3120, 2751, 3, 1515, 1428, 1190, 724, 1205, 3008, 1924, 1372, 2880, 3766, 2711, 587, 1743, 2134, 2329, 1312, 828, 1210, 3655, 693, 2117, 1615, 2996, 3990, 3599, 2412, 2642, 4, 308, 3559, 1745, 2028, 2005, 3777, 1270, 561, 1849, 3592, 707, 2043, 171, 3570, 886, 2914, 2573, 1659, 652, 3653, 2030, 902, 3495, 2320, 2376, 3230, 538, 3201, 2219, 3344}
@attribute Bondtype real [1.0, 7.0]
@attribute Charge1 real [-0.533, 1.002]
@attribute Charge2 real [-0.781, 1.002]
@attribute Elementtype1=br real [0.0, 1.0]
@attribute Elementtype1=c real [0.0, 1.0]
@attribute Elementtype1=h real [0.0, 1.0]
@attribute Elementtype1=n real [0.0, 1.0]
@attribute Elementtype2=c real [0.0, 1.0]
@attribute Elementtype2=cl real [0.0, 1.0]
@attribute Elementtype2=f real [0.0, 1.0]
@attribute Elementtype2=h real [0.0, 1.0]
@attribute Elementtype2=i real [0.0, 1.0]
@attribute Elementtype2=n real [0.0, 1.0]
@attribute Elementtype2=o real [0.0, 1.0]
@attribute Quanta1 real [1.0, 232.0]
@attribute Quanta2 real [3.0, 232.0]
@attribute Class {0, 1}
@inputs Bonds-bag-id, Bondtype, Charge1, Charge2, Elementtype1=br, Elementtype1=c, Elementtype1=h, Elementtype1=n, Elementtype2=c, Elementtype2=cl, Elementtype2=f, Elementtype2=h, Elementtype2=i, Elementtype2=n, Elementtype2=o, Quanta1, Quanta2
@outputs Class
@data
587, 7.0, -0.128, 0.0020, 0.0, 1.0, 0.0, 0.0, 1.0, 0.0, 0.0, 0.0, 0.0, 0.0, 0.0, 22.0, 29.0, 0
587, 7.0, -0.128, 0.0020, 0.0, 1.0, 0.0, 0.0, 1.0, 0.0, 0.0, 0.0, 0.0, 0.0, 0.0, 22.0, 29.0, 0
587, 1.0, -0.128, 0.132, 0.0, 1.0, 0.0, 0.0, 0.0, 0.0, 0.0, 1.0, 0.0, 0.0, 0.0, 22.0, 3.0, 0
587, 1.0, -0.128, 0.132, 0.0, 1.0, 0.0, 0.0, 0.0, 0.0, 0.0, 1.0, 0.0, 0.0, 0.0, 22.0, 3.0, 0
587, 1.0, -0.128, 0.132, 0.0, 1.0, 0.0, 0.0, 0.0, 0.0, 0.0, 1.0, 0.0, 0.0, 0.0, 22.0, 3.0, 0
587, 1.0, -0.128, 0.132, 0.0, 1.0, 0.0, 0.0, 0.0, 0.0, 0.0, 1.0, 0.0, 0.0, 0.0, 22.0, 3.0, 0
587, 7.0, -0.128, 0.0020, 0.0, 1.0, 0.0, 0.0, 1.0, 0.0, 0.0, 0.0, 0.0, 0.0, 0.0, 22.0, 29.0, 0
587, 7.0, -0.128, 0.202, 0.0, 1.0, 0.0, 0.0, 1.0, 0.0, 0.0, 0.0, 0.0, 0.0, 0.0, 22.0, 22.0, 0
587, 7.0, -0.128, 0.202, 0.0, 1.0, 0.0, 0.0, 1.0, 0.0, 0.0, 0.0, 0.0, 0.0, 0.0, 22.0, 22.0, 0
587, 7.0, -0.128, 0.0020, 0.0, 1.0, 0.0, 0.0, 1.0, 0.0, 0.0, 0.0, 0.0, 0.0, 0.0, 22.0, 29.0, 0
587, 1.0, -0.128, 0.132, 0.0, 1.0, 0.0, 0.0, 0.0, 0.0, 0.0, 1.0, 0.0, 0.0, 0.0, 22.0, 3.0, 0
587, 1.0, -0.128, 0.132, 0.0, 1.0, 0.0, 0.0, 0.0, 0.0, 0.0, 1.0, 0.0, 0.0, 0.0, 22.0, 3.0, 0
587, 1.0, -0.128, 0.132, 0.0, 1.0, 0.0, 0.0, 0.0, 0.0, 0.0, 1.0, 0.0, 0.0, 0.0, 22.0, 3.0, 0
587, 1.0, -0.128, 0.132, 0.0, 1.0, 0.0, 0.0, 0.0, 0.0, 0.0, 1.0, 0.0, 0.0, 0.0, 22.0, 3.0, 0
587, 1.0, 0.202, -0.779, 0.0, 1.0, 0.0, 0.0, 0.0, 0.0, 0.0, 0.0, 0.0, 1.0, 0.0, 22.0, 32.0, 0
587, 1.0, -0.128, 0.801, 0.0, 1.0, 0.0, 0.0, 0.0, 0.0, 0.0, 0.0, 0.0, 1.0, 0.0, 22.0, 38.0, 0
587, 2.0, 0.801, -0.398, 0.0, 0.0, 0.0, 1.0, 0.0, 0.0, 0.0, 0.0, 0.0, 0.0, 1.0, 38.0, 40.0, 0
587, 2.0, 0.801, -0.398, 0.0, 0.0, 0.0, 1.0, 0.0, 0.0, 0.0, 0.0, 0.0, 0.0, 1.0, 38.0, 40.0, 0
587, 1.0, 0.332, -0.779, 0.0, 0.0, 1.0, 0.0, 0.0, 0.0, 0.0, 0.0, 0.0, 1.0, 0.0, 1.0, 32.0, 0
587, 1.0, 0.332, -0.779, 0.0, 0.0, 1.0, 0.0, 0.0, 0.0, 0.0, 0.0, 0.0, 1.0, 0.0, 1.0, 32.0, 0
2005, 7.0, -0.111, -0.081, 0.0, 1.0, 0.0, 0.0, 1.0, 0.0, 0.0, 0.0, 0.0, 0.0, 0.0, 22.0, 27.0, 0
2005, 7.0, -0.081, 0.019, 0.0, 1.0, 0.0, 0.0, 1.0, 0.0, 0.0, 0.0, 0.0, 0.0, 0.0, 27.0, 27.0, 0
2005, 7.0, -0.111, 0.019, 0.0, 1.0, 0.0, 0.0, 1.0, 0.0, 0.0, 0.0, 0.0, 0.0, 0.0, 22.0, 27.0, 0
2005, 7.0, -0.111, 0.198, 0.0, 1.0, 0.0, 0.0, 1.0, 0.0, 0.0, 0.0, 0.0, 0.0, 0.0, 22.0, 22.0, 0
2005, 7.0, -0.111, 0.198, 0.0, 1.0, 0.0, 0.0, 1.0, 0.0, 0.0, 0.0, 0.0, 0.0, 0.0, 22.0, 22.0, 0
2005, 1.0, -0.111, 0.149, 0.0, 1.0, 0.0, 0.0, 0.0, 0.0, 0.0, 1.0, 0.0, 0.0, 0.0, 22.0, 3.0, 0
2005, 1.0, -0.111, 0.149, 0.0, 1.0, 0.0, 0.0, 0.0, 0.0, 0.0, 1.0, 0.0, 0.0, 0.0, 22.0, 3.0, 0
2005, 7.0, -0.081, -0.752, 0.0, 1.0, 0.0, 0.0, 0.0, 0.0, 0.0, 0.0, 0.0, 1.0, 0.0, 27.0, 35.0, 0
2005, 7.0, 0.268, -0.752, 0.0, 1.0, 0.0, 0.0, 0.0, 0.0, 0.0, 0.0, 0.0, 1.0, 0.0, 22.0, 35.0, 0
2005, 7.0, -0.111, 0.268, 0.0, 1.0, 0.0, 0.0, 1.0, 0.0, 0.0, 0.0, 0.0, 0.0, 0.0, 22.0, 22.0, 0
2005, 7.0, -0.111, 0.019, 0.0, 1.0, 0.0, 0.0, 1.0, 0.0, 0.0, 0.0, 0.0, 0.0, 0.0, 22.0, 27.0, 0
2005, 1.0, 0.268, 0.149, 0.0, 1.0, 0.0, 0.0, 0.0, 0.0, 0.0, 1.0, 0.0, 0.0, 0.0, 22.0, 3.0, 0
2005, 1.0, -0.111, 0.149, 0.0, 1.0, 0.0, 0.0, 0.0, 0.0, 0.0, 1.0, 0.0, 0.0, 0.0, 22.0, 3.0, 0
2005, 1.0, -0.111, 0.149, 0.0, 1.0, 0.0, 0.0, 0.0, 0.0, 0.0, 1.0, 0.0, 0.0, 0.0, 22.0, 3.0, 0
2005, 1.0, -0.111, 0.818, 0.0, 1.0, 0.0, 0.0, 0.0, 0.0, 0.0, 0.0, 0.0, 1.0, 0.0, 22.0, 38.0, 0
2005, 2.0, 0.818, -0.382, 0.0, 0.0, 0.0, 1.0, 0.0, 0.0, 0.0, 0.0, 0.0, 0.0, 1.0, 38.0, 40.0, 0
2005, 1.0, 0.198, -0.212, 0.0, 1.0, 0.0, 0.0, 0.0, 0.0, 0.0, 0.0, 0.0, 0.0, 1.0, 22.0, 50.0, 0
2005, 2.0, 0.818, -0.382, 0.0, 0.0, 0.0, 1.0, 0.0, 0.0, 0.0, 0.0, 0.0, 0.0, 1.0, 38.0, 40.0, 0
2005, 1.0, 0.109, 0.069, 0.0, 1.0, 0.0, 0.0, 0.0, 0.0, 0.0, 1.0, 0.0, 0.0, 0.0, 10.0, 3.0, 0
2005, 1.0, 0.109, -0.212, 0.0, 1.0, 0.0, 0.0, 0.0, 0.0, 0.0, 0.0, 0.0, 0.0, 1.0, 10.0, 50.0, 0
2005, 1.0, 0.109, 0.069, 0.0, 1.0, 0.0, 0.0, 0.0, 0.0, 0.0, 1.0, 0.0, 0.0, 0.0, 10.0, 3.0, 0
2005, 1.0, 0.109, 0.069, 0.0, 1.0, 0.0, 0.0, 0.0, 0.0, 0.0, 1.0, 0.0, 0.0, 0.0, 10.0, 3.0, 0
693, 7.0, -0.133, 0.197, 0.0, 1.0, 0.0, 0.0, 1.0, 0.0, 0.0, 0.0, 0.0, 0.0, 0.0, 22.0, 22.0, 0
693, 7.0, -0.0040, 0.197, 0.0, 1.0, 0.0, 0.0, 1.0, 0.0, 0.0, 0.0, 0.0, 0.0, 0.0, 22.0, 22.0, 0
693, 7.0, -0.133, -0.0040, 0.0, 1.0, 0.0, 0.0, 1.0, 0.0, 0.0, 0.0, 0.0, 0.0, 0.0, 22.0, 22.0, 0
693, 1.0, -0.133, 0.126, 0.0, 1.0, 0.0, 0.0, 0.0, 0.0, 0.0, 1.0, 0.0, 0.0, 0.0, 22.0, 3.0, 0
693, 1.0, -0.133, 0.126, 0.0, 1.0, 0.0, 0.0, 0.0, 0.0, 0.0, 1.0, 0.0, 0.0, 0.0, 22.0, 3.0, 0
693, 1.0, -0.133, 0.126, 0.0, 1.0, 0.0, 0.0, 0.0, 0.0, 0.0, 1.0, 0.0, 0.0, 0.0, 22.0, 3.0, 0
693, 1.0, 0.197, -0.403, 0.0, 1.0, 0.0, 0.0, 0.0, 0.0, 0.0, 0.0, 0.0, 1.0, 0.0, 22.0, 32.0, 0
693, 1.0, -0.0040, -0.403, 0.0, 1.0, 0.0, 0.0, 0.0, 0.0, 0.0, 0.0, 0.0, 1.0, 0.0, 10.0, 32.0, 0
693, 1.0, -0.104, -0.0040, 0.0, 1.0, 0.0, 0.0, 1.0, 0.0, 0.0, 0.0, 0.0, 0.0, 0.0, 10.0, 22.0, 0
693, 1.0, -0.104, -0.0040, 0.0, 1.0, 0.0, 0.0, 1.0, 0.0, 0.0, 0.0, 0.0, 0.0, 0.0, 10.0, 10.0, 0
693, 1.0, -0.104, 0.046, 0.0, 1.0, 0.0, 0.0, 0.0, 0.0, 0.0, 1.0, 0.0, 0.0, 0.0, 10.0, 3.0, 0
693, 1.0, -0.104, 0.046, 0.0, 1.0, 0.0, 0.0, 0.0, 0.0, 0.0, 1.0, 0.0, 0.0, 0.0, 10.0, 3.0, 0
693, 1.0, -0.0040, 0.046, 0.0, 1.0, 0.0, 0.0, 0.0, 0.0, 0.0, 1.0, 0.0, 0.0, 0.0, 10.0, 3.0, 0
693, 1.0, -0.0040, 0.046, 0.0, 1.0, 0.0, 0.0, 0.0, 0.0, 0.0, 1.0, 0.0, 0.0, 0.0, 10.0, 3.0, 0
693, 1.0, 0.296, -0.403, 0.0, 0.0, 1.0, 0.0, 0.0, 0.0, 0.0, 0.0, 0.0, 1.0, 0.0, 1.0, 32.0, 0
693, 1.0, -0.133, 0.798, 0.0, 1.0, 0.0, 0.0, 0.0, 0.0, 0.0, 0.0, 0.0, 1.0, 0.0, 22.0, 38.0, 0
693, 2.0, 0.798, -0.403, 0.0, 0.0, 0.0, 1.0, 0.0, 0.0, 0.0, 0.0, 0.0, 0.0, 1.0, 38.0, 40.0, 0
693, 2.0, 0.798, -0.403, 0.0, 0.0, 0.0, 1.0, 0.0, 0.0, 0.0, 0.0, 0.0, 0.0, 1.0, 38.0, 40.0, 0
3559, 7.0, -0.123, 0.0060, 0.0, 1.0, 0.0, 0.0, 1.0, 0.0, 0.0, 0.0, 0.0, 0.0, 0.0, 22.0, 27.0, 0
3559, 7.0, -0.123, 0.0060, 0.0, 1.0, 0.0, 0.0, 1.0, 0.0, 0.0, 0.0, 0.0, 0.0, 0.0, 22.0, 27.0, 0
3559, 1.0, -0.123, 0.136, 0.0, 1.0, 0.0, 0.0, 0.0, 0.0, 0.0, 1.0, 0.0, 0.0, 0.0, 22.0, 3.0, 0
3559, 1.0, -0.123, 0.136, 0.0, 1.0, 0.0, 0.0, 0.0, 0.0, 0.0, 1.0, 0.0, 0.0, 0.0, 22.0, 3.0, 0
3559, 1.0, -0.123, 0.137, 0.0, 1.0, 0.0, 0.0, 0.0, 0.0, 0.0, 1.0, 0.0, 0.0, 0.0, 22.0, 3.0, 0
3559, 1.0, -0.123, 0.136, 0.0, 1.0, 0.0, 0.0, 0.0, 0.0, 0.0, 1.0, 0.0, 0.0, 0.0, 22.0, 3.0, 0
3559, 7.0, -0.123, 0.0060, 0.0, 1.0, 0.0, 0.0, 1.0, 0.0, 0.0, 0.0, 0.0, 0.0, 0.0, 22.0, 27.0, 0
3559, 7.0, -0.123, 0.0060, 0.0, 1.0, 0.0, 0.0, 1.0, 0.0, 0.0, 0.0, 0.0, 0.0, 0.0, 22.0, 27.0, 0
3559, 1.0, -0.123, 0.137, 0.0, 1.0, 0.0, 0.0, 0.0, 0.0, 0.0, 1.0, 0.0, 0.0, 0.0, 22.0, 3.0, 0
3559, 1.0, -0.123, 0.137, 0.0, 1.0, 0.0, 0.0, 0.0, 0.0, 0.0, 1.0, 0.0, 0.0, 0.0, 22.0, 3.0, 0
3559, 1.0, -0.123, 0.137, 0.0, 1.0, 0.0, 0.0, 0.0, 0.0, 0.0, 1.0, 0.0, 0.0, 0.0, 22.0, 3.0, 0
3559, 1.0, -0.123, 0.806, 0.0, 1.0, 0.0, 0.0, 0.0, 0.0, 0.0, 0.0, 0.0, 1.0, 0.0, 22.0, 38.0, 0
3559, 2.0, 0.806, -0.395, 0.0, 0.0, 0.0, 1.0, 0.0, 0.0, 0.0, 0.0, 0.0, 0.0, 1.0, 38.0, 40.0, 0
3559, 2.0, 0.806, -0.395, 0.0, 0.0, 0.0, 1.0, 0.0, 0.0, 0.0, 0.0, 0.0, 0.0, 1.0, 38.0, 40.0, 0
2028, 7.0, -0.097, -0.067, 0.0, 1.0, 0.0, 0.0, 1.0, 0.0, 0.0, 0.0, 0.0, 0.0, 0.0, 22.0, 27.0, 0
2028, 7.0, -0.067, 0.033, 0.0, 1.0, 0.0, 0.0, 1.0, 0.0, 0.0, 0.0, 0.0, 0.0, 0.0, 27.0, 27.0, 0
2028, 7.0, -0.097, 0.033, 0.0, 1.0, 0.0, 0.0, 1.0, 0.0, 0.0, 0.0, 0.0, 0.0, 0.0, 22.0, 27.0, 0
2028, 1.0, -0.097, 0.162, 0.0, 1.0, 0.0, 0.0, 0.0, 0.0, 0.0, 1.0, 0.0, 0.0, 0.0, 22.0, 3.0, 0
2028, 1.0, -0.097, 0.162, 0.0, 1.0, 0.0, 0.0, 0.0, 0.0, 0.0, 1.0, 0.0, 0.0, 0.0, 22.0, 3.0, 0
2028, 1.0, -0.097, 0.163, 0.0, 1.0, 0.0, 0.0, 0.0, 0.0, 0.0, 1.0, 0.0, 0.0, 0.0, 22.0, 3.0, 0
2028, 7.0, -0.067, -0.738, 0.0, 1.0, 0.0, 0.0, 0.0, 0.0, 0.0, 0.0, 0.0, 1.0, 0.0, 27.0, 35.0, 0
2028, 7.0, 0.282, -0.738, 0.0, 1.0, 0.0, 0.0, 0.0, 0.0, 0.0, 0.0, 0.0, 1.0, 0.0, 22.0, 35.0, 0
2028, 7.0, -0.097, 0.282, 0.0, 1.0, 0.0, 0.0, 1.0, 0.0, 0.0, 0.0, 0.0, 0.0, 0.0, 22.0, 22.0, 0
2028, 7.0, -0.097, 0.033, 0.0, 1.0, 0.0, 0.0, 1.0, 0.0, 0.0, 0.0, 0.0, 0.0, 0.0, 22.0, 27.0, 0
2028, 1.0, 0.282, 0.163, 0.0, 1.0, 0.0, 0.0, 0.0, 0.0, 0.0, 1.0, 0.0, 0.0, 0.0, 22.0, 3.0, 0
2028, 1.0, -0.097, 0.163, 0.0, 1.0, 0.0, 0.0, 0.0, 0.0, 0.0, 1.0, 0.0, 0.0, 0.0, 22.0, 3.0, 0
2028, 1.0, -0.097, 0.163, 0.0, 1.0, 0.0, 0.0, 0.0, 0.0, 0.0, 1.0, 0.0, 0.0, 0.0, 22.0, 3.0, 0
2028, 1.0, -0.097, 0.832, 0.0, 1.0, 0.0, 0.0, 0.0, 0.0, 0.0, 0.0, 0.0, 1.0, 0.0, 22.0, 38.0, 0
2028, 2.0, 0.832, -0.368, 0.0, 0.0, 0.0, 1.0, 0.0, 0.0, 0.0, 0.0, 0.0, 0.0, 1.0, 38.0, 40.0, 0
2028, 2.0, 0.832, -0.368, 0.0, 0.0, 0.0, 1.0, 0.0, 0.0, 0.0, 0.0, 0.0, 0.0, 1.0, 38.0, 40.0, 0
1270, 7.0, -0.068, -0.038, 0.0, 1.0, 0.0, 0.0, 1.0, 0.0, 0.0, 0.0, 0.0, 0.0, 0.0, 22.0, 26.0, 0
1270, 7.0, -0.068, -0.038, 0.0, 1.0, 0.0, 0.0, 1.0, 0.0, 0.0, 0.0, 0.0, 0.0, 0.0, 22.0, 26.0, 0
1270, 7.0, -0.038, -0.479, 0.0, 1.0, 0.0, 0.0, 0.0, 0.0, 0.0, 0.0, 0.0, 1.0, 0.0, 26.0, 34.0, 0
1270, 7.0, 0.062, -0.479, 0.0, 1.0, 0.0, 0.0, 0.0, 0.0, 0.0, 0.0, 0.0, 1.0, 0.0, 21.0, 34.0, 0
1270, 7.0, -0.038, -0.479, 0.0, 1.0, 0.0, 0.0, 0.0, 0.0, 0.0, 0.0, 0.0, 1.0, 0.0, 26.0, 34.0, 0
1270, 7.0, 0.062, -0.479, 0.0, 1.0, 0.0, 0.0, 0.0, 0.0, 0.0, 0.0, 0.0, 1.0, 0.0, 21.0, 34.0, 0
1270, 1.0, 0.152, 0.062, 0.0, 1.0, 0.0, 0.0, 1.0, 0.0, 0.0, 0.0, 0.0, 0.0, 0.0, 10.0, 21.0, 0
1270, 1.0, -0.068, 0.861, 0.0, 1.0, 0.0, 0.0, 0.0, 0.0, 0.0, 0.0, 0.0, 1.0, 0.0, 22.0, 38.0, 0
1270, 2.0, 0.861, -0.339, 0.0, 0.0, 0.0, 1.0, 0.0, 0.0, 0.0, 0.0, 0.0, 0.0, 1.0, 38.0, 40.0, 0
1270, 2.0, 0.861, -0.339, 0.0, 0.0, 0.0, 1.0, 0.0, 0.0, 0.0, 0.0, 0.0, 0.0, 1.0, 38.0, 40.0, 0
1270, 1.0, -0.068, 0.191, 0.0, 1.0, 0.0, 0.0, 0.0, 0.0, 0.0, 1.0, 0.0, 0.0, 0.0, 22.0, 3.0, 0
1270, 1.0, -0.068, 0.191, 0.0, 1.0, 0.0, 0.0, 0.0, 0.0, 0.0, 1.0, 0.0, 0.0, 0.0, 22.0, 3.0, 0
1270, 1.0, -0.068, 0.191, 0.0, 1.0, 0.0, 0.0, 0.0, 0.0, 0.0, 1.0, 0.0, 0.0, 0.0, 22.0, 3.0, 0
1270, 1.0, 0.152, 0.112, 0.0, 1.0, 0.0, 0.0, 0.0, 0.0, 0.0, 1.0, 0.0, 0.0, 0.0, 10.0, 3.0, 0
1270, 1.0, 0.152, 0.112, 0.0, 1.0, 0.0, 0.0, 0.0, 0.0, 0.0, 1.0, 0.0, 0.0, 0.0, 10.0, 3.0, 0
1270, 1.0, 0.152, 0.112, 0.0, 1.0, 0.0, 0.0, 0.0, 0.0, 0.0, 1.0, 0.0, 0.0, 0.0, 10.0, 3.0, 0
1176, 7.0, -0.112, -0.082, 0.0, 1.0, 0.0, 0.0, 1.0, 0.0, 0.0, 0.0, 0.0, 0.0, 0.0, 22.0, 27.0, 1
1176, 7.0, -0.082, 0.018, 0.0, 1.0, 0.0, 0.0, 1.0, 0.0, 0.0, 0.0, 0.0, 0.0, 0.0, 27.0, 27.0, 1
1176, 7.0, -0.112, 0.018, 0.0, 1.0, 0.0, 0.0, 1.0, 0.0, 0.0, 0.0, 0.0, 0.0, 0.0, 22.0, 27.0, 1
1176, 7.0, -0.082, -0.082, 0.0, 1.0, 0.0, 0.0, 1.0, 0.0, 0.0, 0.0, 0.0, 0.0, 0.0, 26.0, 27.0, 1
1176, 7.0, -0.112, -0.082, 0.0, 1.0, 0.0, 0.0, 1.0, 0.0, 0.0, 0.0, 0.0, 0.0, 0.0, 22.0, 26.0, 1
1176, 7.0, -0.112, 0.018, 0.0, 1.0, 0.0, 0.0, 1.0, 0.0, 0.0, 0.0, 0.0, 0.0, 0.0, 22.0, 27.0, 1
1176, 7.0, -0.112, -0.082, 0.0, 1.0, 0.0, 0.0, 1.0, 0.0, 0.0, 0.0, 0.0, 0.0, 0.0, 22.0, 27.0, 1
1176, 7.0, -0.112, 0.018, 0.0, 1.0, 0.0, 0.0, 1.0, 0.0, 0.0, 0.0, 0.0, 0.0, 0.0, 22.0, 27.0, 1
1176, 7.0, -0.082, 0.018, 0.0, 1.0, 0.0, 0.0, 1.0, 0.0, 0.0, 0.0, 0.0, 0.0, 0.0, 27.0, 27.0, 1
1176, 7.0, -0.112, 0.018, 0.0, 1.0, 0.0, 0.0, 1.0, 0.0, 0.0, 0.0, 0.0, 0.0, 0.0, 22.0, 27.0, 1
1176, 7.0, -0.112, -0.082, 0.0, 1.0, 0.0, 0.0, 1.0, 0.0, 0.0, 0.0, 0.0, 0.0, 0.0, 22.0, 27.0, 1
1176, 7.0, 0.018, -0.082, 0.0, 1.0, 0.0, 0.0, 1.0, 0.0, 0.0, 0.0, 0.0, 0.0, 0.0, 21.0, 26.0, 1
1176, 7.0, -0.112, 0.018, 0.0, 1.0, 0.0, 0.0, 1.0, 0.0, 0.0, 0.0, 0.0, 0.0, 0.0, 21.0, 21.0, 1
1176, 7.0, -0.112, -0.082, 0.0, 1.0, 0.0, 0.0, 1.0, 0.0, 0.0, 0.0, 0.0, 0.0, 0.0, 21.0, 27.0, 1
1176, 1.0, -0.112, 0.147, 0.0, 1.0, 0.0, 0.0, 0.0, 0.0, 0.0, 1.0, 0.0, 0.0, 0.0, 22.0, 3.0, 1
1176, 1.0, -0.112, 0.148, 0.0, 1.0, 0.0, 0.0, 0.0, 0.0, 0.0, 1.0, 0.0, 0.0, 0.0, 22.0, 3.0, 1
1176, 1.0, -0.112, 0.147, 0.0, 1.0, 0.0, 0.0, 0.0, 0.0, 0.0, 1.0, 0.0, 0.0, 0.0, 22.0, 3.0, 1
1176, 1.0, -0.112, 0.148, 0.0, 1.0, 0.0, 0.0, 0.0, 0.0, 0.0, 1.0, 0.0, 0.0, 0.0, 22.0, 3.0, 1
1176, 1.0, -0.112, 0.147, 0.0, 1.0, 0.0, 0.0, 0.0, 0.0, 0.0, 1.0, 0.0, 0.0, 0.0, 22.0, 3.0, 1
1176, 1.0, -0.112, 0.147, 0.0, 1.0, 0.0, 0.0, 0.0, 0.0, 0.0, 1.0, 0.0, 0.0, 0.0, 22.0, 3.0, 1
1176, 1.0, -0.112, 0.147, 0.0, 1.0, 0.0, 0.0, 0.0, 0.0, 0.0, 1.0, 0.0, 0.0, 0.0, 22.0, 3.0, 1
1176, 1.0, -0.112, 0.147, 0.0, 1.0, 0.0, 0.0, 0.0, 0.0, 0.0, 1.0, 0.0, 0.0, 0.0, 22.0, 3.0, 1
1176, 1.0, -0.112, 0.147, 0.0, 1.0, 0.0, 0.0, 0.0, 0.0, 0.0, 1.0, 0.0, 0.0, 0.0, 22.0, 3.0, 1
1176, 1.0, -0.112, 0.147, 0.0, 1.0, 0.0, 0.0, 0.0, 0.0, 0.0, 1.0, 0.0, 0.0, 0.0, 22.0, 3.0, 1
1176, 1.0, 0.018, 0.817, 0.0, 1.0, 0.0, 0.0, 0.0, 0.0, 0.0, 0.0, 0.0, 1.0, 0.0, 21.0, 38.0, 1
1176, 1.0, -0.112, 0.147, 0.0, 1.0, 0.0, 0.0, 0.0, 0.0, 0.0, 1.0, 0.0, 0.0, 0.0, 21.0, 3.0, 1
1176, 2.0, 0.817, -0.383, 0.0, 0.0, 0.0, 1.0, 0.0, 0.0, 0.0, 0.0, 0.0, 0.0, 1.0, 38.0, 40.0, 1
1176, 2.0, 0.817, -0.383, 0.0, 0.0, 0.0, 1.0, 0.0, 0.0, 0.0, 0.0, 0.0, 0.0, 1.0, 38.0, 40.0, 1
3498, 7.0, -0.115, 0.015, 0.0, 1.0, 0.0, 0.0, 1.0, 0.0, 0.0, 0.0, 0.0, 0.0, 0.0, 22.0, 27.0, 1
3498, 7.0, -0.085, 0.015, 0.0, 1.0, 0.0, 0.0, 1.0, 0.0, 0.0, 0.0, 0.0, 0.0, 0.0, 27.0, 27.0, 1
3498, 7.0, -0.085, 0.015, 0.0, 1.0, 0.0, 0.0, 1.0, 0.0, 0.0, 0.0, 0.0, 0.0, 0.0, 27.0, 28.0, 1
3498, 7.0, -0.115, 0.015, 0.0, 1.0, 0.0, 0.0, 1.0, 0.0, 0.0, 0.0, 0.0, 0.0, 0.0, 22.0, 28.0, 1
3498, 1.0, -0.115, 0.145, 0.0, 1.0, 0.0, 0.0, 0.0, 0.0, 0.0, 1.0, 0.0, 0.0, 0.0, 22.0, 3.0, 1
3498, 1.0, -0.115, 0.145, 0.0, 1.0, 0.0, 0.0, 0.0, 0.0, 0.0, 1.0, 0.0, 0.0, 0.0, 22.0, 3.0, 1
3498, 7.0, -0.115, 0.015, 0.0, 1.0, 0.0, 0.0, 1.0, 0.0, 0.0, 0.0, 0.0, 0.0, 0.0, 22.0, 27.0, 1
3498, 7.0, -0.115, 0.015, 0.0, 1.0, 0.0, 0.0, 1.0, 0.0, 0.0, 0.0, 0.0, 0.0, 0.0, 22.0, 29.0, 1
3498, 7.0, -0.085, 0.015, 0.0, 1.0, 0.0, 0.0, 1.0, 0.0, 0.0, 0.0, 0.0, 0.0, 0.0, 27.0, 29.0, 1
3498, 1.0, -0.115, 0.145, 0.0, 1.0, 0.0, 0.0, 0.0, 0.0, 0.0, 1.0, 0.0, 0.0, 0.0, 22.0, 3.0, 1
3498, 7.0, -0.115, 0.015, 0.0, 1.0, 0.0, 0.0, 1.0, 0.0, 0.0, 0.0, 0.0, 0.0, 0.0, 22.0, 28.0, 1
3498, 7.0, -0.115, 0.015, 0.0, 1.0, 0.0, 0.0, 1.0, 0.0, 0.0, 0.0, 0.0, 0.0, 0.0, 22.0, 28.0, 1
3498, 1.0, -0.115, 0.146, 0.0, 1.0, 0.0, 0.0, 0.0, 0.0, 0.0, 1.0, 0.0, 0.0, 0.0, 22.0, 3.0, 1
3498, 1.0, -0.115, 0.145, 0.0, 1.0, 0.0, 0.0, 0.0, 0.0, 0.0, 1.0, 0.0, 0.0, 0.0, 22.0, 3.0, 1
3498, 1.0, -0.115, 0.145, 0.0, 1.0, 0.0, 0.0, 0.0, 0.0, 0.0, 1.0, 0.0, 0.0, 0.0, 22.0, 3.0, 1
3498, 1.0, -0.115, 0.145, 0.0, 1.0, 0.0, 0.0, 0.0, 0.0, 0.0, 1.0, 0.0, 0.0, 0.0, 22.0, 3.0, 1
3498, 1.0, -0.115, 0.816, 0.0, 1.0, 0.0, 0.0, 0.0, 0.0, 0.0, 0.0, 0.0, 1.0, 0.0, 22.0, 38.0, 1
3498, 1.0, 0.015, 0.015, 0.0, 1.0, 0.0, 0.0, 1.0, 0.0, 0.0, 0.0, 0.0, 0.0, 0.0, 28.0, 29.0, 1
3498, 1.0, -0.115, 0.816, 0.0, 1.0, 0.0, 0.0, 0.0, 0.0, 0.0, 0.0, 0.0, 1.0, 0.0, 22.0, 38.0, 1
3498, 1.0, -0.115, 0.816, 0.0, 1.0, 0.0, 0.0, 0.0, 0.0, 0.0, 0.0, 0.0, 1.0, 0.0, 22.0, 38.0, 1
3498, 2.0, 0.816, -0.384, 0.0, 0.0, 0.0, 1.0, 0.0, 0.0, 0.0, 0.0, 0.0, 0.0, 1.0, 38.0, 40.0, 1
3498, 2.0, 0.816, -0.384, 0.0, 0.0, 0.0, 1.0, 0.0, 0.0, 0.0, 0.0, 0.0, 0.0, 1.0, 38.0, 40.0, 1
3498, 2.0, 0.816, -0.384, 0.0, 0.0, 0.0, 1.0, 0.0, 0.0, 0.0, 0.0, 0.0, 0.0, 1.0, 38.0, 40.0, 1
3498, 2.0, 0.816, -0.384, 0.0, 0.0, 0.0, 1.0, 0.0, 0.0, 0.0, 0.0, 0.0, 0.0, 1.0, 38.0, 40.0, 1
3498, 2.0, 0.816, -0.384, 0.0, 0.0, 0.0, 1.0, 0.0, 0.0, 0.0, 0.0, 0.0, 0.0, 1.0, 38.0, 40.0, 1
3498, 2.0, 0.816, -0.384, 0.0, 0.0, 0.0, 1.0, 0.0, 0.0, 0.0, 0.0, 0.0, 0.0, 1.0, 38.0, 40.0, 1
4008, 7.0, -0.116, 0.014, 0.0, 1.0, 0.0, 0.0, 1.0, 0.0, 0.0, 0.0, 0.0, 0.0, 0.0, 22.0, 22.0, 1
4008, 7.0, 0.014, -0.086, 0.0, 1.0, 0.0, 0.0, 1.0, 0.0, 0.0, 0.0, 0.0, 0.0, 0.0, 22.0, 195.0, 1
4008, 7.0, -0.086, 0.014, 0.0, 1.0, 0.0, 0.0, 1.0, 0.0, 0.0, 0.0, 0.0, 0.0, 0.0, 195.0, 195.0, 1
4008, 7.0, -0.116, 0.014, 0.0, 1.0, 0.0, 0.0, 1.0, 0.0, 0.0, 0.0, 0.0, 0.0, 0.0, 22.0, 195.0, 1
4008, 1.0, -0.086, 0.014, 0.0, 1.0, 0.0, 0.0, 1.0, 0.0, 0.0, 0.0, 0.0, 0.0, 0.0, 10.0, 22.0, 1
4008, 1.0, -0.086, 0.014, 0.0, 1.0, 0.0, 0.0, 1.0, 0.0, 0.0, 0.0, 0.0, 0.0, 0.0, 10.0, 22.0, 1
4008, 7.0, 0.014, -0.086, 0.0, 1.0, 0.0, 0.0, 1.0, 0.0, 0.0, 0.0, 0.0, 0.0, 0.0, 22.0, 27.0, 1
4008, 7.0, -0.086, -0.086, 0.0, 1.0, 0.0, 0.0, 1.0, 0.0, 0.0, 0.0, 0.0, 0.0, 0.0, 27.0, 195.0, 1
4008, 7.0, -0.086, 0.014, 0.0, 1.0, 0.0, 0.0, 1.0, 0.0, 0.0, 0.0, 0.0, 0.0, 0.0, 27.0, 27.0, 1
4008, 7.0, -0.116, 0.014, 0.0, 1.0, 0.0, 0.0, 1.0, 0.0, 0.0, 0.0, 0.0, 0.0, 0.0, 22.0, 27.0, 1
4008, 7.0, -0.116, 0.014, 0.0, 1.0, 0.0, 0.0, 1.0, 0.0, 0.0, 0.0, 0.0, 0.0, 0.0, 22.0, 195.0, 1
4008, 7.0, -0.116, 0.014, 0.0, 1.0, 0.0, 0.0, 1.0, 0.0, 0.0, 0.0, 0.0, 0.0, 0.0, 22.0, 22.0, 1
4008, 7.0, -0.116, 0.014, 0.0, 1.0, 0.0, 0.0, 1.0, 0.0, 0.0, 0.0, 0.0, 0.0, 0.0, 22.0, 27.0, 1
4008, 1.0, -0.116, 0.145, 0.0, 1.0, 0.0, 0.0, 0.0, 0.0, 0.0, 1.0, 0.0, 0.0, 0.0, 22.0, 3.0, 1
4008, 1.0, -0.116, 0.145, 0.0, 1.0, 0.0, 0.0, 0.0, 0.0, 0.0, 1.0, 0.0, 0.0, 0.0, 22.0, 3.0, 1
4008, 1.0, -0.116, 0.145, 0.0, 1.0, 0.0, 0.0, 0.0, 0.0, 0.0, 1.0, 0.0, 0.0, 0.0, 22.0, 3.0, 1
4008, 1.0, -0.116, 0.145, 0.0, 1.0, 0.0, 0.0, 0.0, 0.0, 0.0, 1.0, 0.0, 0.0, 0.0, 22.0, 3.0, 1
4008, 1.0, -0.116, 0.145, 0.0, 1.0, 0.0, 0.0, 0.0, 0.0, 0.0, 1.0, 0.0, 0.0, 0.0, 22.0, 3.0, 1
4008, 1.0, -0.086, 0.064, 0.0, 1.0, 0.0, 0.0, 0.0, 0.0, 0.0, 1.0, 0.0, 0.0, 0.0, 10.0, 3.0, 1
4008, 1.0, -0.116, 0.145, 0.0, 1.0, 0.0, 0.0, 0.0, 0.0, 0.0, 1.0, 0.0, 0.0, 0.0, 22.0, 3.0, 1
4008, 1.0, -0.086, 0.064, 0.0, 1.0, 0.0, 0.0, 0.0, 0.0, 0.0, 1.0, 0.0, 0.0, 0.0, 10.0, 3.0, 1
4008, 1.0, -0.086, 0.064, 0.0, 1.0, 0.0, 0.0, 0.0, 0.0, 0.0, 1.0, 0.0, 0.0, 0.0, 10.0, 3.0, 1
4008, 1.0, -0.116, 0.815, 0.0, 1.0, 0.0, 0.0, 0.0, 0.0, 0.0, 0.0, 0.0, 1.0, 0.0, 22.0, 38.0, 1
4008, 1.0, -0.086, 0.064, 0.0, 1.0, 0.0, 0.0, 0.0, 0.0, 0.0, 1.0, 0.0, 0.0, 0.0, 10.0, 3.0, 1
4008, 2.0, 0.815, -0.385, 0.0, 0.0, 0.0, 1.0, 0.0, 0.0, 0.0, 0.0, 0.0, 0.0, 1.0, 38.0, 40.0, 1
4008, 1.0, -0.116, 0.815, 0.0, 1.0, 0.0, 0.0, 0.0, 0.0, 0.0, 0.0, 0.0, 1.0, 0.0, 22.0, 38.0, 1
4008, 2.0, 0.815, -0.385, 0.0, 0.0, 0.0, 1.0, 0.0, 0.0, 0.0, 0.0, 0.0, 0.0, 1.0, 38.0, 40.0, 1
4008, 2.0, 0.815, -0.385, 0.0, 0.0, 0.0, 1.0, 0.0, 0.0, 0.0, 0.0, 0.0, 0.0, 1.0, 38.0, 40.0, 1
4008, 2.0, 0.815, -0.385, 0.0, 0.0, 0.0, 1.0, 0.0, 0.0, 0.0, 0.0, 0.0, 0.0, 1.0, 38.0, 40.0, 1
2030, 7.0, -0.133, 0.097, 0.0, 1.0, 0.0, 0.0, 1.0, 0.0, 0.0, 0.0, 0.0, 0.0, 0.0, 22.0, 22.0, 1
2030, 7.0, 0.097, -0.0030, 0.0, 1.0, 0.0, 0.0, 1.0, 0.0, 0.0, 0.0, 0.0, 0.0, 0.0, 22.0, 29.0, 1
2030, 7.0, -0.133, -0.0030, 0.0, 1.0, 0.0, 0.0, 1.0, 0.0, 0.0, 0.0, 0.0, 0.0, 0.0, 22.0, 29.0, 1
2030, 7.0, -0.133, 0.097, 0.0, 1.0, 0.0, 0.0, 1.0, 0.0, 0.0, 0.0, 0.0, 0.0, 0.0, 22.0, 22.0, 1
2030, 7.0, -0.133, -0.0030, 0.0, 1.0, 0.0, 0.0, 1.0, 0.0, 0.0, 0.0, 0.0, 0.0, 0.0, 22.0, 29.0, 1
2030, 7.0, 0.097, -0.0030, 0.0, 1.0, 0.0, 0.0, 1.0, 0.0, 0.0, 0.0, 0.0, 0.0, 0.0, 22.0, 29.0, 1
2030, 1.0, 0.547, 0.097, 0.0, 1.0, 0.0, 0.0, 1.0, 0.0, 0.0, 0.0, 0.0, 0.0, 0.0, 14.0, 22.0, 1
2030, 1.0, 0.547, 0.097, 0.0, 1.0, 0.0, 0.0, 1.0, 0.0, 0.0, 0.0, 0.0, 0.0, 0.0, 14.0, 22.0, 1
2030, 2.0, 0.547, -0.552, 0.0, 1.0, 0.0, 0.0, 0.0, 0.0, 0.0, 0.0, 0.0, 0.0, 1.0, 14.0, 40.0, 1
2030, 1.0, -0.133, 0.798, 0.0, 1.0, 0.0, 0.0, 0.0, 0.0, 0.0, 0.0, 0.0, 1.0, 0.0, 22.0, 38.0, 1
2030, 2.0, 0.798, -0.403, 0.0, 0.0, 0.0, 1.0, 0.0, 0.0, 0.0, 0.0, 0.0, 0.0, 1.0, 38.0, 40.0, 1
2030, 2.0, 0.798, -0.403, 0.0, 0.0, 0.0, 1.0, 0.0, 0.0, 0.0, 0.0, 0.0, 0.0, 1.0, 38.0, 40.0, 1
2030, 1.0, -0.133, 0.127, 0.0, 1.0, 0.0, 0.0, 0.0, 0.0, 0.0, 1.0, 0.0, 0.0, 0.0, 22.0, 3.0, 1
2030, 1.0, -0.133, 0.127, 0.0, 1.0, 0.0, 0.0, 0.0, 0.0, 0.0, 1.0, 0.0, 0.0, 0.0, 22.0, 3.0, 1
2030, 1.0, -0.133, 0.127, 0.0, 1.0, 0.0, 0.0, 0.0, 0.0, 0.0, 1.0, 0.0, 0.0, 0.0, 22.0, 3.0, 1
2030, 1.0, -0.133, 0.127, 0.0, 1.0, 0.0, 0.0, 0.0, 0.0, 0.0, 1.0, 0.0, 0.0, 0.0, 22.0, 3.0, 1
2030, 1.0, -0.133, 0.127, 0.0, 1.0, 0.0, 0.0, 0.0, 0.0, 0.0, 1.0, 0.0, 0.0, 0.0, 22.0, 3.0, 1
2030, 1.0, -0.133, 0.127, 0.0, 1.0, 0.0, 0.0, 0.0, 0.0, 0.0, 1.0, 0.0, 0.0, 0.0, 22.0, 3.0, 1
2030, 1.0, -0.133, 0.127, 0.0, 1.0, 0.0, 0.0, 0.0, 0.0, 0.0, 1.0, 0.0, 0.0, 0.0, 22.0, 3.0, 1
2122, 7.0, -0.122, 0.0080, 0.0, 1.0, 0.0, 0.0, 1.0, 0.0, 0.0, 0.0, 0.0, 0.0, 0.0, 22.0, 27.0, 1
2122, 7.0, -0.092, 0.0080, 0.0, 1.0, 0.0, 0.0, 1.0, 0.0, 0.0, 0.0, 0.0, 0.0, 0.0, 27.0, 27.0, 1
2122, 7.0, -0.092, 0.0080, 0.0, 1.0, 0.0, 0.0, 1.0, 0.0, 0.0, 0.0, 0.0, 0.0, 0.0, 27.0, 28.0, 1
2122, 7.0, -0.122, 0.0080, 0.0, 1.0, 0.0, 0.0, 1.0, 0.0, 0.0, 0.0, 0.0, 0.0, 0.0, 22.0, 28.0, 1
2122, 1.0, -0.122, 0.138, 0.0, 1.0, 0.0, 0.0, 0.0, 0.0, 0.0, 1.0, 0.0, 0.0, 0.0, 22.0, 3.0, 1
2122, 1.0, -0.122, 0.138, 0.0, 1.0, 0.0, 0.0, 0.0, 0.0, 0.0, 1.0, 0.0, 0.0, 0.0, 22.0, 3.0, 1
2122, 1.0, -0.122, 0.138, 0.0, 1.0, 0.0, 0.0, 0.0, 0.0, 0.0, 1.0, 0.0, 0.0, 0.0, 22.0, 3.0, 1
2122, 7.0, -0.122, 0.0080, 0.0, 1.0, 0.0, 0.0, 1.0, 0.0, 0.0, 0.0, 0.0, 0.0, 0.0, 22.0, 27.0, 1
2122, 7.0, -0.122, 0.258, 0.0, 1.0, 0.0, 0.0, 1.0, 0.0, 0.0, 0.0, 0.0, 0.0, 0.0, 22.0, 22.0, 1
2122, 7.0, -0.122, 0.258, 0.0, 1.0, 0.0, 0.0, 1.0, 0.0, 0.0, 0.0, 0.0, 0.0, 0.0, 22.0, 22.0, 1
2122, 7.0, -0.122, 0.0080, 0.0, 1.0, 0.0, 0.0, 1.0, 0.0, 0.0, 0.0, 0.0, 0.0, 0.0, 22.0, 29.0, 1
2122, 7.0, -0.092, 0.0080, 0.0, 1.0, 0.0, 0.0, 1.0, 0.0, 0.0, 0.0, 0.0, 0.0, 0.0, 27.0, 29.0, 1
2122, 1.0, -0.122, 0.138, 0.0, 1.0, 0.0, 0.0, 0.0, 0.0, 0.0, 1.0, 0.0, 0.0, 0.0, 22.0, 3.0, 1
2122, 7.0, -0.122, 0.0080, 0.0, 1.0, 0.0, 0.0, 1.0, 0.0, 0.0, 0.0, 0.0, 0.0, 0.0, 22.0, 28.0, 1
2122, 7.0, -0.122, 0.0080, 0.0, 1.0, 0.0, 0.0, 1.0, 0.0, 0.0, 0.0, 0.0, 0.0, 0.0, 22.0, 28.0, 1
2122, 1.0, -0.122, 0.138, 0.0, 1.0, 0.0, 0.0, 0.0, 0.0, 0.0, 1.0, 0.0, 0.0, 0.0, 22.0, 3.0, 1
2122, 1.0, -0.122, 0.138, 0.0, 1.0, 0.0, 0.0, 0.0, 0.0, 0.0, 1.0, 0.0, 0.0, 0.0, 22.0, 3.0, 1
2122, 1.0, -0.122, 0.138, 0.0, 1.0, 0.0, 0.0, 0.0, 0.0, 0.0, 1.0, 0.0, 0.0, 0.0, 22.0, 3.0, 1
2122, 1.0, 0.258, -0.643, 0.0, 1.0, 0.0, 0.0, 0.0, 0.0, 0.0, 0.0, 0.0, 0.0, 1.0, 22.0, 45.0, 1
2122, 1.0, -0.122, 0.807, 0.0, 1.0, 0.0, 0.0, 0.0, 0.0, 0.0, 0.0, 0.0, 1.0, 0.0, 22.0, 38.0, 1
2122, 2.0, 0.807, -0.392, 0.0, 0.0, 0.0, 1.0, 0.0, 0.0, 0.0, 0.0, 0.0, 0.0, 1.0, 38.0, 40.0, 1
2122, 2.0, 0.807, -0.392, 0.0, 0.0, 0.0, 1.0, 0.0, 0.0, 0.0, 0.0, 0.0, 0.0, 1.0, 38.0, 40.0, 1
2122, 1.0, -0.122, 0.138, 0.0, 1.0, 0.0, 0.0, 0.0, 0.0, 0.0, 1.0, 0.0, 0.0, 0.0, 22.0, 3.0, 1
2122, 1.0, 0.408, -0.643, 0.0, 0.0, 1.0, 0.0, 0.0, 0.0, 0.0, 0.0, 0.0, 0.0, 1.0, 8.0, 45.0, 1
2122, 1.0, 0.0080, 0.0080, 0.0, 1.0, 0.0, 0.0, 1.0, 0.0, 0.0, 0.0, 0.0, 0.0, 0.0, 28.0, 29.0, 1
2874, 7.0, -0.116, 0.014, 0.0, 1.0, 0.0, 0.0, 1.0, 0.0, 0.0, 0.0, 0.0, 0.0, 0.0, 22.0, 29.0, 1
2874, 7.0, -0.116, 0.014, 0.0, 1.0, 0.0, 0.0, 1.0, 0.0, 0.0, 0.0, 0.0, 0.0, 0.0, 22.0, 29.0, 1
2874, 1.0, -0.116, 0.144, 0.0, 1.0, 0.0, 0.0, 0.0, 0.0, 0.0, 1.0, 0.0, 0.0, 0.0, 22.0, 3.0, 1
2874, 1.0, -0.116, 0.144, 0.0, 1.0, 0.0, 0.0, 0.0, 0.0, 0.0, 1.0, 0.0, 0.0, 0.0, 22.0, 3.0, 1
2874, 1.0, -0.116, 0.144, 0.0, 1.0, 0.0, 0.0, 0.0, 0.0, 0.0, 1.0, 0.0, 0.0, 0.0, 22.0, 3.0, 1
2874, 1.0, -0.116, 0.144, 0.0, 1.0, 0.0, 0.0, 0.0, 0.0, 0.0, 1.0, 0.0, 0.0, 0.0, 22.0, 3.0, 1
2874, 7.0, -0.116, 0.014, 0.0, 1.0, 0.0, 0.0, 1.0, 0.0, 0.0, 0.0, 0.0, 0.0, 0.0, 22.0, 29.0, 1
2874, 7.0, -0.116, 0.014, 0.0, 1.0, 0.0, 0.0, 1.0, 0.0, 0.0, 0.0, 0.0, 0.0, 0.0, 22.0, 29.0, 1
2874, 1.0, -0.116, 0.144, 0.0, 1.0, 0.0, 0.0, 0.0, 0.0, 0.0, 1.0, 0.0, 0.0, 0.0, 22.0, 3.0, 1
2874, 1.0, -0.116, 0.144, 0.0, 1.0, 0.0, 0.0, 0.0, 0.0, 0.0, 1.0, 0.0, 0.0, 0.0, 22.0, 3.0, 1
2874, 1.0, -0.116, 0.144, 0.0, 1.0, 0.0, 0.0, 0.0, 0.0, 0.0, 1.0, 0.0, 0.0, 0.0, 22.0, 3.0, 1
2874, 1.0, -0.116, 0.813, 0.0, 1.0, 0.0, 0.0, 0.0, 0.0, 0.0, 0.0, 0.0, 1.0, 0.0, 22.0, 38.0, 1
2874, 1.0, -0.116, 0.813, 0.0, 1.0, 0.0, 0.0, 0.0, 0.0, 0.0, 0.0, 0.0, 1.0, 0.0, 22.0, 38.0, 1
2874, 1.0, -0.116, 0.814, 0.0, 1.0, 0.0, 0.0, 0.0, 0.0, 0.0, 0.0, 0.0, 1.0, 0.0, 22.0, 38.0, 1
2874, 2.0, 0.813, -0.386, 0.0, 0.0, 0.0, 1.0, 0.0, 0.0, 0.0, 0.0, 0.0, 0.0, 1.0, 38.0, 40.0, 1
2874, 2.0, 0.813, -0.386, 0.0, 0.0, 0.0, 1.0, 0.0, 0.0, 0.0, 0.0, 0.0, 0.0, 1.0, 38.0, 40.0, 1
2874, 2.0, 0.813, -0.386, 0.0, 0.0, 0.0, 1.0, 0.0, 0.0, 0.0, 0.0, 0.0, 0.0, 1.0, 38.0, 40.0, 1
2874, 2.0, 0.813, -0.386, 0.0, 0.0, 0.0, 1.0, 0.0, 0.0, 0.0, 0.0, 0.0, 0.0, 1.0, 38.0, 40.0, 1
2874, 2.0, 0.814, -0.386, 0.0, 0.0, 0.0, 1.0, 0.0, 0.0, 0.0, 0.0, 0.0, 0.0, 1.0, 38.0, 40.0, 1
2874, 2.0, 0.814, -0.386, 0.0, 0.0, 0.0, 1.0, 0.0, 0.0, 0.0, 0.0, 0.0, 0.0, 1.0, 38.0, 40.0, 1
1855, 7.0, -0.111, 0.019, 0.0, 1.0, 0.0, 0.0, 1.0, 0.0, 0.0, 0.0, 0.0, 0.0, 0.0, 22.0, 27.0, 1
1855, 7.0, -0.081, 0.019, 0.0, 1.0, 0.0, 0.0, 1.0, 0.0, 0.0, 0.0, 0.0, 0.0, 0.0, 27.0, 27.0, 1
1855, 7.0, -0.081, 0.019, 0.0, 1.0, 0.0, 0.0, 1.0, 0.0, 0.0, 0.0, 0.0, 0.0, 0.0, 27.0, 27.0, 1
1855, 7.0, -0.111, 0.019, 0.0, 1.0, 0.0, 0.0, 1.0, 0.0, 0.0, 0.0, 0.0, 0.0, 0.0, 22.0, 27.0, 1
1855, 1.0, -0.111, 0.149, 0.0, 1.0, 0.0, 0.0, 0.0, 0.0, 0.0, 1.0, 0.0, 0.0, 0.0, 22.0, 3.0, 1
1855, 1.0, -0.111, 0.15, 0.0, 1.0, 0.0, 0.0, 0.0, 0.0, 0.0, 1.0, 0.0, 0.0, 0.0, 22.0, 3.0, 1
1855, 7.0, -0.081, 0.019, 0.0, 1.0, 0.0, 0.0, 1.0, 0.0, 0.0, 0.0, 0.0, 0.0, 0.0, 27.0, 27.0, 1
1855, 7.0, -0.111, 0.019, 0.0, 1.0, 0.0, 0.0, 1.0, 0.0, 0.0, 0.0, 0.0, 0.0, 0.0, 22.0, 27.0, 1
1855, 7.0, -0.111, 0.019, 0.0, 1.0, 0.0, 0.0, 1.0, 0.0, 0.0, 0.0, 0.0, 0.0, 0.0, 22.0, 27.0, 1
1855, 1.0, -0.111, 0.15, 0.0, 1.0, 0.0, 0.0, 0.0, 0.0, 0.0, 1.0, 0.0, 0.0, 0.0, 22.0, 3.0, 1
1855, 1.0, -0.111, 0.15, 0.0, 1.0, 0.0, 0.0, 0.0, 0.0, 0.0, 1.0, 0.0, 0.0, 0.0, 22.0, 3.0, 1
1855, 7.0, -0.111, 0.019, 0.0, 1.0, 0.0, 0.0, 1.0, 0.0, 0.0, 0.0, 0.0, 0.0, 0.0, 22.0, 27.0, 1
1855, 7.0, -0.111, 0.019, 0.0, 1.0, 0.0, 0.0, 1.0, 0.0, 0.0, 0.0, 0.0, 0.0, 0.0, 22.0, 27.0, 1
1855, 7.0, -0.081, 0.019, 0.0, 1.0, 0.0, 0.0, 1.0, 0.0, 0.0, 0.0, 0.0, 0.0, 0.0, 27.0, 27.0, 1
1855, 1.0, -0.111, 0.149, 0.0, 1.0, 0.0, 0.0, 0.0, 0.0, 0.0, 1.0, 0.0, 0.0, 0.0, 22.0, 3.0, 1
1855, 1.0, -0.111, 0.149, 0.0, 1.0, 0.0, 0.0, 0.0, 0.0, 0.0, 1.0, 0.0, 0.0, 0.0, 22.0, 3.0, 1
1855, 7.0, -0.111, 0.019, 0.0, 1.0, 0.0, 0.0, 1.0, 0.0, 0.0, 0.0, 0.0, 0.0, 0.0, 22.0, 27.0, 1
1855, 7.0, -0.111, 0.019, 0.0, 1.0, 0.0, 0.0, 1.0, 0.0, 0.0, 0.0, 0.0, 0.0, 0.0, 22.0, 27.0, 1
1855, 1.0, -0.111, 0.149, 0.0, 1.0, 0.0, 0.0, 0.0, 0.0, 0.0, 1.0, 0.0, 0.0, 0.0, 22.0, 3.0, 1
1855, 1.0, -0.111, 0.15, 0.0, 1.0, 0.0, 0.0, 0.0, 0.0, 0.0, 1.0, 0.0, 0.0, 0.0, 22.0, 3.0, 1
1855, 2.0, 0.82, -0.38, 0.0, 0.0, 0.0, 1.0, 0.0, 0.0, 0.0, 0.0, 0.0, 0.0, 1.0, 38.0, 40.0, 1
1855, 1.0, -0.111, 0.82, 0.0, 1.0, 0.0, 0.0, 0.0, 0.0, 0.0, 0.0, 0.0, 1.0, 0.0, 22.0, 38.0, 1
1855, 1.0, -0.111, -0.76, 0.0, 1.0, 0.0, 0.0, 0.0, 0.0, 0.0, 0.0, 0.0, 1.0, 0.0, 22.0, 32.0, 1
1855, 2.0, 0.82, -0.38, 0.0, 0.0, 0.0, 1.0, 0.0, 0.0, 0.0, 0.0, 0.0, 0.0, 1.0, 38.0, 40.0, 1
1855, 1.0, 0.35, -0.76, 0.0, 0.0, 1.0, 0.0, 0.0, 0.0, 0.0, 0.0, 0.0, 1.0, 0.0, 1.0, 32.0, 1
1855, 1.0, 0.35, -0.76, 0.0, 0.0, 1.0, 0.0, 0.0, 0.0, 0.0, 0.0, 0.0, 1.0, 0.0, 1.0, 32.0, 1
1951, 7.0, -0.109, 0.021, 0.0, 1.0, 0.0, 0.0, 1.0, 0.0, 0.0, 0.0, 0.0, 0.0, 0.0, 22.0, 27.0, 1
1951, 7.0, 0.021, -0.079, 0.0, 1.0, 0.0, 0.0, 1.0, 0.0, 0.0, 0.0, 0.0, 0.0, 0.0, 27.0, 195.0, 1
1951, 7.0, -0.109, -0.079, 0.0, 1.0, 0.0, 0.0, 1.0, 0.0, 0.0, 0.0, 0.0, 0.0, 0.0, 22.0, 195.0, 1
1951, 1.0, -0.109, 0.152, 0.0, 1.0, 0.0, 0.0, 0.0, 0.0, 0.0, 1.0, 0.0, 0.0, 0.0, 22.0, 3.0, 1
1951, 1.0, -0.109, 0.152, 0.0, 1.0, 0.0, 0.0, 0.0, 0.0, 0.0, 1.0, 0.0, 0.0, 0.0, 22.0, 3.0, 1
1951, 1.0, -0.109, 0.152, 0.0, 1.0, 0.0, 0.0, 0.0, 0.0, 0.0, 1.0, 0.0, 0.0, 0.0, 22.0, 3.0, 1
1951, 7.0, -0.108, 0.021, 0.0, 1.0, 0.0, 0.0, 1.0, 0.0, 0.0, 0.0, 0.0, 0.0, 0.0, 22.0, 27.0, 1
1951, 7.0, -0.109, -0.108, 0.0, 1.0, 0.0, 0.0, 1.0, 0.0, 0.0, 0.0, 0.0, 0.0, 0.0, 22.0, 22.0, 1
1951, 7.0, -0.109, 0.021, 0.0, 1.0, 0.0, 0.0, 1.0, 0.0, 0.0, 0.0, 0.0, 0.0, 0.0, 22.0, 27.0, 1
1951, 7.0, 0.021, -0.079, 0.0, 1.0, 0.0, 0.0, 1.0, 0.0, 0.0, 0.0, 0.0, 0.0, 0.0, 27.0, 195.0, 1
1951, 1.0, -0.108, 0.152, 0.0, 1.0, 0.0, 0.0, 0.0, 0.0, 0.0, 1.0, 0.0, 0.0, 0.0, 22.0, 3.0, 1
1951, 1.0, -0.109, 0.152, 0.0, 1.0, 0.0, 0.0, 0.0, 0.0, 0.0, 1.0, 0.0, 0.0, 0.0, 22.0, 3.0, 1
1951, 7.0, -0.079, -0.079, 0.0, 1.0, 0.0, 0.0, 1.0, 0.0, 0.0, 0.0, 0.0, 0.0, 0.0, 27.0, 195.0, 1
1951, 7.0, -0.079, -0.079, 0.0, 1.0, 0.0, 0.0, 1.0, 0.0, 0.0, 0.0, 0.0, 0.0, 0.0, 27.0, 195.0, 1
1951, 7.0, -0.109, 0.021, 0.0, 1.0, 0.0, 0.0, 1.0, 0.0, 0.0, 0.0, 0.0, 0.0, 0.0, 22.0, 27.0, 1
1951, 7.0, -0.109, -0.108, 0.0, 1.0, 0.0, 0.0, 1.0, 0.0, 0.0, 0.0, 0.0, 0.0, 0.0, 22.0, 22.0, 1
1951, 7.0, -0.109, -0.079, 0.0, 1.0, 0.0, 0.0, 1.0, 0.0, 0.0, 0.0, 0.0, 0.0, 0.0, 22.0, 195.0, 1
1951, 7.0, -0.109, -0.108, 0.0, 1.0, 0.0, 0.0, 1.0, 0.0, 0.0, 0.0, 0.0, 0.0, 0.0, 22.0, 22.0, 1
1951, 1.0, -0.109, 0.152, 0.0, 1.0, 0.0, 0.0, 0.0, 0.0, 0.0, 1.0, 0.0, 0.0, 0.0, 22.0, 3.0, 1
1951, 1.0, -0.108, 0.152, 0.0, 1.0, 0.0, 0.0, 0.0, 0.0, 0.0, 1.0, 0.0, 0.0, 0.0, 22.0, 3.0, 1
1951, 7.0, -0.109, -0.079, 0.0, 1.0, 0.0, 0.0, 1.0, 0.0, 0.0, 0.0, 0.0, 0.0, 0.0, 22.0, 27.0, 1
1951, 7.0, -0.109, -0.079, 0.0, 1.0, 0.0, 0.0, 1.0, 0.0, 0.0, 0.0, 0.0, 0.0, 0.0, 22.0, 27.0, 1
1951, 1.0, -0.109, 0.152, 0.0, 1.0, 0.0, 0.0, 0.0, 0.0, 0.0, 1.0, 0.0, 0.0, 0.0, 22.0, 3.0, 1
1951, 1.0, -0.109, 0.152, 0.0, 1.0, 0.0, 0.0, 0.0, 0.0, 0.0, 1.0, 0.0, 0.0, 0.0, 22.0, 3.0, 1
1951, 1.0, -0.109, 0.152, 0.0, 1.0, 0.0, 0.0, 0.0, 0.0, 0.0, 1.0, 0.0, 0.0, 0.0, 22.0, 3.0, 1
1951, 1.0, -0.109, 0.152, 0.0, 1.0, 0.0, 0.0, 0.0, 0.0, 0.0, 1.0, 0.0, 0.0, 0.0, 22.0, 3.0, 1
1951, 2.0, 0.822, -0.378, 0.0, 0.0, 0.0, 1.0, 0.0, 0.0, 0.0, 0.0, 0.0, 0.0, 1.0, 38.0, 40.0, 1
1951, 1.0, -0.109, 0.822, 0.0, 1.0, 0.0, 0.0, 0.0, 0.0, 0.0, 0.0, 0.0, 1.0, 0.0, 22.0, 38.0, 1
1951, 2.0, 0.822, -0.378, 0.0, 0.0, 0.0, 1.0, 0.0, 0.0, 0.0, 0.0, 0.0, 0.0, 1.0, 38.0, 40.0, 1
902, 7.0, -0.128, 0.102, 0.0, 1.0, 0.0, 0.0, 1.0, 0.0, 0.0, 0.0, 0.0, 0.0, 0.0, 22.0, 22.0, 1
902, 7.0, 0.102, 0.0020, 0.0, 1.0, 0.0, 0.0, 1.0, 0.0, 0.0, 0.0, 0.0, 0.0, 0.0, 22.0, 29.0, 1
902, 7.0, -0.128, 0.0020, 0.0, 1.0, 0.0, 0.0, 1.0, 0.0, 0.0, 0.0, 0.0, 0.0, 0.0, 22.0, 29.0, 1
902, 1.0, -0.128, 0.132, 0.0, 1.0, 0.0, 0.0, 0.0, 0.0, 0.0, 1.0, 0.0, 0.0, 0.0, 22.0, 3.0, 1
902, 1.0, -0.128, 0.132, 0.0, 1.0, 0.0, 0.0, 0.0, 0.0, 0.0, 1.0, 0.0, 0.0, 0.0, 22.0, 3.0, 1
902, 1.0, -0.128, 0.132, 0.0, 1.0, 0.0, 0.0, 0.0, 0.0, 0.0, 1.0, 0.0, 0.0, 0.0, 22.0, 3.0, 1
902, 7.0, -0.128, 0.102, 0.0, 1.0, 0.0, 0.0, 1.0, 0.0, 0.0, 0.0, 0.0, 0.0, 0.0, 22.0, 22.0, 1
902, 7.0, -0.128, 0.0020, 0.0, 1.0, 0.0, 0.0, 1.0, 0.0, 0.0, 0.0, 0.0, 0.0, 0.0, 22.0, 29.0, 1
902, 7.0, 0.102, 0.0020, 0.0, 1.0, 0.0, 0.0, 1.0, 0.0, 0.0, 0.0, 0.0, 0.0, 0.0, 22.0, 29.0, 1
902, 1.0, -0.128, 0.132, 0.0, 1.0, 0.0, 0.0, 0.0, 0.0, 0.0, 1.0, 0.0, 0.0, 0.0, 22.0, 3.0, 1
902, 1.0, -0.128, 0.132, 0.0, 1.0, 0.0, 0.0, 0.0, 0.0, 0.0, 1.0, 0.0, 0.0, 0.0, 22.0, 3.0, 1
902, 1.0, -0.128, 0.132, 0.0, 1.0, 0.0, 0.0, 0.0, 0.0, 0.0, 1.0, 0.0, 0.0, 0.0, 22.0, 3.0, 1
902, 1.0, 0.553, 0.102, 0.0, 1.0, 0.0, 0.0, 1.0, 0.0, 0.0, 0.0, 0.0, 0.0, 0.0, 14.0, 22.0, 1
902, 1.0, 0.553, 0.102, 0.0, 1.0, 0.0, 0.0, 1.0, 0.0, 0.0, 0.0, 0.0, 0.0, 0.0, 14.0, 22.0, 1
902, 1.0, -0.128, 0.803, 0.0, 1.0, 0.0, 0.0, 0.0, 0.0, 0.0, 0.0, 0.0, 1.0, 0.0, 22.0, 38.0, 1
902, 1.0, -0.128, 0.803, 0.0, 1.0, 0.0, 0.0, 0.0, 0.0, 0.0, 0.0, 0.0, 1.0, 0.0, 22.0, 38.0, 1
902, 2.0, 0.803, -0.397, 0.0, 0.0, 0.0, 1.0, 0.0, 0.0, 0.0, 0.0, 0.0, 0.0, 1.0, 38.0, 40.0, 1
902, 2.0, 0.803, -0.397, 0.0, 0.0, 0.0, 1.0, 0.0, 0.0, 0.0, 0.0, 0.0, 0.0, 1.0, 38.0, 40.0, 1
902, 2.0, 0.803, -0.397, 0.0, 0.0, 0.0, 1.0, 0.0, 0.0, 0.0, 0.0, 0.0, 0.0, 1.0, 38.0, 40.0, 1
902, 2.0, 0.803, -0.397, 0.0, 0.0, 0.0, 1.0, 0.0, 0.0, 0.0, 0.0, 0.0, 0.0, 1.0, 38.0, 40.0, 1
902, 2.0, 0.553, -0.547, 0.0, 1.0, 0.0, 0.0, 0.0, 0.0, 0.0, 0.0, 0.0, 0.0, 1.0, 14.0, 40.0, 1
285, 7.0, -0.128, 0.0020, 0.0, 1.0, 0.0, 0.0, 1.0, 0.0, 0.0, 0.0, 0.0, 0.0, 0.0, 22.0, 29.0, 1
285, 7.0, -0.128, 0.0020, 0.0, 1.0, 0.0, 0.0, 1.0, 0.0, 0.0, 0.0, 0.0, 0.0, 0.0, 22.0, 29.0, 1
285, 1.0, -0.128, 0.132, 0.0, 1.0, 0.0, 0.0, 0.0, 0.0, 0.0, 1.0, 0.0, 0.0, 0.0, 22.0, 3.0, 1
285, 1.0, -0.128, 0.132, 0.0, 1.0, 0.0, 0.0, 0.0, 0.0, 0.0, 1.0, 0.0, 0.0, 0.0, 22.0, 3.0, 1
285, 1.0, -0.128, 0.132, 0.0, 1.0, 0.0, 0.0, 0.0, 0.0, 0.0, 1.0, 0.0, 0.0, 0.0, 22.0, 3.0, 1
285, 1.0, -0.128, 0.132, 0.0, 1.0, 0.0, 0.0, 0.0, 0.0, 0.0, 1.0, 0.0, 0.0, 0.0, 22.0, 3.0, 1
285, 7.0, -0.128, 0.0020, 0.0, 1.0, 0.0, 0.0, 1.0, 0.0, 0.0, 0.0, 0.0, 0.0, 0.0, 22.0, 29.0, 1
285, 7.0, -0.128, 0.202, 0.0, 1.0, 0.0, 0.0, 1.0, 0.0, 0.0, 0.0, 0.0, 0.0, 0.0, 22.0, 22.0, 1
285, 7.0, -0.128, 0.202, 0.0, 1.0, 0.0, 0.0, 1.0, 0.0, 0.0, 0.0, 0.0, 0.0, 0.0, 22.0, 22.0, 1
285, 7.0, -0.128, 0.0020, 0.0, 1.0, 0.0, 0.0, 1.0, 0.0, 0.0, 0.0, 0.0, 0.0, 0.0, 22.0, 29.0, 1
285, 1.0, -0.128, 0.132, 0.0, 1.0, 0.0, 0.0, 0.0, 0.0, 0.0, 1.0, 0.0, 0.0, 0.0, 22.0, 3.0, 1
285, 1.0, -0.128, 0.132, 0.0, 1.0, 0.0, 0.0, 0.0, 0.0, 0.0, 1.0, 0.0, 0.0, 0.0, 22.0, 3.0, 1
285, 1.0, -0.128, 0.132, 0.0, 1.0, 0.0, 0.0, 0.0, 0.0, 0.0, 1.0, 0.0, 0.0, 0.0, 22.0, 3.0, 1
285, 1.0, -0.128, 0.801, 0.0, 1.0, 0.0, 0.0, 0.0, 0.0, 0.0, 0.0, 0.0, 1.0, 0.0, 22.0, 38.0, 1
285, 2.0, 0.801, -0.398, 0.0, 0.0, 0.0, 1.0, 0.0, 0.0, 0.0, 0.0, 0.0, 0.0, 1.0, 38.0, 40.0, 1
285, 2.0, 0.801, -0.398, 0.0, 0.0, 0.0, 1.0, 0.0, 0.0, 0.0, 0.0, 0.0, 0.0, 1.0, 38.0, 40.0, 1
285, 1.0, 0.202, -0.779, 0.0, 1.0, 0.0, 0.0, 0.0, 0.0, 0.0, 0.0, 0.0, 1.0, 0.0, 22.0, 32.0, 1
285, 1.0, -0.128, 0.132, 0.0, 1.0, 0.0, 0.0, 0.0, 0.0, 0.0, 1.0, 0.0, 0.0, 0.0, 22.0, 3.0, 1
285, 1.0, 0.332, -0.779, 0.0, 0.0, 1.0, 0.0, 0.0, 0.0, 0.0, 0.0, 0.0, 1.0, 0.0, 1.0, 32.0, 1
285, 1.0, 0.332, -0.779, 0.0, 0.0, 1.0, 0.0, 0.0, 0.0, 0.0, 0.0, 0.0, 1.0, 0.0, 1.0, 32.0, 1
1863, 1.0, -0.091, 0.0090, 0.0, 1.0, 0.0, 0.0, 1.0, 0.0, 0.0, 0.0, 0.0, 0.0, 0.0, 10.0, 22.0, 1
1863, 1.0, -0.091, 0.0090, 0.0, 1.0, 0.0, 0.0, 1.0, 0.0, 0.0, 0.0, 0.0, 0.0, 0.0, 10.0, 22.0, 1
1863, 7.0, -0.122, 0.0090, 0.0, 1.0, 0.0, 0.0, 1.0, 0.0, 0.0, 0.0, 0.0, 0.0, 0.0, 22.0, 22.0, 1
1863, 7.0, -0.122, 0.0090, 0.0, 1.0, 0.0, 0.0, 1.0, 0.0, 0.0, 0.0, 0.0, 0.0, 0.0, 22.0, 27.0, 1
1863, 7.0, -0.091, 0.0090, 0.0, 1.0, 0.0, 0.0, 1.0, 0.0, 0.0, 0.0, 0.0, 0.0, 0.0, 27.0, 27.0, 1
1863, 7.0, -0.091, 0.0090, 0.0, 1.0, 0.0, 0.0, 1.0, 0.0, 0.0, 0.0, 0.0, 0.0, 0.0, 27.0, 27.0, 1
1863, 7.0, 0.0090, 0.0090, 0.0, 1.0, 0.0, 0.0, 1.0, 0.0, 0.0, 0.0, 0.0, 0.0, 0.0, 22.0, 27.0, 1
1863, 7.0, -0.121, 0.0090, 0.0, 1.0, 0.0, 0.0, 1.0, 0.0, 0.0, 0.0, 0.0, 0.0, 0.0, 22.0, 27.0, 1
1863, 7.0, -0.122, -0.121, 0.0, 1.0, 0.0, 0.0, 1.0, 0.0, 0.0, 0.0, 0.0, 0.0, 0.0, 22.0, 22.0, 1
1863, 7.0, -0.122, 0.0090, 0.0, 1.0, 0.0, 0.0, 1.0, 0.0, 0.0, 0.0, 0.0, 0.0, 0.0, 22.0, 27.0, 1
1863, 7.0, -0.091, 0.0090, 0.0, 1.0, 0.0, 0.0, 1.0, 0.0, 0.0, 0.0, 0.0, 0.0, 0.0, 27.0, 27.0, 1
1863, 7.0, -0.091, 0.0090, 0.0, 1.0, 0.0, 0.0, 1.0, 0.0, 0.0, 0.0, 0.0, 0.0, 0.0, 27.0, 27.0, 1
1863, 7.0, -0.121, 0.0090, 0.0, 1.0, 0.0, 0.0, 1.0, 0.0, 0.0, 0.0, 0.0, 0.0, 0.0, 22.0, 27.0, 1
1863, 7.0, -0.121, 0.0090, 0.0, 1.0, 0.0, 0.0, 1.0, 0.0, 0.0, 0.0, 0.0, 0.0, 0.0, 22.0, 27.0, 1
1863, 7.0, -0.121, 0.0090, 0.0, 1.0, 0.0, 0.0, 1.0, 0.0, 0.0, 0.0, 0.0, 0.0, 0.0, 22.0, 27.0, 1
1863, 7.0, -0.121, 0.0090, 0.0, 1.0, 0.0, 0.0, 1.0, 0.0, 0.0, 0.0, 0.0, 0.0, 0.0, 22.0, 27.0, 1
1863, 2.0, 0.808, -0.392, 0.0, 0.0, 0.0, 1.0, 0.0, 0.0, 0.0, 0.0, 0.0, 0.0, 1.0, 38.0, 40.0, 1
1863, 1.0, -0.121, 0.808, 0.0, 1.0, 0.0, 0.0, 0.0, 0.0, 0.0, 0.0, 0.0, 1.0, 0.0, 22.0, 38.0, 1
1863, 1.0, -0.122, 0.138, 0.0, 1.0, 0.0, 0.0, 0.0, 0.0, 0.0, 1.0, 0.0, 0.0, 0.0, 22.0, 3.0, 1
1863, 2.0, 0.808, -0.392, 0.0, 0.0, 0.0, 1.0, 0.0, 0.0, 0.0, 0.0, 0.0, 0.0, 1.0, 38.0, 40.0, 1
1863, 1.0, -0.122, 0.138, 0.0, 1.0, 0.0, 0.0, 0.0, 0.0, 0.0, 1.0, 0.0, 0.0, 0.0, 22.0, 3.0, 1
1863, 1.0, -0.121, 0.138, 0.0, 1.0, 0.0, 0.0, 0.0, 0.0, 0.0, 1.0, 0.0, 0.0, 0.0, 22.0, 3.0, 1
1863, 1.0, -0.121, 0.138, 0.0, 1.0, 0.0, 0.0, 0.0, 0.0, 0.0, 1.0, 0.0, 0.0, 0.0, 22.0, 3.0, 1
1863, 1.0, -0.121, 0.138, 0.0, 1.0, 0.0, 0.0, 0.0, 0.0, 0.0, 1.0, 0.0, 0.0, 0.0, 22.0, 3.0, 1
1863, 1.0, -0.121, 0.138, 0.0, 1.0, 0.0, 0.0, 0.0, 0.0, 0.0, 1.0, 0.0, 0.0, 0.0, 22.0, 3.0, 1
1863, 1.0, -0.121, 0.138, 0.0, 1.0, 0.0, 0.0, 0.0, 0.0, 0.0, 1.0, 0.0, 0.0, 0.0, 22.0, 3.0, 1
1863, 1.0, -0.091, 0.059, 0.0, 1.0, 0.0, 0.0, 0.0, 0.0, 0.0, 1.0, 0.0, 0.0, 0.0, 10.0, 3.0, 1
1863, 1.0, -0.091, 0.059, 0.0, 1.0, 0.0, 0.0, 0.0, 0.0, 0.0, 1.0, 0.0, 0.0, 0.0, 10.0, 3.0, 1
1863, 1.0, -0.091, 0.059, 0.0, 1.0, 0.0, 0.0, 0.0, 0.0, 0.0, 1.0, 0.0, 0.0, 0.0, 10.0, 3.0, 1
1863, 1.0, -0.091, 0.059, 0.0, 1.0, 0.0, 0.0, 0.0, 0.0, 0.0, 1.0, 0.0, 0.0, 0.0, 10.0, 3.0, 1
1863, 1.0, -0.091, 0.059, 0.0, 1.0, 0.0, 0.0, 0.0, 0.0, 0.0, 1.0, 0.0, 0.0, 0.0, 10.0, 3.0, 1
1863, 1.0, -0.091, 0.059, 0.0, 1.0, 0.0, 0.0, 0.0, 0.0, 0.0, 1.0, 0.0, 0.0, 0.0, 10.0, 3.0, 1
1863, 1.0, -0.091, 0.059, 0.0, 1.0, 0.0, 0.0, 0.0, 0.0, 0.0, 1.0, 0.0, 0.0, 0.0, 10.0, 3.0, 1
1863, 1.0, -0.091, 0.059, 0.0, 1.0, 0.0, 0.0, 0.0, 0.0, 0.0, 1.0, 0.0, 0.0, 0.0, 10.0, 3.0, 1
142, 7.0, -0.122, 0.0080, 0.0, 1.0, 0.0, 0.0, 1.0, 0.0, 0.0, 0.0, 0.0, 0.0, 0.0, 22.0, 27.0, 1
142, 7.0, -0.092, 0.0080, 0.0, 1.0, 0.0, 0.0, 1.0, 0.0, 0.0, 0.0, 0.0, 0.0, 0.0, 27.0, 27.0, 1
142, 7.0, -0.092, 0.0080, 0.0, 1.0, 0.0, 0.0, 1.0, 0.0, 0.0, 0.0, 0.0, 0.0, 0.0, 27.0, 28.0, 1
142, 7.0, -0.122, 0.0080, 0.0, 1.0, 0.0, 0.0, 1.0, 0.0, 0.0, 0.0, 0.0, 0.0, 0.0, 22.0, 28.0, 1
142, 1.0, -0.122, 0.139, 0.0, 1.0, 0.0, 0.0, 0.0, 0.0, 0.0, 1.0, 0.0, 0.0, 0.0, 22.0, 3.0, 1
142, 1.0, -0.122, 0.138, 0.0, 1.0, 0.0, 0.0, 0.0, 0.0, 0.0, 1.0, 0.0, 0.0, 0.0, 22.0, 3.0, 1
142, 1.0, -0.122, 0.138, 0.0, 1.0, 0.0, 0.0, 0.0, 0.0, 0.0, 1.0, 0.0, 0.0, 0.0, 22.0, 3.0, 1
142, 7.0, -0.122, 0.0080, 0.0, 1.0, 0.0, 0.0, 1.0, 0.0, 0.0, 0.0, 0.0, 0.0, 0.0, 22.0, 27.0, 1
142, 7.0, -0.122, 0.0080, 0.0, 1.0, 0.0, 0.0, 1.0, 0.0, 0.0, 0.0, 0.0, 0.0, 0.0, 22.0, 29.0, 1
142, 7.0, -0.092, 0.0080, 0.0, 1.0, 0.0, 0.0, 1.0, 0.0, 0.0, 0.0, 0.0, 0.0, 0.0, 27.0, 29.0, 1
142, 1.0, -0.122, 0.139, 0.0, 1.0, 0.0, 0.0, 0.0, 0.0, 0.0, 1.0, 0.0, 0.0, 0.0, 22.0, 3.0, 1
142, 1.0, -0.122, 0.138, 0.0, 1.0, 0.0, 0.0, 0.0, 0.0, 0.0, 1.0, 0.0, 0.0, 0.0, 22.0, 3.0, 1
142, 7.0, -0.122, 0.0080, 0.0, 1.0, 0.0, 0.0, 1.0, 0.0, 0.0, 0.0, 0.0, 0.0, 0.0, 22.0, 28.0, 1
142, 7.0, -0.122, 0.0080, 0.0, 1.0, 0.0, 0.0, 1.0, 0.0, 0.0, 0.0, 0.0, 0.0, 0.0, 22.0, 28.0, 1
142, 1.0, -0.122, 0.139, 0.0, 1.0, 0.0, 0.0, 0.0, 0.0, 0.0, 1.0, 0.0, 0.0, 0.0, 22.0, 3.0, 1
142, 1.0, -0.122, 0.138, 0.0, 1.0, 0.0, 0.0, 0.0, 0.0, 0.0, 1.0, 0.0, 0.0, 0.0, 22.0, 3.0, 1
142, 1.0, -0.122, 0.809, 0.0, 1.0, 0.0, 0.0, 0.0, 0.0, 0.0, 0.0, 0.0, 1.0, 0.0, 22.0, 38.0, 1
142, 1.0, -0.122, 0.138, 0.0, 1.0, 0.0, 0.0, 0.0, 0.0, 0.0, 1.0, 0.0, 0.0, 0.0, 22.0, 3.0, 1
142, 2.0, 0.809, -0.391, 0.0, 0.0, 0.0, 1.0, 0.0, 0.0, 0.0, 0.0, 0.0, 0.0, 1.0, 38.0, 40.0, 1
142, 2.0, 0.809, -0.391, 0.0, 0.0, 0.0, 1.0, 0.0, 0.0, 0.0, 0.0, 0.0, 0.0, 1.0, 38.0, 40.0, 1
142, 1.0, 0.0080, 0.0080, 0.0, 1.0, 0.0, 0.0, 1.0, 0.0, 0.0, 0.0, 0.0, 0.0, 0.0, 28.0, 29.0, 1
142, 1.0, -0.122, 0.138, 0.0, 1.0, 0.0, 0.0, 0.0, 0.0, 0.0, 1.0, 0.0, 0.0, 0.0, 22.0, 3.0, 1
586, 7.0, -0.119, 0.111, 0.0, 1.0, 0.0, 0.0, 1.0, 0.0, 0.0, 0.0, 0.0, 0.0, 0.0, 22.0, 22.0, 1
586, 7.0, 0.111, 0.011, 0.0, 1.0, 0.0, 0.0, 1.0, 0.0, 0.0, 0.0, 0.0, 0.0, 0.0, 22.0, 29.0, 1
586, 7.0, -0.119, 0.011, 0.0, 1.0, 0.0, 0.0, 1.0, 0.0, 0.0, 0.0, 0.0, 0.0, 0.0, 22.0, 29.0, 1
586, 1.0, -0.119, 0.141, 0.0, 1.0, 0.0, 0.0, 0.0, 0.0, 0.0, 1.0, 0.0, 0.0, 0.0, 22.0, 3.0, 1
586, 1.0, -0.119, 0.141, 0.0, 1.0, 0.0, 0.0, 0.0, 0.0, 0.0, 1.0, 0.0, 0.0, 0.0, 22.0, 3.0, 1
586, 7.0, -0.119, 0.111, 0.0, 1.0, 0.0, 0.0, 1.0, 0.0, 0.0, 0.0, 0.0, 0.0, 0.0, 22.0, 22.0, 1
586, 7.0, -0.119, 0.011, 0.0, 1.0, 0.0, 0.0, 1.0, 0.0, 0.0, 0.0, 0.0, 0.0, 0.0, 22.0, 29.0, 1
586, 7.0, 0.111, 0.011, 0.0, 1.0, 0.0, 0.0, 1.0, 0.0, 0.0, 0.0, 0.0, 0.0, 0.0, 22.0, 29.0, 1
586, 1.0, -0.119, 0.141, 0.0, 1.0, 0.0, 0.0, 0.0, 0.0, 0.0, 1.0, 0.0, 0.0, 0.0, 22.0, 3.0, 1
586, 1.0, -0.119, 0.141, 0.0, 1.0, 0.0, 0.0, 0.0, 0.0, 0.0, 1.0, 0.0, 0.0, 0.0, 22.0, 3.0, 1
586, 1.0, 0.56, 0.111, 0.0, 1.0, 0.0, 0.0, 1.0, 0.0, 0.0, 0.0, 0.0, 0.0, 0.0, 14.0, 22.0, 1
586, 1.0, 0.56, 0.111, 0.0, 1.0, 0.0, 0.0, 1.0, 0.0, 0.0, 0.0, 0.0, 0.0, 0.0, 14.0, 22.0, 1
586, 2.0, 0.56, -0.54, 0.0, 1.0, 0.0, 0.0, 0.0, 0.0, 0.0, 0.0, 0.0, 0.0, 1.0, 14.0, 40.0, 1
586, 1.0, -0.119, 0.81, 0.0, 1.0, 0.0, 0.0, 0.0, 0.0, 0.0, 0.0, 0.0, 1.0, 0.0, 22.0, 38.0, 1
586, 1.0, -0.119, 0.81, 0.0, 1.0, 0.0, 0.0, 0.0, 0.0, 0.0, 0.0, 0.0, 1.0, 0.0, 22.0, 38.0, 1
586, 1.0, -0.119, 0.81, 0.0, 1.0, 0.0, 0.0, 0.0, 0.0, 0.0, 0.0, 0.0, 1.0, 0.0, 22.0, 38.0, 1
586, 2.0, 0.81, -0.39, 0.0, 0.0, 0.0, 1.0, 0.0, 0.0, 0.0, 0.0, 0.0, 0.0, 1.0, 38.0, 40.0, 1
586, 1.0, -0.119, 0.81, 0.0, 1.0, 0.0, 0.0, 0.0, 0.0, 0.0, 0.0, 0.0, 1.0, 0.0, 22.0, 38.0, 1
586, 2.0, 0.81, -0.389, 0.0, 0.0, 0.0, 1.0, 0.0, 0.0, 0.0, 0.0, 0.0, 0.0, 1.0, 38.0, 40.0, 1
586, 2.0, 0.81, -0.389, 0.0, 0.0, 0.0, 1.0, 0.0, 0.0, 0.0, 0.0, 0.0, 0.0, 1.0, 38.0, 40.0, 1
586, 2.0, 0.81, -0.389, 0.0, 0.0, 0.0, 1.0, 0.0, 0.0, 0.0, 0.0, 0.0, 0.0, 1.0, 38.0, 40.0, 1
586, 2.0, 0.81, -0.389, 0.0, 0.0, 0.0, 1.0, 0.0, 0.0, 0.0, 0.0, 0.0, 0.0, 1.0, 38.0, 40.0, 1
586, 2.0, 0.81, -0.39, 0.0, 0.0, 0.0, 1.0, 0.0, 0.0, 0.0, 0.0, 0.0, 0.0, 1.0, 38.0, 40.0, 1
586, 2.0, 0.81, -0.39, 0.0, 0.0, 0.0, 1.0, 0.0, 0.0, 0.0, 0.0, 0.0, 0.0, 1.0, 38.0, 40.0, 1
586, 2.0, 0.81, -0.39, 0.0, 0.0, 0.0, 1.0, 0.0, 0.0, 0.0, 0.0, 0.0, 0.0, 1.0, 38.0, 40.0, 1
